source_id,uid,obsid,clname,ra,dec,col,mag,dcn,vbroad,vbroad_error,w_vbroad,teff,teff_err,logg,logg_err,feh,feh_err,log_rhk,log_rhk_err,vbok,in_toff
231129477446178944,,,Melotte20,57.35702870110259,41.579046027617714,2.9298697,15.329648,0.1102367967964548,,,,,,,,,,,,False,False
231272517037288192,,,Melotte20,58.05040195867838,42.39184174906802,2.6261225,14.489434,0.1269371029352688,,,,,,,,,,,,False,False
231614499513678464,,,Melotte20,59.86412873346849,43.55839759083658,1.2840672,11.797593,0.0946700770920686,,,,,,,,,,,,False,False
231889927176318720,,,Melotte20,59.31512660276849,44.309205673626096,2.06281,13.410816,0.1313862880022565,,,,,,,,,,,,False,False
236674383305271680,,,Melotte20,53.6114547450853,40.25898870400374,2.224821,13.636829,0.13804262864112,,,,,,,,,,,,False,False
236932356220839424,,,Melotte20,53.15131414147894,40.73668490684544,1.7979441,12.897427,0.1280137114290902,,,,,,,,,,,,False,False
236985197197941632,,,Melotte20,53.29849236911216,41.30366994786387,1.0738297,11.499634,0.0221166899173774,29.074997,19.28547,0.6633008423010327,,,,,,,,,True,False
237515475339561984,,,Melotte20,54.50088147856123,42.58273454632163,-0.064623356,6.4132113,0.0158791846643163,351.79007,12.42009,0.03530540245209309,,,,,,,,,True,False
237748606165358336,,,Melotte20,53.044855185453336,41.707036442275616,3.1796427,15.599387,0.1161038899313128,,,,,,,,,,,,False,False
238099934489229184,,,Melotte20,52.255049157745056,42.892654768246416,1.9883013,13.304152,0.1276919188022658,,,,,,,,,,,,False,False
239636192749012096,,,Melotte20,48.24815478850692,42.06638851094606,2.9979029,15.418967,0.1113129581092546,,,,,,,,,,,,False,False
239990853969104384,,,Melotte20,47.12883158654231,41.6880172607651,2.1059427,13.913388,0.1015517897981846,,,,,,,,,,,,False,False
240247589934507904,,,Melotte20,46.419223899838165,42.18741894399222,2.5646524,14.328891,0.1305340403549373,,,,,,,,,,,,False,False
240318435419328000,,,Melotte20,46.22764608309539,42.46554589115968,3.0567265,15.289915,0.1213672732948481,,,,,,,,,,,,False,False
241261442734901760,,,Melotte20,50.50585017104907,43.121822104531255,3.1249456,15.584744,0.1130808684198372,,,,,,,,,,,,False,False
241295458875737984,,,Melotte20,49.72572502289933,43.13432812923635,1.2559261,11.522527,0.1251145912534144,,,,,,,,,,,,False,False
241630363247656448,,,Melotte20,52.24601251102224,44.52763758104855,1.1671448,10.849516,0.2247430971387181,,,,,,,,,,,,False,False
241699529401329408,,,Melotte20,53.39945019053872,44.87074516287432,0.7570925,9.795286,0.055526811076699,19.004469,4.4212847,0.23264447430759577,,,,,,,,,True,False
241998527843821696,,,Melotte20,52.19095546352927,45.45131877764757,2.2090282,13.697991,0.1307143559274929,,,,,,,,,,,,False,False
242028730053414144,,,Melotte20,52.35445158419533,46.03389368306115,3.1971455,16.083256,0.0991403548843486,,,,,,,,,,,,False,False
242038797456791808,,,Melotte20,52.50721412153942,45.93779472756706,2.9527254,15.157676,0.1198052893989944,,,,,,,,,,,,False,False
242188468475722368,,,Melotte20,49.53638892229875,44.58369723753885,3.1611204,15.2808485,0.1295628740638085,,,,,,,,,,,,False,False
242382978955416960,,,Melotte20,48.743208985002845,44.81503760757244,3.1690722,15.795241,0.1075948291598609,,,,,,,,,,,,False,False
242465575469107968,,,Melotte20,48.95884250353734,45.28880814537224,2.7340164,14.511545,0.1364886194116162,,,,,,,,,,,,False,False
242493789115621248,,,Melotte20,49.62000855171385,45.18584985117053,2.7044506,14.53071,0.1323064400910163,,,,,,,,,,,,False,False
242769732171724288,,,Melotte20,51.08089453402902,46.42649897109282,3.3223906,15.958894,0.1106952428894749,,,,,,,,,,,,False,False
242815877300228224,,,Melotte20,52.33702640172928,46.51253733741459,2.978447,15.054781,0.1270319901019538,,,,,,,,,,,,False,False
242877690469014528,,,Melotte20,51.65366466198592,46.94721891914704,2.8291988,14.852396,0.1252685201960037,,,,,,,,,,,,False,False
242883531624578944,,,Melotte20,51.84992125404229,46.77135681844889,3.131874,16.026297,0.0972846946113741,,,,,,,,,,,,False,False
242889338420659968,,,Melotte20,52.35967815331456,46.93775165471696,0.21105385,6.0254483,0.2698305930466568,,,,,,,,,,,,False,False
242889888176483968,,,Melotte20,52.27741912629815,46.934956375420185,3.1588497,15.330177,0.1269375862225872,,,,,,,,,,,,False,False
242899161007052032,,,Melotte20,51.95362546469922,46.97643375117879,3.3363323,16.43381,0.0957067510132484,,,,,,,,,,,,False,False
242928474163931776,,,Melotte20,50.6158549464364,46.22500788092732,2.6485186,14.459458,0.1310831179279155,,,,,,,,,,,,False,False
242950116497972608,,,Melotte20,50.76460453658094,46.334114410847285,1.0256672,10.845378,0.0963073694967876,,,,,,,,,,,,False,False
243012689882118016,,,Melotte20,50.17878779076017,46.75407632656766,3.0629826,15.523476,0.1114457911854766,,,,,,,,,,,,False,False
243017736464006144,,,Melotte20,50.00547078765779,46.88352721234289,1.3000898,11.523272,0.1505625073029827,,,,,,,,,,,,False,False
243023581919534464,,,Melotte20,50.44155096961352,46.76327968985383,3.2874613,15.343202,0.1356494482906039,,,,,,,,,,,,False,False
243047702455714944,,,Melotte20,50.65355083962572,47.15291750257858,1.9107447,12.806496,0.1649024635947114,,,,,,,,,,,,False,False
243068661892483968,,,Melotte20,51.40705994797919,47.02053127148148,0.38169575,8.662431,0.042525168881501,44.111874,1.9950546,0.045227155844705214,,,,,,,,,True,False
243072132229078016,,,Melotte20,51.06248837513356,46.875254719472544,3.1036367,15.640891,0.1093974352912254,,,,,,,,,,,,False,False
243086494599578240,,,Melotte20,51.200423778886055,47.21901394900144,2.6686563,14.452598,0.133598442513133,,,,,,,,,,,,False,False
243089483897229312,,,Melotte20,51.7164244272966,47.0467119411683,2.3568268,13.889734,0.136483533947069,,,,,,,,,,,,False,False
243096832581342848,,,Melotte20,51.636219650971,47.26630886224407,0.25807285,7.9758654,0.1259827701841998,229.00511,8.17354,0.03569151797529758,,,,,,,,,True,False
243101715963884928,,,Melotte20,52.04397514021153,47.42387324291901,1.4527788,12.2438345,0.1044593121132831,,,,,,,,,,,,False,False
243103086054037376,,,Melotte20,51.87394294740583,47.39530636370064,3.4729576,16.26302,0.1082095436373198,,,,,,,,,,,,False,False
243105942211695232,,,Melotte20,51.91626751572636,47.49084473819018,2.7568016,14.589359,0.1338398147521613,,,,,,,,,,,,False,False
243108622271431424,G17478373181854,393101211.0,Melotte20,51.59445800121125,47.26917159401471,1.1033564,11.014248,0.1255230078485136,10.55468,12.442137,1.1788265489811156,5696.1,25.59,4.551,0.037,0.117,0.022,-4.22187,0.11939,True,False
243112741140767104,,,Melotte20,51.399003181588135,47.395417615217774,3.1615849,15.16799,0.1355090507491657,,,,,,,,,,,,False,False
243115769096919040,,,Melotte20,51.77346281318052,47.42486609144872,3.2920742,16.119438,0.1032553483924255,,,,,,,,,,,,False,False
243130681223181568,,,Melotte20,50.88034694515927,47.18610332042485,3.0137033,14.732413,0.1490375572636483,,,,,,,,,,,,False,False
243137072134354048,,,Melotte20,51.22981354282516,47.41490633349871,0.6461668,9.215563,0.0915263386177917,144.99866,12.138974,0.0837178357372406,,,,,,,,,True,False
243146521062118656,,,Melotte20,50.61400419112392,47.34665819622272,3.3400307,16.162468,0.1044529572314701,,,,,,,,,,,,False,False
243157275660475264,,,Melotte20,50.92446443667278,47.58840127325453,3.056736,15.67127,0.1051695823612459,,,,,,,,,,,,False,False
243157550538353024,,,Melotte20,51.01424106493329,47.61802596825272,2.9488564,15.002481,0.1273737763633628,,,,,,,,,,,,False,False
243160574195380352,,,Melotte20,51.25812101994829,47.43791481749949,2.4932508,13.916156,0.1524658145265186,,,,,,,,,,,,False,False
243171706750419200,,,Melotte20,51.62275003790407,47.75812088759936,3.0115318,15.541225,0.1072308373541121,,,,,,,,,,,,False,False
243178509978706688,,,Melotte20,51.15495554597717,47.68103671166656,3.1414165,15.659731,0.1111077861137273,,,,,,,,,,,,False,False
243183870097825792,,,Melotte20,51.17696587256832,47.82560077578911,3.7011013,16.505577,0.1116374554163807,,,,,,,,,,,,False,False
243185278842565376,,,Melotte20,51.21719341777521,47.91501190833556,0.19049597,7.483087,0.174434434285913,24.160606,1.7539036,0.07259352683455042,,,,,,,,,True,False
243190982563599744,,,Melotte20,51.3729519050755,47.96720713504532,0.57355785,8.808717,0.1411793291173747,62.600014,5.557398,0.0887763060244683,,,,,,,,,True,False
243495581644074368,,,Melotte20,55.60957929921301,42.98964835924382,1.1578264,11.632631,0.0533327245128143,,,,,,,,,,,,False,False
243544372472604416,,,Melotte20,56.27994176296303,43.65974411261909,2.9322786,15.03,0.12456629751566,,,,,,,,,,,,False,False
243609587255520640,G17479808391112,34201210.0,Melotte20,56.03379961792044,43.93969163469166,1.1337042,11.094702,0.1315174960176321,,,,5483.1,28.41,4.43,0.038,0.156,0.021,-3.9752,0.02854,False,False
244569632706176768,,,Melotte20,56.42361735652442,45.18039867970895,1.1138916,11.103573,0.1140128762653917,,,,,,,,,,,,False,False
244596502021427456,,,Melotte20,56.47194402472813,45.59981548635759,0.07455015,7.521766,0.0457010462344676,47.815548,2.0738778,0.04337245700917199,,,,,,,,,True,True
244725351039809408,,,Melotte20,54.6270962534515,45.26824602165157,3.4011803,16.134487,0.1087955855877538,,,,,,,,,,,,False,False
244827983578806272,,,Melotte20,55.3844321074868,45.82370885708183,2.9585476,15.614681,0.1008736129074461,,,,,,,,,,,,False,False
244833446777247488,,,Melotte20,55.274081370990274,45.79368591886261,0.8002548,9.623085,0.1390685904141868,13.274338,4.4811506,0.33757996820632413,,,,,,,,,True,False
244844716770929920,,,Melotte20,55.297056279465046,46.01359605314333,3.0031385,15.531682,0.1070416675176389,,,,,,,,,,,,False,False
244932849501355520,,,Melotte20,57.652658075759625,45.76928954764665,2.501708,14.186856,0.1329374937349321,,,,,,,,,,,,False,False
244961093205959424,,,Melotte20,56.815850825070605,45.68920485689559,2.4988012,14.16845,0.1338709574011853,,,,,,,,,,,,False,False
244964013784236032,,,Melotte20,56.955890930402354,45.71875142811288,3.1756344,16.0791,0.0980627483703293,,,,,,,,,,,,False,False
244989817947577984,,,Melotte20,57.270953003021184,45.9010763038771,3.2088537,15.988164,0.1030104065829565,,,,,,,,,,,,False,False
245073999307152384,,,Melotte20,58.68174541012935,46.58017880125562,2.6552439,14.340726,0.1396041666350201,,,,,,,,,,,,False,False
245128631291349376,,,Melotte20,57.84368610731244,46.86579197558035,2.8398485,14.9064665,0.1232908712747626,,,,,,,,,,,,False,False
245128906168508544,,,Melotte20,57.83190624313476,46.89593694008052,3.2122898,16.048155,0.1011616504695216,,,,,,,,,,,,False,False
245182507360373120,,,Melotte20,56.31471606898144,46.03055878689839,3.298458,15.368488,0.1351337807973721,,,,,,,,,,,,False,False
245189890404732160,G17479469557571,34304058.0,Melotte20,56.43113183855175,46.30108400808909,1.079732,11.290073,0.0541662942095579,,,,5469.19,43.03,4.403,0.064,0.122,0.04,-3.99891,0.0204,False,False
245357913824994560,G17485578787926,26914118.0,Melotte20,58.2927293091181,47.51989861680028,1.1675797,11.812821,0.0379560346745375,15.436219,18.13108,1.1745803813744804,5032.62,35.09,4.613,0.05,0.041,0.03,-4.192,0.04467,True,False
245420070591755904,,,Melotte20,57.87224413229939,47.58423270321096,2.7194605,14.720687,0.1226114689544034,,,,,,,,,,,,False,False
245793664026998528,G17484957106404,177503188.0,Melotte20,60.0883207653685,46.69577708609331,1.1220083,10.918161,0.1651076281172919,87.7489,35.929794,0.40946147473073735,5744.38,39.53,4.439,0.049,0.213,0.022,-3.79934,0.01333,True,False
246572668016199808,,,Melotte20,59.05390679092836,46.64454059889976,3.1435747,15.62399,0.1126969558069381,,,,,,,,,,,,False,False
246596891631623168,G17485469095520,26914072.0,Melotte20,58.95034242526968,47.040216801214136,0.8129711,10.047915,0.058101521714712,36.01346,3.64219,0.10113413151638304,6274.72,17.91,4.314,0.023,0.018,0.012,-4.16573,0.03535,True,False
247709631755922688,,,Melotte20,54.40717678660064,45.38353225759538,1.9544048,13.305086,0.1215033135930586,,,,,,,,,,,,False,False
247713200869876992,L17479393262302,34210214.0,Melotte20,54.16370496131522,45.457719940709936,1.5050545,11.969358,0.1650976342482021,,,,4664.5,49.35,4.465,0.073,-0.086,0.044,-4.10444,0.04502,False,False
247764263736291840,,,Melotte20,54.461674592610535,45.94011445735517,,,,,,,,,,,,,,,False,False
247776598885699200,,,Melotte20,53.75746320603175,45.70267918042717,2.2443762,13.699597,0.1357705275958584,,,,,,,,,,,,False,False
247787692782638976,G17479373314830,408704113.0,Melotte20,53.57470580606746,45.72995871836229,0.9538517,10.784416,0.0424108233965754,7.546313,5.423479,0.7186925588694771,5769.68,32.71,4.509,0.044,0.138,0.025,-4.23451,0.05093,True,False
247789861744662784,,,Melotte20,53.674676408114095,45.8142528093964,1.8406038,14.837974,0.0388963092650884,,,,,,,,,,,,False,False
247803055883745024,,,Melotte20,53.815945585372326,46.0944099217552,2.1679602,13.423742,0.1480387847766364,,,,,,,,,,,,False,False
247808278564820864,,,Melotte20,54.045296624458565,45.93689169948444,3.1838665,15.258694,0.1323970266717442,,,,,,,,,,,,False,False
247914720737657984,,,Melotte20,54.53678981127283,46.37289467965957,3.490942,16.586233,0.0988503120100565,,,,,,,,,,,,False,False
247918332806624896,,,Melotte20,54.8739534103088,46.44601181433307,2.692955,14.524742,0.1315255973604159,,,,,,,,,,,,False,False
247959873729988096,,,Melotte20,55.39729478779701,47.01406992840031,3.0797672,15.974966,0.095934087078496,,,,,,,,,,,,False,False
247971315522875136,G17479021655959,34315086.0,Melotte20,55.242948964108265,47.04349571110668,1.3122234,12.093381,0.0703160316259595,,,,4844.37,47.14,4.49,0.066,-0.009,0.039,-4.08561,0.03545,False,False
247977637714676224,,,Melotte20,55.21674195141683,47.22472335509234,3.224884,16.295967,0.0940288201561019,,,,,,,,,,,,False,False
247999421789789952,,,Melotte20,53.392336193599554,46.12375729735237,2.1107388,13.367533,0.14357314124313,,,,,,,,,,,,False,False
248012444130493696,G17478537348043,185314184.0,Melotte20,53.499708426233326,46.38894303707301,1.0689793,11.082661,0.0829976450967668,41.685337,20.308369,0.4871825553431414,5033.27,87.48,2.47,0.138,-0.981,0.087,-4.34601,0.05057,True,False
248022408454552704,,,Melotte20,53.8374017683036,46.44410073175232,1.2385712,11.84991,0.0667022250334454,,,,,,,,,,,,False,False
248043574053255680,,,Melotte20,54.01212349474455,46.71587440607208,2.365779,13.76666,0.1476874465955839,,,,,,,,,,,,False,False
248078002510777984,,,Melotte20,53.19438046028489,46.70075565078771,0.6934471,9.319384,0.1070600681680084,,,,,,,,,,,,False,False
248087520158674304,,,Melotte20,53.65575727128704,46.72120554460916,3.135085,15.4765215,0.1184141057645114,,,,,,,,,,,,False,False
248097209604796288,,,Melotte20,53.84985242118778,46.94168230802137,2.3880825,14.023695,0.1306274811471019,,,,,,,,,,,,False,False
248099236828874752,,,Melotte20,53.74544464180046,46.99379222045627,3.5901203,16.395971,0.1097771676331027,,,,,,,,,,,,False,False
248136620225473664,,,Melotte20,54.6503137402425,47.09342349700484,2.9755306,14.017788,0.2048848067070385,,,,,,,,,,,,False,False
248141361869122944,,,Melotte20,54.22330727912042,46.95522653568816,2.6965837,14.569459,0.129153342143858,,,,,,,,,,,,False,False
248154276832334592,,,Melotte20,54.39810248910697,47.2312159716731,3.3642635,16.396076,0.0982492261432656,,,,,,,,,,,,False,False
248157957623175424,,,Melotte20,54.89176493491625,47.12119320411666,3.2762737,15.9463825,0.1084472649083219,,,,,,,,,,,,False,False
248192111202669952,,,Melotte20,53.99385553908415,47.09091321719247,-0.014967918,6.8624163,0.0301817012739384,,,,,,,,,,,,False,True
248221901095145344,,,Melotte20,54.07035943400487,47.5158138634876,2.585906,14.374921,0.1298653264462883,,,,,,,,,,,,False,False
248230628469065728,,,Melotte20,54.39334533048323,47.53158796291941,1.8200064,12.819894,0.1415767910323983,,,,,,,,,,,,False,False
248230761611145216,,,Melotte20,54.454436765027566,47.53660484798992,3.311411,16.25619,0.0998328894233643,,,,,,,,,,,,False,False
248238187611328768,,,Melotte20,54.77494112576573,47.745301311728646,2.3664198,13.837905,0.1418628170380082,,,,,,,,,,,,False,False
248246708826521984,,,Melotte20,54.38691518103646,47.71872888445151,2.8887615,15.132311,0.1160136767488507,,,,,,,,,,,,False,False
248268870858699648,,,Melotte20,55.905369061147006,46.87419257497737,3.2111788,15.936172,0.1049747629605422,,,,,,,,,,,,False,False
248279556737342720,,,Melotte20,55.7782058833186,46.892871674428,3.0715857,15.361396,0.1191189903473261,,,,,,,,,,,,False,False
248322815647568512,,,Melotte20,56.447154297758495,47.406394734979344,1.2613535,12.004923,0.0594060305638593,,,,,,,,,,,,False,False
248334085642021888,,,Melotte20,55.76941083810146,47.13948183403263,2.844841,14.697853,0.1355815423881108,,,,,,,,,,,,False,False
248367895624371328,,,Melotte20,56.01635551229891,47.44865587600523,3.1152306,14.92931,0.1455076758509366,,,,,,,,,,,,False,False
248376141961388416,,,Melotte20,56.36495354948745,47.66023510075495,-0.0071988106,7.156385,0.0116924821146074,294.8937,15.647562,0.05306170325103588,,,,,,,,,True,False
248444002445439488,,,Melotte20,57.46565295327616,47.99898250167051,3.2944326,15.463124,0.1301020680194899,,,,,,,,,,,,False,False
248480458127411072,,,Melotte20,56.67702381542771,48.0867744854363,0.7414856,10.007281,-0.0103394732844617,17.915098,3.3468041,0.18681472465291565,,,,,,,,,True,False
248624665950977536,G17487328080054,34211013.0,Melotte20,55.35849861119749,48.14497276180473,0.7595196,9.78559,0.0602765186422869,30.334988,11.638338,0.3836605440555968,6253.84,19.77,4.269,0.025,0.047,0.012,-4.08053,0.0171,True,False
248626005980299904,G17487315245317,34216149.0,Melotte20,55.141489195275824,48.07649216755036,1.2561808,11.963048,0.0616594142900882,42.760635,26.094065,0.6102356758733821,5112.92,46.91,4.57,0.067,0.079,0.039,-3.97695,0.04834,True,False
248635764146008832,,,Melotte20,54.81661658982282,48.16924484217535,2.8697758,15.109982,0.1155710390279131,,,,,,,,,,,,False,False
248637585212978432,,,Melotte20,54.89565039466042,48.20998022029819,2.4328384,14.326359,0.1162964594828962,,,,,,,,,,,,False,False
248693041829110528,,,Melotte20,56.46551527823772,48.3969362441246,2.4901266,14.116052,0.1365457409393177,,,,,,,,,,,,False,False
248755301674957696,,,Melotte20,56.01099346383389,48.66615790493366,1.2976294,11.991485,0.0757375438883464,14.462892,18.025871,1.2463531498402947,,,,,,,,,True,False
248782720745804032,,,Melotte20,56.22883190139322,49.08585154264152,2.5352554,14.177601,0.1374933643168237,,,,,,,,,,,,False,False
248830068465689984,,,Melotte20,52.72357489633204,46.80015742822587,3.4586449,16.502607,0.099764561020334,,,,,,,,,,,,False,False
248840238948148608,G17478535956255,34214009.0,Melotte20,53.08066252790903,47.07403917909442,1.1361408,11.445582,0.0667579709037017,32.469215,15.180921,0.4675481375204174,5409.95,37.83,4.671,0.053,0.175,0.034,-4.21824,0.09444,True,False
248867172684107648,,,Melotte20,53.21745841632252,47.27320960076237,3.106371,15.590399,0.1116110300499617,,,,,,,,,,,,False,False
248877450544720768,,,Melotte20,53.148528626148895,47.27954916129979,3.0769157,15.415207,0.1170676317983115,,,,,,,,,,,,False,False
248880233683510528,,,Melotte20,53.11543840847524,47.34898511323957,3.1000195,16.267555,0.0882451200554733,,,,,,,,,,,,False,False
248886006119502336,,,Melotte20,53.34286963663358,47.42193014065181,0.2135067,8.044343,0.0689634197126745,202.64417,10.09175,0.049800347081290317,,,,,,,,,True,False
248889442093277696,,,Melotte20,53.44660710459996,47.59184289572042,2.228427,13.472951,0.1533956585642034,,,,,,,,,,,,False,False
248892568829466624,,,Melotte20,53.35112007136264,47.63850658287284,2.9084167,15.085445,0.1198348602486739,,,,,,,,,,,,False,False
248904556077914752,,,Melotte20,52.63010280274384,47.26939840118468,1.2099504,11.595837,0.0866961499603044,,,,,,,,,,,,False,False
248915040098094208,,,Melotte20,52.47257397117023,47.3782193710345,3.264223,16.057945,0.1037837996941859,,,,,,,,,,,,False,False
248921499728852480,,,Melotte20,52.55943482811329,47.45932537507091,3.2844744,15.731986,0.1173322629070074,,,,,,,,,,,,False,False
248924970062339200,,,Melotte20,52.64176322962639,47.628077562194925,0.39145947,8.482749,0.0970131175802915,242.65742,6.958947,0.02867807215621101,,,,,,,,,True,False
248943180723568000,,,Melotte20,53.09930455756646,47.70975352907177,3.1062746,15.630967,0.1099651293462652,,,,,,,,,,,,False,False
248944898710444672,,,Melotte20,53.15994083189224,47.77576087453711,2.6789684,13.706202,0.1987428684556117,,,,,,,,,,,,False,False
248960223149560960,,,Melotte20,52.88821670426555,47.86229855400435,-0.010793209,6.747827,0.0424518739470845,412.5698,26.459421,0.06413319879448277,,,,,,,,,True,True
248972725799198336,,,Melotte20,53.695988625858746,47.66353765945477,3.297226,16.126053,0.1033186861045283,,,,,,,,,,,,False,False
248972833178404480,G17487054211647,34316203.0,Melotte20,53.70112644743948,47.68740458071533,1.0463915,11.212415,0.0428542597085132,,,,5548.06,34.46,4.53,0.048,0.128,0.028,-4.07819,0.05424,False,False
248994582892625920,,,Melotte20,53.82873334929678,47.93462951179748,2.6093779,14.299193,0.1374304246016312,,,,,,,,,,,,False,False
248995510605625216,G17487056966917,34216207.0,Melotte20,53.680821453017344,47.88670651402106,0.86505413,10.231784,0.0731407995664889,,,,6038.39,21.11,4.274,0.026,0.091,0.013,-3.97332,0.01859,False,False
249009220140976128,,,Melotte20,54.45588100921404,48.02138889558928,1.5823469,12.719618,0.0934865290230093,,,,,,,,,,,,False,False
249010457091505280,,,Melotte20,54.44128139170214,48.09639020248086,3.1201973,16.059351,0.0955575912966053,,,,,,,,,,,,False,False
249021830165042816,,,Melotte20,53.935576162792046,48.066317784421,2.6880322,14.413263,0.1381933357422073,,,,,,,,,,,,False,False
249026709247699200,,,Melotte20,54.25689446542432,48.22256456605704,2.2720718,13.476673,0.1602092167450446,,,,,,,,,,,,False,False
249030213940870528,,,Melotte20,54.42830018157555,48.37547903289389,3.0888805,15.726633,0.1051429695164272,,,,,,,,,,,,False,False
249032477384977024,G17488032363366,408711047.0,Melotte20,54.22372903443913,48.39933471055583,1.1701212,11.402392,0.0950111969524821,,,,5317.03,26.75,4.437,0.038,0.193,0.023,-3.98063,0.06106,False,False
249043957836661504,,,Melotte20,53.65034622748428,47.99213968402765,3.1046782,15.885901,0.1003903693386323,,,,,,,,,,,,False,False
249044331494743296,,,Melotte20,53.668318665843294,48.006118356073074,1.1879597,11.8254595,0.0461586707301982,14.437844,15.746731,1.090656679764652,,,,,,,,,True,False
249053922160234624,,,Melotte20,53.18970286684364,48.04939428615769,3.129118,15.920282,0.1006666042158757,,,,,,,,,,,,False,False
249055296545713536,,,Melotte20,53.33691020143566,48.1303754803026,3.031847,15.148268,0.1264453831079182,,,,,,,,,,,,False,False
249057839170377728,,,Melotte20,53.17758861312531,48.13882107212907,0.62353134,9.1337185,0.0944780129134305,,,,,,,,,,,,False,False
249061893619443200,,,Melotte20,53.45346402054808,48.216253005789966,3.018445,15.470998,0.1105644465232844,,,,,,,,,,,,False,False
249067803494394112,,,Melotte20,53.35653581854318,48.39762454793938,2.491273,14.232476,0.1286642422017847,,,,,,,,,,,,False,False
249070964590780544,,,Melotte20,53.94188698325976,48.25166299772397,3.045826,15.969202,0.0941361503180641,,,,,,,,,,,,False,False
249077557363306368,,,Melotte20,53.98198826958326,48.44487347847351,2.868825,14.87597,0.1274366221208267,,,,,,,,,,,,False,False
249087285466247040,,,Melotte20,54.13286226029752,48.65453141816716,0.71886253,9.5421505,0.0751496605960268,126.785904,10.768862,0.08493737600356582,,,,,,,,,True,False
249087525984410752,,,Melotte20,54.1469824141462,48.68451150060074,2.9647856,15.236405,0.1169975589544436,,,,,,,,,,,,False,False
249088728575008512,,,Melotte20,53.74613088717112,48.44541667521494,3.367364,15.692737,0.1243038428964905,,,,,,,,,,,,False,False
249109894176123136,,,Melotte20,52.05607163505468,47.48485964453831,3.184311,15.81534,0.1077796128129205,,,,,,,,,,,,False,False
249111302925370368,,,Melotte20,52.00221664304838,47.58221226328362,2.7464256,14.564394,0.1343748337433595,,,,,,,,,,,,False,False
249111577799138816,,,Melotte20,52.09127754829194,47.60184505083453,,,,,,,,,,,,,,,False,False
249111577803259264,,,Melotte20,52.09148936304495,47.60157080368037,2.8449106,13.983546,0.1918752835314202,,,,,,,,,,,,False,False
249113055272003456,,,Melotte20,52.09908949195542,47.61374017684378,1.4144993,12.070009,0.1126439970332577,,,,,,,,,,,,False,False
249126524289405184,,,Melotte20,51.98257505528559,47.73581296834069,0.08034277,7.180887,0.0990535965155174,242.40146,18.907867,0.07800228183444109,,,,,,,,,True,True
249131708310512512,,,Melotte20,52.00019183899363,47.93601860976806,3.544632,16.45746,0.1054468318037699,,,,,,,,,,,,False,False
249134083431685760,,,Melotte20,52.31473136378583,47.89217811325015,2.849987,14.816265,0.1291071125733614,,,,,,,,,,,,False,False
249136694771821184,,,Melotte20,52.14629652125277,47.91772740134464,2.9387589,15.06497,0.1232980098144241,,,,,,,,,,,,False,False
249136729131553792,,,Melotte20,52.15905658227652,47.92360472802845,2.9789743,15.237197,0.118033249852636,,,,,,,,,,,,False,False
249142948244106368,G17487214130991,408711012.0,Melotte20,52.69853693170125,47.88918035869872,0.90802765,10.3165655,0.1007371723146877,86.33553,16.554653,0.19174785861626142,6021.7,28.84,4.338,0.039,0.078,0.023,-4.03738,0.0359,True,False
249149029917670016,,,Melotte20,52.65410888631845,48.10348438764191,-0.028754711,5.8143096,0.0737371058537728,340.85492,10.614282,0.03114017541539374,,,,,,,,,True,True
249150438666984064,,,Melotte20,52.76014811486784,48.00245726519508,3.0238152,15.482481,0.1104589247303959,,,,,,,,,,,,False,False
249160025033982464,,,Melotte20,52.46005097212608,48.10937457768979,2.8026085,14.842455,0.1234711177514362,,,,,,,,,,,,False,False
249161227624791168,,,Melotte20,52.54645064045454,48.136805582469535,2.8598776,14.059772,0.1862496749923855,,,,,,,,,,,,False,False
249164148203137920,,,Melotte20,52.28461604307225,48.18066756284336,0.68582344,9.492526,0.0544025940084497,21.971138,1.2923076,0.05881841896400632,,,,,,,,,True,False
249164423080454912,,,Melotte20,52.35949095099851,48.203132558769845,0.7963915,9.364495,0.1942359569850663,,,,,,,,,,,,False,False
249168580608693632,,,Melotte20,52.65224546387131,48.25798589343718,2.8687887,14.670939,0.1394941756484668,,,,,,,,,,,,False,False
249173425331718144,,,Melotte20,52.59390567215328,48.411369137161735,1.6762924,12.760131,0.1131428490500397,,,,,,,,,,,,False,False
249176208471080576,,,Melotte20,51.76516656454507,47.81306974358137,3.0706272,15.344713,0.1198183342913098,,,,,,,,,,,,False,False
249180400358488576,,,Melotte20,51.66340834681477,47.88219258240545,0.72746754,9.0773115,0.195878709165357,,,,,,,,,,,,False,False
249180572157175808,,,Melotte20,51.70953379603076,47.91598934525086,0.16457272,7.591017,0.1273917460944354,262.46817,15.310382,0.058332337974543735,,,,,,,,,True,False
249182461943340032,,,Melotte20,51.83504130826164,47.99019883486736,1.4368563,12.267667,0.0962347571494179,,,,,,,,,,,,False,False
249186099774312320,,,Melotte20,51.95804577899068,48.07910028831791,3.1235447,15.586233,0.1129258236723831,,,,,,,,,,,,False,False
249187409745500800,,,Melotte20,52.208885719043465,48.12693578915663,2.9666624,15.335902,0.1126502055294727,,,,,,,,,,,,False,False
249188367519516800,,,Melotte20,52.124880999753245,48.15165721941447,3.404976,16.486788,0.0975803106150024,,,,,,,,,,,,False,False
249191361115395584,,,Melotte20,52.06464887906842,48.19493548575368,3.027135,15.588412,0.1064170797031802,,,,,,,,,,,,False,False
249197408428902144,,,Melotte20,51.77169039340711,48.20539600435188,0.011748791,6.8078527,0.0601084727880275,314.66687,17.172434,0.05457337787101641,,,,,,,,,True,True
249198645379514880,,,Melotte20,51.55285562645026,48.15234296096758,1.2594337,11.859199,0.0750560788292312,,,,,,,,,,,,False,False
249199882330077312,,,Melotte20,51.54437435638998,48.22163340364949,0.2567854,8.307827,0.0415810911962809,87.3828,3.3359385,0.03817614564880045,,,,,,,,,True,False
249202012633822464,,,Melotte20,51.66726240792393,48.31931223976918,3.3450642,15.282434,0.1431550176187622,,,,,,,,,,,,False,False
249203180864918656,,,Melotte20,51.90677671362064,48.27283862745973,0.1536851,7.8338056,0.0633631034888611,170.60268,4.6568007,0.027296175534874366,,,,,,,,,True,True
249205036290763136,,,Melotte20,52.05387299036324,48.33245494070781,2.7926426,14.6066,0.1362519880021607,,,,,,,,,,,,False,False
249208987660681216,,,Melotte20,51.84732177122703,48.37338793755783,1.3534584,12.051009,0.0911675768814027,,,,,,,,,,,,False,False
249209331258050816,,,Melotte20,51.911031974689095,48.41631733653975,2.509471,13.37778,0.211666135348332,,,,,,,,,,,,False,False
249211633360951296,,,Melotte20,52.3427492919184,48.237233896519264,3.089549,15.5114565,0.1137633398153863,,,,,,,,,,,,False,False
249212801592026240,,,Melotte20,52.28200413999659,48.30278663044405,0.021345139,7.3349833,0.0190463382626706,79.365005,8.504503,0.1071568382059574,,,,,,,,,True,False
249216168846376448,,,Melotte20,52.203268446596304,48.34011232424661,2.6522713,14.459318,0.1314789347678112,,,,,,,,,,,,False,False
249220601252500864,,,Melotte20,52.491326233283615,48.43715327589707,3.0845175,15.8045225,0.1020207131014542,,,,,,,,,,,,False,False
249236647249997696,,,Melotte20,52.07800300359415,48.66327162743381,1.2376814,11.844427,0.0669470886686221,16.667213,15.048849,0.9029013428939799,,,,,,,,,True,False
249248295202517504,,,Melotte20,53.15583331423942,48.25186007518507,2.9536123,15.499324,0.1049399068866783,,,,,,,,,,,,False,False
249253204344052096,,,Melotte20,53.08470775598426,48.41445878512745,2.6755323,14.694661,0.1199569510798415,,,,,,,,,,,,False,False
249265062749872768,,,Melotte20,52.81751060432367,48.419786774379055,,,,,,,,,,,,,,,False,False
249265062754562048,,,Melotte20,52.81722661126237,48.41996782231314,2.7420197,13.556776,0.226531911055438,,,,,,,,,,,,False,False
249266677662158592,,,Melotte20,53.07626319382889,48.54665070290847,3.0624542,15.6845875,0.1050346607151902,,,,,,,,,,,,False,False
249267124338789248,,,Melotte20,52.97604718345833,48.52722248188542,0.7755165,9.855838,0.0612938123455495,66.847115,12.198691,0.18248642443282706,,,,,,,,,True,False
249277810217226752,,,Melotte20,53.07323743389886,48.7485821381012,2.5402088,14.13442,0.1411992091991559,,,,,,,,,,,,False,False
249278359973070080,,,Melotte20,52.974931304857215,48.73503964361344,-0.0064964294,6.5912313,0.0573578988982625,,,,,,,,,,,,False,True
249282105184992384,,,Melotte20,53.554169466265066,48.61735615622011,0.04314089,7.3238673,0.0434113530080246,,,,,,,,,,,,False,True
249282345698854272,,,Melotte20,53.59009558995997,48.65984378745804,0.3553486,8.528231,0.0591038778213417,67.73189,2.8360295,0.04187140651176277,,,,,,,,,True,False
249293478258283904,,,Melotte20,53.83357138140292,48.91070593442637,2.5511236,14.272132,0.1327849617557063,,,,,,,,,,,,False,False
249298460420296448,,,Melotte20,53.85306887469535,49.05983713822903,1.9493904,13.244574,0.1258534136202417,,,,,,,,,,,,False,False
249300899961238144,,,Melotte20,53.343682988834445,48.88825688029088,3.1673174,15.410804,0.1236756298568373,,,,,,,,,,,,False,False
249307187793232768,,,Melotte20,53.39742752047265,49.03694056557417,2.741333,14.75456,0.1227563204878938,,,,,,,,,,,,False,False
249318148550233472,,,Melotte20,52.73046129948845,48.65622037588638,2.5289183,14.280351,0.1297595893265835,,,,,,,,,,,,False,False
249320480712293760,,,Melotte20,52.88480817084813,48.78093914805419,3.2057304,16.303526,0.0927992659837343,,,,,,,,,,,,False,False
249322306078571264,,,Melotte20,52.53828327514342,48.72273623861114,3.2599087,16.548983,0.0887054651954117,,,,,,,,,,,,False,False
249323435649810944,,,Melotte20,52.730135378264414,48.79442180418284,3.089222,16.278694,0.0873626550419981,,,,,,,,,,,,False,False
249331239610297472,,,Melotte20,52.81300199899569,48.9515429403145,3.1678028,16.30794,0.0906813412932305,,,,,,,,,,,,False,False
249331789366065408,,,Melotte20,52.87095391840396,48.99108994546707,0.8634138,9.457886,0.2392557924798855,88.50231,6.0503883,0.06836418507042359,,,,,,,,,True,False
249341513172058752,,,Melotte20,52.62382891431173,49.02465354708956,3.0606222,14.804574,0.148591025325339,,,,,,,,,,,,False,False
249347319967809024,,,Melotte20,52.67468185089285,49.05049028638787,1.0175209,11.029891,0.0515281657445938,46.904064,10.665062,0.22738033957995626,,,,,,,,,True,False
249358104626695424,,,Melotte20,53.12804159480183,49.17615621837695,1.0633526,11.0668125,0.0816519829229769,,,,,,,,,,,,False,False
249364465476847744,,,Melotte20,53.62243306910649,49.36197222732832,1.4036283,12.29002,0.0826286799023438,,,,,,,,,,,,False,False
249368141968881152,,,Melotte20,53.42674150356633,49.37349764631186,3.005231,15.472703,0.1095769075274098,,,,,,,,,,,,False,False
249369271541666304,,,Melotte20,53.04274986819082,49.14120986828176,1.0523157,11.259802,0.0397953890825864,,,,,,,,,,,,False,False
249376663184042880,,,Melotte20,53.09054817206152,49.40607405555503,3.2163372,16.055069,0.1011599553791198,,,,,,,,,,,,False,False
249391884547515776,,,Melotte20,54.62637942448785,48.319977907086496,2.8808794,14.803052,0.1326185313132901,,,,,,,,,,,,False,False
249408686459431424,,,Melotte20,54.64640837339711,48.59337135403604,0.3374691,8.372939,0.0861368486402934,260.30176,17.556093,0.06744515672886729,,,,,,,,,True,False
249434280165720064,,,Melotte20,55.51835404681504,48.91536247459162,3.341751,16.233917,0.1021725034542092,,,,,,,,,,,,False,False
249436930164597760,,,Melotte20,55.33261997945091,48.94811743328738,3.3789291,16.250116,0.1036320091826495,,,,,,,,,,,,False,False
249438819950184448,,,Melotte20,55.38917931920966,49.01285699072651,2.8914928,15.362522,0.1060688439197324,,,,,,,,,,,,False,False
249455312623763456,,,Melotte20,55.270051166312086,49.15890354921165,2.3776503,13.891753,0.1391070437748158,,,,,,,,,,,,False,False
249462940486302208,,,Melotte20,54.24073586004207,48.745873688336815,0.9446573,10.467387,0.104542913359065,11.774348,6.1628356,0.5234120479537381,,,,,,,,,True,False
249470052952568960,,,Melotte20,54.74129291518688,48.96549811892485,3.149332,16.09301,0.0961370006225625,,,,,,,,,,,,False,False
249475653589446272,,,Melotte20,54.229708852537584,48.8284464406842,0.6875477,9.522707,0.0484202712000957,35.056797,2.7448187,0.07829633437418712,,,,,,,,,True,False
249615703882726400,,,Melotte20,55.20643994677697,49.55900497001887,3.306799,16.310379,0.0978959769111706,,,,,,,,,,,,False,False
249672122574436096,G17487595646904,393106090.0,Melotte20,54.09196523534595,49.1556625728597,1.0451698,10.833567,0.1169754258105522,114.68036,36.50029,0.31827847418686167,5705.85,30.53,4.427,0.04,0.25,0.021,-3.82518,0.01689,True,False
249673217788323712,,,Melotte20,53.93417501126584,49.10189482132614,1.2633553,11.795174,0.0851890456121034,,,,,,,,,,,,False,False
249757850121060480,,,Melotte20,53.45860313302491,49.63319253011296,2.0917559,13.329739,0.1438460106424409,,,,,,,,,,,,False,False
249761870210427776,,,Melotte20,53.37781369714664,49.69447970423242,2.9687548,15.610402,0.101706110628013,,,,,,,,,,,,False,False
249764790788074624,,,Melotte20,53.54726689237126,49.84055166080935,2.0013113,13.278953,0.1323207580266192,,,,,,,,,,,,False,False
249779050079371008,,,Melotte20,54.19087693745626,49.90740767927826,2.8420372,15.121408,0.112841901087002,,,,,,,,,,,,False,False
249812756982996992,,,Melotte20,55.09449736075697,49.91309366826745,2.6031656,14.403544,0.1298794052583919,,,,,,,,,,,,False,False
249859692385393408,,,Melotte20,55.818372180616485,50.49484221295078,2.1552067,13.487638,0.1400185794520665,,,,,,,,,,,,False,False
249861479091748736,,,Melotte20,55.865851396770594,50.62676339196474,1.7610884,12.771571,0.1328006533436352,,,,,,,,,,,,False,False
249885187311137408,G17487552539156,374610068.0,Melotte20,54.54315035548876,50.27386535834798,1.443738,12.278917,0.0972932256856613,,,,4581.36,40.02,4.481,0.057,-0.127,0.034,-4.18944,0.0547,False,False
250091723698373888,,,Melotte20,58.87543765108463,49.00610209182368,2.6464138,14.334728,0.1390561396207366,,,,,,,,,,,,False,False
250324854522686848,G17488926445535,409605033.0,Melotte20,56.73261894511028,49.69068113644306,0.7958698,10.02458,0.0447958009005793,21.013624,4.845807,0.23060310777427062,6240.16,20.26,4.319,0.025,0.005,0.011,-4.33113,0.03368,True,False
251116983931933056,,,Melotte20,57.14898243913662,50.315032386911525,2.4558983,14.058559,0.1365461014140171,,,,,,,,,,,,False,False
251154436046293120,,,Melotte20,56.4782598252673,50.41913109039989,0.5208874,9.051152,0.0333135324190494,25.753088,1.6711234,0.0648902143308018,,,,,,,,,True,False
251450994948657152,,,Melotte20,55.42086229674183,51.27642044276255,0.6354866,8.94454,0.1534121261779107,107.07865,4.845782,0.04525441813097195,,,,,,,,,True,False
275087883608739968,,,Melotte20,61.99693363322189,52.93528341643661,2.2713823,14.259574,0.102147602007377,,,,,,,,,,,,False,False
432447647010439552,,,Melotte20,44.57616695612673,42.83155400537723,1.1512403,11.593376,0.0547696342951851,,,,,,,,,,,,False,False
432459741638340224,,,Melotte20,44.98232710735424,42.97528086507516,1.0478554,11.167079,0.0513021660837506,40.1187,14.972232,0.37319833394402113,,,,,,,,,True,False
433169274532974848,,,Melotte20,47.35099870619819,45.38295372143276,0.14144897,7.967967,0.0222495844548847,57.393818,6.486256,0.11301314716508318,,,,,,,,,True,True
434676842415340800,,,Melotte20,47.839990011442296,45.63739591203193,2.0861769,13.362101,0.1397997438492814,,,,,,,,,,,,False,False
434698385971110400,,,Melotte20,47.77988190743244,46.04235948551807,1.9217281,13.041843,0.1399776048315265,,,,,,,,,,,,False,False
434860941896323072,,,Melotte20,49.14685861221768,47.11974062063951,2.4485188,14.129532,0.1306160291300918,,,,,,,,,,,,False,False
434861285493494656,,,Melotte20,48.71181363999264,46.79522076727901,3.1443481,15.866056,0.1034808363156257,,,,,,,,,,,,False,False
434899248704252800,,,Melotte20,47.25003924597709,46.14759696061567,3.0110836,15.937685,0.0930956991227578,,,,,,,,,,,,False,False
435096924580530176,,,Melotte20,47.73033824817797,47.23156410736363,2.7680397,14.740938,0.125954665764035,,,,,,,,,,,,False,False
435152793514701952,,,Melotte20,48.17788869495559,47.83849094018183,0.45177174,8.62862,0.1013440639423902,,,,,,,,,,,,False,False
435159768541504000,,,Melotte20,48.20823686658736,48.05087022266592,1.5942163,12.410256,0.1299946631392168,,,,,,,,,,,,False,False
435166503048736000,,,Melotte20,49.6107869754639,46.80039429287246,2.8876505,15.2717085,0.1096191685110779,,,,,,,,,,,,False,False
435184610626097408,,,Melotte20,49.50501490809018,47.00210520333194,2.6843176,13.746013,0.1951003122843194,,,,,,,,,,,,False,False
435184610626097536,,,Melotte20,49.50538855891515,47.001702655588566,,,,,,,,,,,,,,,False,False
435211342506946688,,,Melotte20,50.34353932036548,47.43128067516366,2.9531603,15.033967,0.1260658459492236,,,,,,,,,,,,False,False
435242919106224256,,,Melotte20,49.61434726753727,47.35415804295506,1.0453663,10.723388,0.1443834572850253,,,,,,,,,,,,False,False
435267314520408192,,,Melotte20,49.65336675260273,47.45765372651248,3.1268826,15.008589,0.1417261096771072,,,,,,,,,,,,False,False
435277622442189312,,,Melotte20,50.14188371872336,47.76092123223609,3.2183743,16.149303,0.0981902960994633,,,,,,,,,,,,False,False
435278343996248704,,,Melotte20,50.00415478206154,47.75827706758014,2.6818743,14.548366,0.1289728986235161,,,,,,,,,,,,False,False
435289613991362304,,,Melotte20,49.47736093469598,47.78523829296211,2.7691555,14.661394,0.1306591782069596,,,,,,,,,,,,False,False
435318510530236928,,,Melotte20,50.79984736541212,47.90945981756965,2.5493498,14.059716,0.1479801895035108,,,,,,,,,,,,False,False
435320915712179840,,,Melotte20,50.46099915009762,47.6756456164081,2.302391,13.697147,0.1444858985083153,,,,,,,,,,,,False,False
435326859946780800,,,Melotte20,50.33549988836703,47.88744329847956,2.49189,13.91852,0.1520884657268607,,,,,,,,,,,,False,False
435334625247485696,,,Melotte20,50.66960101693068,48.009230255112335,3.4612865,16.61424,0.0966172522659557,,,,,,,,,,,,False,False
435341565914620928,,,Melotte20,50.9181360417501,47.95813037258962,0.8332052,9.357852,0.2310437287490145,177.38109,8.790763,0.049558625443106706,,,,,,,,,True,False
435341737713359232,,,Melotte20,50.85456097227202,47.91040657611602,2.852665,14.486664,0.1501964172417751,,,,,,,,,,,,False,False
435342459267795456,,,Melotte20,50.944072609003385,47.98896243950416,2.9726467,14.689903,0.1480314540425948,,,,,,,,,,,,False,False
435357646272046848,,,Melotte20,50.88497038523917,48.18700694142746,3.1469707,15.499947,0.1181973776430727,,,,,,,,,,,,False,False
435361941239324416,,,Melotte20,50.790934783392494,48.24505625396901,2.779111,14.6686735,0.1311678737652884,,,,,,,,,,,,False,False
435366236206515200,,,Melotte20,51.0948925171831,48.33349484330999,2.9901896,14.988521,0.1315543502336182,,,,,,,,,,,,False,False
435369843979002880,,,Melotte20,51.09416840854193,48.40712678074032,3.02876,15.521852,0.1091806030791312,,,,,,,,,,,,False,False
435376750286306304,,,Melotte20,50.11903030444695,47.95551213602397,3.301096,16.472881,0.092816476223399,,,,,,,,,,,,False,False
435376990804481280,,,Melotte20,50.031984399363786,47.91539553764548,3.0524387,14.775021,0.1497747005149012,,,,,,,,,,,,False,False
435394686069704320,,,Melotte20,49.90782845958457,48.14386612876676,3.1645699,15.3071,0.1284990373531639,,,,,,,,,,,,False,False
435404306796373248,,,Melotte20,50.174629352038735,48.41031696057868,1.1386557,11.188996,0.1146180859102272,25.100677,19.644167,0.782615026678364,,,,,,,,,True,False
435405303228775680,,,Melotte20,50.27729253441775,48.43674965111716,1.297368,11.880874,0.0893198143566652,11.5127325,27.31442,2.3725401419689023,,,,,,,,,True,False
435407635392414336,,,Melotte20,50.67327240366708,48.2686293818852,1.6352577,11.760964,0.2708609022949512,7.5238113,17.678219,2.349636147839061,,,,,,,,,True,False
435410388470374784,,,Melotte20,50.68964340131086,48.35911273570276,3.284235,16.267475,0.0980323721406378,,,,,,,,,,,,False,False
435418256850317696,,,Melotte20,51.02512485403288,48.52427257950265,2.8871784,14.886736,0.1284340783339841,,,,,,,,,,,,False,False
435422586177333120,,,Melotte20,50.94738153106296,48.60430667910239,0.03400612,6.939473,0.0726784011553262,210.80006,11.778539,0.05587540629732269,,,,,,,,,True,True
435424750841023488,,,Melotte20,50.50053004702372,48.39687120141728,1.8245611,12.856435,0.138526526126532,,,,,,,,,,,,False,False
435427946296584960,,,Melotte20,50.54084317445148,48.56723659526609,2.5720863,13.65205,0.1889174433757832,,,,,,,,,,,,False,False
435429011448232064,,,Melotte20,50.37613817890013,48.493745501627885,0.5398016,8.743997,0.1335124873952854,224.41277,4.7013693,0.020949651394615378,,,,,,,,,True,False
435436536231088256,,,Melotte20,50.77747844489167,48.73788378353604,2.9016294,15.374213,0.1063185993011478,,,,,,,,,,,,False,False
435439078851537664,,,Melotte20,50.61930452967434,48.74662753318034,3.012723,15.638736,0.1035357518956684,,,,,,,,,,,,False,False
435441037356620032,,,Melotte20,50.61712258522189,48.827475020978255,2.2902765,13.744264,0.1387904144183314,,,,,,,,,,,,False,False
435447840586828800,,,Melotte20,48.86710836346473,47.56790160874471,2.913249,15.042651,0.1223654610645169,,,,,,,,,,,,False,False
435509516316497920,,,Melotte20,49.33974920962074,48.37153818550843,1.7584581,12.904295,0.1183713067131789,,,,,,,,,,,,False,False
435555455286707840,,,Melotte20,48.99481062021592,48.45096052467616,3.0186634,15.074278,0.1292489051331166,,,,,,,,,,,,False,False
435560334369389440,G17542880143043,263609047.0,Melotte20,49.33215920399472,48.57960890452475,1.2573843,11.6414795,0.1051020048340614,8.345356,11.137464,1.3345702687818228,5255.81,35.83,4.633,0.05,0.15,0.029,-4.16631,0.05468,True,False
435561296442107520,,,Melotte20,49.22339053812717,48.5344928644223,1.427475,12.211181,0.0995142160658144,,,,,,,,,,,,False,False
435562739551105152,,,Melotte20,49.2598202182792,48.54508640712482,3.0275707,15.382471,0.1150045827418363,,,,,,,,,,,,False,False
435569267901413248,,,Melotte20,48.93903892405992,48.60663835948488,3.2223463,15.7130995,0.1141606456333497,,,,,,,,,,,,False,False
435575796251636992,,,Melotte20,49.06661222982711,48.68905738902871,2.9620008,15.171956,0.119835560495648,,,,,,,,,,,,False,False
435609674953487104,,,Melotte20,49.94705846221812,48.627808756757496,0.112432,7.5571795,0.0791876937765131,289.8238,16.741589,0.057764714285024214,,,,,,,,,True,True
435614519676201984,,,Melotte20,49.72163304909898,48.714936659981696,3.189044,15.906384,0.1047247404244147,,,,,,,,,,,,False,False
435618363668173312,,,Melotte20,50.32684813001268,48.62363383216718,3.4197903,16.211231,0.1071366617687277,,,,,,,,,,,,False,False
435621494703658240,G17542915731655,263613158.0,Melotte20,50.33437920139277,48.757396775213074,1.0549154,11.12379,0.0642169886428257,35.93241,18.210093,0.5067874100289962,5584.45,36.66,4.534,0.05,0.148,0.029,-4.12035,0.0607,True,False
435625068116180864,,,Melotte20,50.37538857378341,48.82300373204566,3.3775578,16.588583,0.0933259560922554,,,,,,,,,,,,False,False
435627919974457472,,,Melotte20,50.44462468361957,48.82579894630992,3.2331514,15.779155,0.1121980776266379,,,,,,,,,,,,False,False
435639327407559808,,,Melotte20,50.26333567563047,48.96972481432463,3.1155663,16.181295,0.0915653430389063,,,,,,,,,,,,False,False
435640736156323200,,,Melotte20,50.05069304690453,48.94468379305113,2.7090807,14.393922,0.1417267064944222,,,,,,,,,,,,False,False
435645340361757440,,,Melotte20,50.30430574726976,48.9993296339098,2.2682219,13.74022,0.135952018290376,,,,,,,,,,,,False,False
435647642464171520,,,Melotte20,50.41774811752237,49.12011417933074,0.6158657,9.092015,0.0995581048477669,,,,,,,,,,,,False,False
435660974042448640,G17543788527491,263609061.0,Melotte20,49.404073467163656,48.83559092756932,0.9555464,10.386258,0.1360514541998802,95.8033,10.709198,0.11178318492160501,6050.68,20.78,4.283,0.026,0.11,0.012,-3.96501,0.0163,True,False
435662657669546752,,,Melotte20,49.74470991038881,48.844982444412224,1.5771017,12.13622,0.1644278992868987,,,,,,,,,,,,False,False
435667051418727808,,,Melotte20,49.65634158653765,48.93726433330683,3.476591,16.070591,0.1153649633172252,,,,,,,,,,,,False,False
435667605471833216,,,Melotte20,49.55570253521034,48.94422348174388,3.0337687,15.478591,0.1113095153222264,,,,,,,,,,,,False,False
435668494527093888,,,Melotte20,49.72774252004097,48.96930232468544,3.3328762,16.393188,0.096733933901939,,,,,,,,,,,,False,False
435672999950860160,G17543791623287,263609070.0,Melotte20,49.38098319017298,48.86410599821511,1.2195864,11.628956,0.0868977671947364,26.42905,35.323902,1.3365558731774316,5362.87,37.51,4.58,0.052,0.131,0.031,-3.95115,0.03708,True,False
435680765247601536,L17543744167058,263609059.0,Melotte20,49.42556132481384,49.02949558989221,1.0512514,11.066656,0.0719913799472719,,,,5584.36,30.12,4.577,0.04,0.147,0.022,-4.2971,0.04989,False,False
435687946436705024,,,Melotte20,49.53498380449124,49.272488815265376,3.4349422,16.130075,0.1108257381575738,,,,,,,,,,,,False,False
435690626496933120,,,Melotte20,49.9889478256644,49.07253294443514,2.5849876,14.2416,0.1386965448514542,,,,,,,,,,,,False,False
435740134580675072,,,Melotte20,46.686705706229546,47.077039778285055,3.234439,14.894296,0.1579565648354648,,,,,,,,,,,,False,False
435977564673313024,,,Melotte20,47.35643608382451,48.43071567998799,3.035881,16.529879,0.0782429625725323,,,,,,,,,,,,False,False
436112701521721088,,,Melotte20,45.92607460700015,48.28556219331527,3.4445858,15.678249,0.1299315772794179,,,,,,,,,,,,False,False
436211966808344832,,,Melotte20,46.96031038333538,49.10817099205598,0.7184286,9.548175,0.073234584568882,,,,,,,,,,,,False,False
436253851328943104,G17543479602672,263615161.0,Melotte20,46.78107967642273,49.09842290560752,1.1689396,11.539369,0.07218051971616,10.400289,23.577671,2.2670207529809985,5328.16,41.89,4.603,0.056,0.135,0.031,-4.17044,0.04013,True,False
436329889429887872,,,Melotte20,48.700181785356506,48.87735404805275,3.3676147,16.382645,0.0988298200434707,,,,,,,,,,,,False,False
436337448572235008,,,Melotte20,48.940218502645365,49.011082607935,1.4003077,12.05736,0.1088040639031553,,,,,,,,,,,,False,False
436339613235900288,,,Melotte20,48.50740120365384,48.79645781260139,3.0974312,15.182217,0.1297914146869582,,,,,,,,,,,,False,False
436345969787424256,,,Melotte20,48.45224664949054,48.98642128420188,1.1208982,11.379161,0.0674730226628274,20.216675,45.46535,2.2489034423316396,,,,,,,,,True,False
436345969787424896,,,Melotte20,48.45305856814408,48.98592080215166,1.6182861,12.750528,0.0996973333025094,,,,,,,,,,,,False,False
436346141586111360,,,Melotte20,48.52511184765434,48.9793445358772,2.878955,15.013444,0.1210403038057893,,,,,,,,,,,,False,False
436365692276945792,G17543854599017,524015149.0,Melotte20,48.03783875033599,48.77693143816338,1.2737656,11.133458,0.2300950739760519,,,,5749.17,41.48,4.445,0.056,0.209,0.037,-3.80157,0.0299,False,False
436392286714264576,,,Melotte20,48.27205044162044,49.00929383839623,0.17293024,7.8247705,0.0842731753224574,,,,,,,,,,,,False,False
436403797226964352,,,Melotte20,48.65467541973909,49.33541746423661,3.0696983,15.475559,0.1139261244199353,,,,,,,,,,,,False,False
436422248405849088,,,Melotte20,48.45989073783944,49.56876884128732,0.0721817,7.0758524,0.1003188322363206,328.28796,12.261323,0.03734929237124627,,,,,,,,,True,True
436428982915499264,,,Melotte20,49.07900105873372,49.08136955417083,2.8130379,14.699757,0.1325004404658593,,,,,,,,,,,,False,False
436438672361949312,,,Melotte20,49.53581971177055,49.31518704681313,2.0718937,13.3718405,0.1364156194842349,,,,,,,,,,,,False,False
436441176324119680,,,Melotte20,49.26582089374264,49.33659765711268,1.3284712,11.8432665,0.1086790383240442,,,,,,,,,,,,False,False
436441176331772928,G17543205825551,263612147.0,Melotte20,49.26832515528538,49.33738755589597,1.162777,11.63246,0.0560008209208505,17.655674,19.970953,1.1311351240400112,5206.94,38.17,4.679,0.054,0.108,0.032,-4.22661,0.09603,True,False
436441588639061632,G17543234533644,263612144.0,Melotte20,49.13055235839053,49.310762361688674,1.3267365,12.057244,0.0799054164548961,,,,5027.13,38.26,4.481,0.054,0.008,0.033,-3.89751,0.04388,False,False
436453584488018048,,,Melotte20,49.16633929295999,49.3721378705302,1.3337288,12.124321,0.0751917524183128,,,,,,,,,,,,False,False
436455126375970304,,,Melotte20,49.16255722729657,49.45233783673873,0.9986038,11.062639,0.0304881118957201,12.841965,7.7678547,0.6048805381419432,,,,,,,,,True,False
436456848663041536,,,Melotte20,49.212157412260574,49.50144929137673,2.9461555,15.499176,0.1044333788573991,,,,,,,,,,,,False,False
436461517287294464,,,Melotte20,49.09666110841177,49.62582367749853,0.6693821,9.477511,0.0419026043291877,71.27392,7.3458066,0.10306443927877125,,,,,,,,,True,False
436463961129338240,,,Melotte20,49.59642431646763,49.46728119972429,2.4797535,14.108742,0.1358224722422251,,,,,,,,,,,,False,False
436466778627893248,,,Melotte20,49.47515726341796,49.47344400993792,2.909603,15.140707,0.1172513077189264,,,,,,,,,,,,False,False
436471245393822464,,,Melotte20,49.76022831051301,49.56028926054992,2.2513561,13.586088,0.1465178839172693,,,,,,,,,,,,False,False
436473616215710592,,,Melotte20,49.88007361877909,49.68798458512025,3.0978727,15.3837805,0.1199818858200323,,,,,,,,,,,,False,False
436477017829810944,G17473659457716,253607161.0,Melotte20,49.70979361231736,49.7310450486306,0.89253616,10.456519,0.0511843396072567,13.09115,8.286375,0.6329753306623176,6005.27,27.3,4.459,0.036,0.048,0.02,-4.41668,0.07231,True,False
436477460205283584,,,Melotte20,49.6867034967576,49.76984490281568,0.16021538,7.8231106,0.0721972021533297,206.85191,9.581828,0.04632216352268635,,,,,,,,,True,True
436482068710785152,,,Melotte20,49.5074285569293,49.64401205870498,0.6013355,9.2291355,0.0472220287222928,29.79426,3.8778827,0.1301553621402243,,,,,,,,,True,False
436493854100780032,,,Melotte20,49.52210690204114,49.9059504784755,0.6781044,9.388492,0.074051417511395,124.50599,9.405289,0.07554085550422113,,,,,,,,,True,False
436499557817966976,,,Melotte20,48.84835448082562,49.440185586090855,0.69529533,9.581988,0.0414604982406576,37.60746,4.043012,0.10750558532801736,,,,,,,,,True,False
436510965250894976,,,Melotte20,48.86379531608509,49.67494910546424,3.2724838,16.146772,0.1012578779701304,,,,,,,,,,,,False,False
436513988907722624,,,Melotte20,48.94471260324525,49.80248102112297,1.8168135,12.937028,0.1281977421026375,,,,,,,,,,,,False,False
436514195065458560,,,Melotte20,48.90147442618663,49.81272566139385,3.1051273,15.281958,0.1253441167247564,,,,,,,,,,,,False,False
436521479330050816,,,Melotte20,48.438018100605404,49.79094006553279,3.258009,16.408262,0.0924794130062635,,,,,,,,,,,,False,False
436525568139553024,,,Melotte20,48.78057825852672,49.84575869952464,3.0144606,15.377126,0.1142996853139003,,,,,,,,,,,,False,False
436530241063224576,,,Melotte20,48.65268369638414,49.97817617695295,2.933012,15.684513,0.0967032434623143,,,,,,,,,,,,False,False
436536838133473408,,,Melotte20,49.281659899712665,49.97768829953052,1.4552298,12.314438,0.0971455958094143,,,,,,,,,,,,False,False
436541339259229056,,,Melotte20,49.40841269191432,49.91326100574503,2.347642,13.003055,0.2350539799786293,,,,,,,,,,,,False,False
436545153189970560,,,Melotte20,49.529618702216425,50.09865798378481,3.2727346,15.426526,0.130374538676964,,,,,,,,,,,,False,False
436549516876694400,,,Melotte20,49.38188685980878,50.21939215825411,3.1216602,16.451357,0.0844258958782166,,,,,,,,,,,,False,False
436564910039067520,,,Melotte20,49.07373373369022,50.3188808180501,2.961012,15.084276,0.1241040500605584,,,,,,,,,,,,False,False
436579787806884736,,,Melotte20,47.733163161966246,49.28669770418512,3.3452988,16.18999,0.1038151479078605,,,,,,,,,,,,False,False
436584701249153024,,,Melotte20,47.64407919504145,49.444520117597605,3.3428907,15.9770155,0.1112166211941556,,,,,,,,,,,,False,False
436684241406547584,,,Melotte20,47.83258675215473,49.99756733565562,,,,,,,,,,,,,,,False,False
436723205354481408,,,Melotte20,48.40381280532062,50.12076247581356,2.756957,14.629741,0.131389520266458,,,,,,,,,,,,False,False
436723823829762176,,,Melotte20,48.5662799494084,50.1032248913658,3.2574463,16.368074,0.0936070063745033,,,,,,,,,,,,False,False
436743958636407552,,,Melotte20,48.75047279569793,50.13973430066424,2.9320974,15.218888,0.1153278981849391,,,,,,,,,,,,False,False
436745637963737472,,,Melotte20,48.769245213502245,50.24691438237676,3.2882414,15.824256,0.1138249729230322,,,,,,,,,,,,False,False
436759729755926400,,,Melotte20,49.136234715028536,50.58668115642051,3.0279942,15.199253,0.1235889611242547,,,,,,,,,,,,False,False
436786667790598528,,,Melotte20,47.95846568517066,50.37954488819385,0.6661253,9.214012,0.1098540367685459,,,,,,,,,,,,False,False
436802301471229184,,,Melotte20,47.595166961715,50.48770850686114,3.4649906,15.676895,0.1313116995222202,,,,,,,,,,,,False,False
436802645068907008,,,Melotte20,47.67420058517415,50.525467571853625,0.93935776,10.387645,0.1180817102860155,,,,,,,,,,,,False,False
436816801281428736,,,Melotte20,48.56573231319884,50.651584395685056,3.395689,16.5914,0.0941195880316533,,,,,,,,,,,,False,False
437601096669764736,,,Melotte20,44.89860242894579,48.205268316356666,2.8442507,15.128156,0.1127051911840279,,,,,,,,,,,,False,False
437734962209302656,,,Melotte20,42.92905929923364,47.9873994619079,2.4561615,14.028919,0.1387694470277448,,,,,,,,,,,,False,False
437926380312022144,,,Melotte20,42.87732249581076,48.98438389612606,2.0850182,14.094873,0.0889524328937251,,,,,,,,,,,,False,False
437974071628527232,,,Melotte20,43.28506003423673,49.58790404061014,2.8209496,14.7400875,0.1308552103751616,,,,,,,,,,,,False,False
438275337814058752,,,Melotte20,39.18566273608999,47.6358076160056,2.6900797,15.761151,0.0788529401667715,,,,,,,,,,,,False,False
439191437159059968,,,Melotte20,44.47561308449423,48.8786257114369,0.3413496,8.458828,0.0669116540642534,,,,,,,,,,,,False,False
439276301416357760,,,Melotte20,45.78557730073552,49.64431697863699,1.7890406,13.156434,0.1026833612659822,,,,,,,,,,,,False,False
439440029866690944,,,Melotte20,44.27177896603026,49.65813063913876,3.2085075,15.99246,0.1028416719607525,,,,,,,,,,,,False,False
439669518559926016,,,Melotte20,46.513745320528734,49.8866707801792,3.1020985,15.315567,0.1234904798068313,,,,,,,,,,,,False,False
439697693545157760,,,Melotte20,46.77492221291509,50.39057286644314,3.0847979,15.55672,0.111549345400914,,,,,,,,,,,,False,False
439718962223158016,,,Melotte20,46.99221248634878,50.409948350933895,2.5167446,14.107214,0.140392517089813,,,,,,,,,,,,False,False
439718962223158272,,,Melotte20,46.9901229108634,50.41002532000226,2.6380396,14.365037,0.1360991443150463,,,,,,,,,,,,False,False
439722604355413504,,,Melotte20,46.75247792899092,50.4888055264538,2.9490576,15.404969,0.1084378981707771,,,,,,,,,,,,False,False
439807709128929536,,,Melotte20,47.70602355860927,50.67382264691523,2.9349241,15.228717,0.1150912458837045,,,,,,,,,,,,False,False
439836128930823424,,,Melotte20,47.55522720105565,51.0579173776943,2.8925123,14.944129,0.125774704677327,,,,,,,,,,,,False,False
439925051933342720,,,Melotte20,47.738308156858366,51.65244264141107,2.4309015,13.57713,0.1753344309978695,,,,,,,,,,,,False,False
439926391963080704,,,Melotte20,47.93174507665282,51.74726258170273,3.4012518,15.665639,0.1277106768511883,,,,,,,,,,,,False,False
439949103750980864,,,Melotte20,45.90458697374945,50.68285424132984,3.122199,15.343854,0.1236058461043798,,,,,,,,,,,,False,False
440153475475258752,,,Melotte20,47.01621901499107,52.21340752385115,-0.0054888725,6.2912946,0.0781091537698396,,,,,,,,,,,,False,True
440591459061462144,,,Melotte20,42.284138703659245,51.29501963304895,2.2607021,13.827076,0.1281859463981148,,,,,,,,,,,,False,False
440637294951753088,,,Melotte20,41.97161496370398,51.64128167844318,2.2875776,14.801885,0.0796147668833816,,,,,,,,,,,,False,False
440682134411472384,,,Melotte20,43.22991740201179,51.86697383173705,1.4542637,12.208739,0.1092770461283948,,,,,,,,,,,,False,False
440694572637001728,,,Melotte20,43.84482462183927,51.95083299155216,3.0955648,15.658517,0.1081775783580591,,,,,,,,,,,,False,False
440817614858649472,,,Melotte20,44.94129716479594,51.73734782002629,3.0417862,15.198824,0.1246676631926099,,,,,,,,,,,,False,False
440934025652255872,,,Melotte20,45.98131216800365,52.2134199026616,3.200385,15.715901,0.1126480600272312,,,,,,,,,,,,False,False
440958249267343232,,,Melotte20,45.8517147365606,52.52420512326007,2.8542366,15.010725,0.1191419433935602,,,,,,,,,,,,False,False
441103002545406464,,,Melotte20,44.02063273335353,52.61915748114031,1.3499737,11.986196,0.0979849594170347,12.646698,25.610981,2.0251120885467495,,,,,,,,,True,False
441217940170117504,G17540734129350,685805092.0,Melotte20,44.831648891679976,53.01594976543984,1.0236034,10.382127,0.2112473133357431,17.008718,6.394952,0.37598083523990466,5667.69,22.67,4.617,0.028,0.093,0.012,-4.49137,0.0457,True,False
441355825800832512,G17473247917579,408716241.0,Melotte20,51.60568922995864,48.33512116333299,1.0672283,11.175467,0.0643189291572498,7.0195036,8.31846,1.1850496094909047,5450.63,32.74,4.582,0.047,0.208,0.028,-4.21645,0.12245,True,False
441356925312452736,,,Melotte20,51.54538285743276,48.38392826529509,0.048888683,7.4583282,0.0293384087681917,,,,,,,,,,,,False,True
441358776436543488,G17473226836896,263613004.0,Melotte20,51.31777672680251,48.37319131813047,1.0935307,11.364276,0.0520416568437941,21.847994,19.405933,0.888224932687184,5409.11,30.35,4.579,0.043,0.111,0.026,-4.17531,0.11319,True,False
441360498725246080,,,Melotte20,51.43176491740412,48.40710592580476,3.0366125,15.522204,0.1097014336328951,,,,,,,,,,,,False,False
441361529517032832,,,Melotte20,51.47495464158409,48.51904038820972,1.3407307,12.022864,0.0895474180089025,,,,,,,,,,,,False,False
441363140123581184,,,Melotte20,51.60861538188173,48.45922146966145,3.141121,15.845041,0.1040395335593931,,,,,,,,,,,,False,False
441370600488018048,,,Melotte20,51.29151451219103,48.39411745304463,2.9137268,14.865116,0.1319514681746231,,,,,,,,,,,,False,False
441372971309927936,,,Melotte20,51.383132811759936,48.502947669098,1.5061932,12.422881,0.1014503915033301,,,,,,,,,,,,False,False
441378159630386816,,,Melotte20,51.24692596292388,48.619444475981695,1.9051943,13.085857,0.1321102804230278,,,,,,,,,,,,False,False
441382557676778624,,,Melotte20,51.55929725098468,48.71050540915776,2.4358168,14.034738,0.1357984602045937,,,,,,,,,,,,False,False
441383176152457984,,,Melotte20,51.66998885065269,48.77677822256495,0.6527786,9.229431,0.0936479428680711,120.88099,5.3900886,0.04459004347995496,,,,,,,,,True,False
441386783924501760,,,Melotte20,51.56851498520635,48.841108997019695,1.2808828,11.847162,0.0863580122261139,,,,,,,,,,,,False,False
441390700935150336,,,Melotte20,52.07203226643703,48.68258622104822,1.3013496,11.962909,0.0806571296628068,,,,,,,,,,,,False,False
441394789743992064,,,Melotte20,51.95265585862537,48.7883794848082,2.8476868,14.955168,0.1214144234910507,,,,,,,,,,,,False,False
441396920047753984,,,Melotte20,52.16660180053229,48.7714771538526,2.7635517,14.772322,0.1238001816727945,,,,,,,,,,,,False,False
441401936569499136,,,Melotte20,52.13143339580699,48.94080218210931,0.6181698,9.265247,0.0518639029878749,,,,,,,,,,,,False,False
441402795562969728,,,Melotte20,52.05588237687769,48.93749962878944,3.0885763,15.166966,0.1298990449563431,,,,,,,,,,,,False,False
441405784860290176,,,Melotte20,51.76370517252293,48.78692986194885,0.6970072,9.422809,0.0834737702909704,,,,,,,,,,,,False,False
441405784860291328,,,Melotte20,51.76114788306066,48.78387540320987,2.5892963,14.34376,0.1322451375871561,,,,,,,,,,,,False,False
441405922299247488,,,Melotte20,51.70796403283215,48.793187734215394,2.1071405,14.809863,0.0632335995241909,,,,,,,,,,,,False,False
441405922299247616,,,Melotte20,51.70895575950744,48.79210772918558,0.7708101,9.73318,0.0838879372788306,82.70276,5.8558745,0.07080627659826588,,,,,,,,,True,False
441406472055248000,,,Melotte20,51.760240637811215,48.83860988397036,3.2780123,15.180715,0.1438102642122466,,,,,,,,,,,,False,False
441409530071698944,,,Melotte20,51.89432577614579,48.9618109969565,2.9442492,14.23363,0.1801625125180257,,,,,,,,,,,,False,False
441409701870651904,,,Melotte20,51.85407054349739,48.96982685089781,3.1052046,15.388209,0.1203029895222947,,,,,,,,,,,,False,False
441414958910333824,,,Melotte20,52.00349762548585,49.00014006842613,1.264246,11.93301,0.0684049414441027,31.332703,19.674192,0.6279123764074872,,,,,,,,,True,False
441415508666161152,,,Melotte20,51.90767550073996,48.99121759725531,0.7790251,9.952783,0.0430128217481104,,,,,,,,,,,,False,False
441416161501150848,,,Melotte20,52.01294917356026,49.062754281296215,-0.1159749,5.0241265,0.0159320772831865,,,,,,,,,,,,False,True
441418085646472832,,,Melotte20,52.0526019457395,49.1410758613701,3.1522207,15.88622,0.1032375706610639,,,,,,,,,,,,False,False
441422170156320640,,,Melotte20,51.96282956327374,49.202679707804656,1.2461786,11.505745,0.1225752383194895,,,,,,,,,,,,False,False
441427053538012544,,,Melotte20,51.19423298210052,48.753898972223226,3.2838497,16.094265,0.103649218828269,,,,,,,,,,,,False,False
441428664145199744,,,Melotte20,50.96999708679837,48.70522445441781,3.160204,16.234684,0.0924037045770534,,,,,,,,,,,,False,False
441429321280764288,,,Melotte20,51.04124584050968,48.76542354929853,2.8975706,14.982335,0.1241815294831559,,,,,,,,,,,,False,False
441429733597631232,,,Melotte20,51.10893160776812,48.73520471309013,2.397871,13.842831,0.145763024233167,,,,,,,,,,,,False,False
441430111554726784,,,Melotte20,51.08316843225364,48.78873310382024,1.0378933,11.156857,0.0455201965693544,,,,,,,,,,,,False,False
441430214633926272,,,Melotte20,51.10478870672899,48.80575743987588,1.690733,12.767555,0.1159545026498914,,,,,,,,,,,,False,False
441435643472434944,,,Melotte20,51.40067460251976,48.93249055251952,3.0325594,15.365546,0.1161152014728935,,,,,,,,,,,,False,False
441436605545191552,,,Melotte20,51.20730676356425,48.87163601824986,1.0275183,10.825649,0.1025098592817474,,,,,,,,,,,,False,False
441440999291449344,,,Melotte20,50.88853848381641,48.76207867399703,3.1023273,16.174055,0.0910555809532739,,,,,,,,,,,,False,False
441447669380929792,,,Melotte20,50.90276575870265,48.9813690834486,1.25492,11.865315,0.0722662434395352,25.247837,24.886541,0.9856900216838377,,,,,,,,,True,False
441451723829949056,,,Melotte20,51.25581783776417,49.03479136302124,2.3075838,13.516977,0.1619532457243151,,,,,,,,,,,,False,False
441451723829955072,,,Melotte20,51.24834657450144,49.029053937656855,2.810233,15.109715,0.1108618440313589,,,,,,,,,,,,False,False
441451895628606848,,,Melotte20,51.29602928046696,49.07113067371434,2.6912823,14.435665,0.1370475902075365,,,,,,,,,,,,False,False
441452239225969152,,,Melotte20,51.26377049609399,49.1116559358666,2.809369,14.654338,0.1348996379169304,,,,,,,,,,,,False,False
441453063859678592,,,Melotte20,51.25291481610823,49.131296358949406,3.1007442,16.009386,0.0960398858721323,,,,,,,,,,,,False,False
441454919285570816,,,Melotte20,51.12531343391768,49.13979354438023,0.100028515,7.7963467,0.0186485178129699,73.02433,3.643536,0.04989482272552175,,,,,,,,,True,True
441458252180075008,,,Melotte20,51.18583968518039,49.286166172554125,2.6166983,14.485387,0.1262216707934804,,,,,,,,,,,,False,False
441463612299313408,,,Melotte20,51.489253162496354,49.12063982878606,-0.09796476,6.1156387,0.0067995285951708,,,,,,,,,,,,False,False
441466189279599104,,,Melotte20,51.58083020679552,49.22558328434279,0.97262096,10.829401,0.0508915095050108,14.857135,14.556167,0.9797425277484523,,,,,,,,,True,False
441468796321473536,,,Melotte20,51.80725083458373,49.24332871073078,3.4264278,16.63132,0.0944758627190821,,,,,,,,,,,,False,False
441469002479992832,,,Melotte20,51.83507365570652,49.27915359698997,3.3127346,16.4838,0.0930874008428718,,,,,,,,,,,,False,False
441480414211324032,,,Melotte20,51.29193719879589,49.25142669834328,0.15733433,8.035589,0.0220571395152462,225.56828,8.059508,0.03572979321383308,,,,,,,,,True,True
441481170120133120,,,Melotte20,51.33649956488777,49.31605837892946,0.24867249,8.235941,0.0523313339650218,289.18573,11.606206,0.04013408960393724,,,,,,,,,True,False
441482407076055296,,,Melotte20,51.32025160710717,49.37925054887188,3.1439314,15.757285,0.1074623438592423,,,,,,,,,,,,False,False
441484365581055616,,,Melotte20,51.43786271358589,49.46851859301522,3.1273746,15.674965,0.1095927694031524,,,,,,,,,,,,False,False
441486049208233984,,,Melotte20,51.59277321722206,49.42697270887703,0.96009827,10.580173,0.0937913828843172,,,,,,,,,,,,False,False
441493058594758400,,,Melotte20,51.65294546041693,49.636810506672695,2.9642735,15.039963,0.1266579290820917,,,,,,,,,,,,False,False
441493745791802496,,,Melotte20,52.391700306791314,48.981756797186776,3.1373625,15.943778,0.1003503583887665,,,,,,,,,,,,False,False
441494192468393728,,,Melotte20,52.44541680142834,49.00938958781903,0.70822716,8.655436,0.276483619782597,114.598526,8.209634,0.07163821635890848,,,,,,,,,True,False
441495223260539904,,,Melotte20,52.37890334224557,49.05005918178309,3.2687826,15.879539,0.1104984641077248,,,,,,,,,,,,False,False
441507008650680064,,,Melotte20,52.520155489475385,49.2597125690068,2.6309452,14.465851,0.1288746315052197,,,,,,,,,,,,False,False
441510822581504512,,,Melotte20,52.63875098734028,49.45579279764485,1.2513018,11.797936,0.0791067927225173,,,,,,,,,,,,False,False
441511612855708032,,,Melotte20,52.20219523237216,49.19828389963621,1.2696009,11.939192,0.0699923736447707,,,,,,,,,,,,False,False
441514086757051392,,,Melotte20,52.40918318327254,49.33350729509019,3.102396,15.113916,0.1338026597336375,,,,,,,,,,,,False,False
441514808311297920,,,Melotte20,52.27656915562546,49.320126273864304,2.863021,14.815484,0.1303107801321003,,,,,,,,,,,,False,False
441515083189174784,,,Melotte20,52.36140287951012,49.34304748124358,1.3091002,12.087476,0.0697371914273062,21.59526,18.197601,0.8426664462479266,,,,,,,,,True,False
441515559925069312,,,Melotte20,52.0940802365771,49.24137777172319,1.167759,11.691193,0.0513659870324997,9.388764,14.77437,1.5736224704338078,,,,,,,,,True,False
441518347364301696,,,Melotte20,52.30029949773921,49.39713652239988,3.120222,16.094355,0.0944602459670349,,,,,,,,,,,,False,False
441518450443505408,,,Melotte20,52.31043277238974,49.41352206300443,3.2965822,15.365937,0.1351303346093289,,,,,,,,,,,,False,False
441519068918837376,,,Melotte20,52.15842476781948,49.38752180407316,0.20774937,8.266935,0.0133460327394126,184.74228,9.349701,0.050609427360104035,,,,,,,,,True,False
441519137638296576,,,Melotte20,52.15018498499055,49.41924687349562,2.8543777,14.8237095,0.1290770904007638,,,,,,,,,,,,False,False
441528822781879552,,,Melotte20,52.87783547377669,49.34233402880594,2.9494085,14.82433,0.1374665111250747,,,,,,,,,,,,False,False
441530613790776704,,,Melotte20,52.84285465850109,49.44100979712659,3.3490334,16.533697,0.0934723961109832,,,,,,,,,,,,False,False
441532503576745856,,,Melotte20,52.937165797433686,49.55089764122698,1.2624006,11.87492,0.074456455466402,,,,,,,,,,,,False,False
441534908758012288,,,Melotte20,52.81891430762046,49.55083637353975,2.5782785,14.193732,0.1413419189974674,,,,,,,,,,,,False,False
441540921712611072,,,Melotte20,53.20225955556464,49.68593913644722,2.9192019,15.449605,0.1045203092607385,,,,,,,,,,,,False,False
441550130122002688,,,Melotte20,52.81131868651156,49.70613125119212,0.25915813,8.4036665,0.0204954121367238,233.81888,10.617229,0.04540792001056544,,,,,,,,,True,False
441551607590775040,,,Melotte20,52.63338973618906,49.71761892665491,3.4925642,15.720458,0.1310462168192292,,,,,,,,,,,,False,False
441558445178565120,,,Melotte20,52.99483187661438,49.87004673652378,0.55358315,8.769819,0.1367112145149796,,,,,,,,,,,,False,False
441560021425198336,,,Melotte20,52.89086338926437,49.86713880823559,3.3139095,16.545849,0.0914205925313878,,,,,,,,,,,,False,False
441560399381392768,,,Melotte20,52.87592202894549,49.9019672172042,0.33963108,8.510354,0.0524317248221738,101.99344,3.4827502,0.03414680591222337,,,,,,,,,True,False
441573048067694592,,,Melotte20,52.23854928277468,49.567078538075606,2.2417736,13.788095,0.1284723623503869,,,,,,,,,,,,False,False
441576243523280640,,,Melotte20,52.30915370812209,49.687912382679336,1.2661915,11.239502,0.1950928546420917,44.190277,17.039902,0.38560296872545063,,,,,,,,,True,False
441582119038093568,,,Melotte20,51.91252462859663,49.599804528483936,-0.024587631,6.930574,0.0153845085544949,,,,,,,,,,,,False,False
441585726810505472,,,Melotte20,51.97939663372596,49.76021279567814,0.8245821,10.04177,0.0721780820697775,10.801336,4.834484,0.4475820398513666,,,,,,,,,True,False
441586379645621376,,,Melotte20,51.76158730769889,49.68622275262679,3.0252514,15.371918,0.1153050884317353,,,,,,,,,,,,False,False
441596172170885888,,,Melotte20,51.958817621241614,49.90517522202393,2.6283627,14.219303,0.1452465083326973,,,,,,,,,,,,False,False
441596172170886912,,,Melotte20,51.952405984358734,49.90498596759048,2.9929857,14.952531,0.1337934853008368,,,,,,,,,,,,False,False
441597958877235840,,,Melotte20,52.077580823424114,49.952759315110455,0.25321913,7.9103703,0.1394599985852099,,,,,,,,,,,,False,False
441603044118983040,,,Melotte20,52.67937721502974,49.93976446526145,3.152563,16.09087,0.0963863491870436,,,,,,,,,,,,False,False
441609194512096768,,,Melotte20,52.73684909567475,50.01396983147996,2.3755064,13.79038,0.1470450195884811,,,,,,,,,,,,False,False
441615413624665088,,,Melotte20,52.85149742937054,50.20749733046016,1.8053436,12.898238,0.1296108573147422,,,,,,,,,,,,False,False
441622869687432576,,,Melotte20,52.304178343523255,50.13465713307444,2.546565,14.20008,0.1372175594391554,,,,,,,,,,,,False,False
441640221355365760,G17473146880077,524012112.0,Melotte20,50.59148724389263,49.14092766399117,1.0134964,10.881486,0.0773609617596732,,,,5804.69,34.94,4.454,0.048,0.169,0.028,-3.9463,0.03776,False,False
441640668027534720,,,Melotte20,50.63549244679097,49.18763336803952,3.3599815,16.307259,0.1007818276204736,,,,,,,,,,,,False,False
441640668031763584,,,Melotte20,50.63668019862826,49.18785512050268,2.9039469,15.088656,0.1193194711909801,,,,,,,,,,,,False,False
441641698824102528,,,Melotte20,50.80513782717752,49.21315985536168,-0.08222771,5.3402457,0.0360593803852644,,,,,,,,,,,,False,True
441645237877148672,,,Melotte20,51.08008536506044,49.22114891318542,0.45404625,8.6287365,0.1029297517931342,36.998512,2.096098,0.05665357568974666,,,,,,,,,True,False
441648398972798080,,,Melotte20,50.94064177340509,49.33118787199043,2.6758919,14.545015,0.1285810584792668,,,,,,,,,,,,False,False
441650460557051904,,,Melotte20,51.02140771930528,49.404387838160254,3.4035244,16.595724,0.094375138683485,,,,,,,,,,,,False,False
441650563636259968,,,Melotte20,51.02811120837367,49.41430527336057,2.2898273,13.773071,0.1364047525290156,,,,,,,,,,,,False,False
441652487781760384,,,Melotte20,50.60743914413575,49.20169789848431,3.2423573,16.21697,0.0973631286685894,,,,,,,,,,,,False,False
441652968818106880,,,Melotte20,50.52003872475037,49.19835698652357,3.050703,15.453566,0.1135472210129857,,,,,,,,,,,,False,False
441653243696011392,,,Melotte20,50.494401488183634,49.21475471985952,0.46979237,8.804161,0.0669914649177027,,,,,,,,,,,,False,False
441658260217759744,,,Melotte20,50.44128317440092,49.37436563657436,3.2782412,15.6942,0.1185199229682112,,,,,,,,,,,,False,False
441662349026548224,G17473933198450,524011032.0,Melotte20,50.77293913147221,49.43232787145924,1.0083008,11.148864,0.0244171412806237,10.316443,14.699753,1.4248857866999314,5528.95,33.51,4.589,0.047,0.139,0.028,-4.14592,0.07472,True,False
441663998293948544,,,Melotte20,50.84483750351978,49.49421073919493,2.651781,14.294634,0.1424419982415384,,,,,,,,,,,,False,False
441665883780455424,,,Melotte20,50.73779420792447,49.50536632965138,3.2989502,16.098776,0.1043422363377331,,,,,,,,,,,,False,False
441668843016998912,,,Melotte20,50.77705041890327,49.63468659799236,2.6713781,14.632247,0.1230341811739538,,,,,,,,,,,,False,False
441671969753560832,,,Melotte20,51.28289150185586,49.46766106439553,2.9977732,15.789107,0.0971854219601296,,,,,,,,,,,,False,False
441681075084155136,,,Melotte20,51.61857663556399,49.691339621324566,2.9480572,14.387455,0.1675940984103801,,,,,,,,,,,,False,False
441683961302193792,,,Melotte20,51.33536652763936,49.71745058899748,3.0005531,14.152027,0.1942942585287031,,,,,,,,,,,,False,False
441685301331964032,,,Melotte20,51.45003861217319,49.77620460077963,3.255334,15.932027,0.1077372110218579,,,,,,,,,,,,False,False
441688840384671232,,,Melotte20,51.0712700759353,49.649965352544775,0.9128876,10.635292,0.0330187184478607,25.804106,10.771383,0.41742903241832907,,,,,,,,,True,False
441690936328665728,,,Melotte20,51.13970935211465,49.72039902176391,1.0628195,11.122451,0.0705587183248564,,,,,,,,,,,,False,False
441691451724818944,,,Melotte20,50.94500606750822,49.62850986225359,2.8342485,15.003694,0.1178428036647874,,,,,,,,,,,,False,False
441691554804027264,,,Melotte20,50.95150322304993,49.638337872347314,2.9367342,15.3117,0.1115166640065091,,,,,,,,,,,,False,False
441696330807527808,,,Melotte20,51.268333182447,49.795287368141885,0.4728222,8.675249,0.1038949658892781,12.600918,3.5802956,0.2841297435631277,,,,,,,,,True,False
441705436138537344,,,Melotte20,50.40209727381721,49.38846439991733,3.1290789,15.722617,0.107847956699267,,,,,,,,,,,,False,False
441714438389835264,,,Melotte20,50.64922452880143,49.63443164318459,2.380518,13.384696,0.1885099760618356,,,,,,,,,,,,False,False
441715915858562944,,,Melotte20,50.70176311438853,49.65633499991269,2.5815363,14.176946,0.1429456681608876,,,,,,,,,,,,False,False
441716774852012032,,,Melotte20,50.67119176292083,49.67925096764903,2.8176336,15.187968,0.107951968883887,,,,,,,,,,,,False,False
441716774852013568,G17473912107170,393103154.0,Melotte20,50.6706113657778,49.67803604229566,1.2663536,11.924575,0.0702819389219577,,,,4892.94,44.65,4.557,0.062,0.021,0.036,-4.18224,0.04425,False,False
441726842254931712,,,Melotte20,50.13241362417149,49.66647374793886,3.0268364,15.671789,0.1032163080408305,,,,,,,,,,,,False,False
441729419235245696,,,Melotte20,50.25989154979876,49.78419828717146,2.9075851,14.361832,0.1653097064940084,,,,,,,,,,,,False,False
441733508044053248,,,Melotte20,50.5378486511953,49.8478592840002,2.8330793,15.042647,0.1158427129014537,,,,,,,,,,,,False,False
441737455113305088,,,Melotte20,50.342592627998016,49.950824297708046,1.5734444,12.567064,0.1058229015521832,,,,,,,,,,,,False,False
441750928431655040,L17474050657807,393104030.0,Melotte20,51.23291608441637,50.03087345389926,1.1230516,11.320492,0.0785758022103128,14.996061,20.45956,1.3643289394461653,5367.6,28.2,4.624,0.04,0.19,0.025,-4.3855,,True,False
441756971445920384,,,Melotte20,51.14553040813826,50.23460664040618,3.7698956,16.498201,0.1152886924896189,,,,,,,,,,,,False,False
441766218515240960,,,Melotte20,50.903480633317066,50.10586379019151,3.2245178,16.213854,0.0964966287204471,,,,,,,,,,,,False,False
441772197109301888,,,Melotte20,50.76008277417778,50.31747209716004,3.5945396,16.186787,0.1175047369896863,,,,,,,,,,,,False,False
441774911528969088,,,Melotte20,50.924870116072576,50.46275154574097,2.511592,14.16142,0.1358657750486373,,,,,,,,,,,,False,False
441780168569668864,,,Melotte20,51.68315338548511,49.90944087229136,0.90248394,10.199698,0.1218592421318536,95.33367,9.841984,0.103237229826566,,,,,,,,,True,False
441780512167076224,,,Melotte20,51.55049218103427,49.87450242558791,3.0554028,15.629194,0.1066970855598883,,,,,,,,,,,,False,False
441781955276048256,,,Melotte20,51.67047336044197,49.95953983276456,2.838994,14.786075,0.1298392719714094,,,,,,,,,,,,False,False
441790888807915648,,,Melotte20,51.94508865910962,50.17642740039653,1.3610458,11.865766,0.1200441071037802,20.89702,24.053293,1.1510393826488179,,,,,,,,,True,False
441796519505164800,,,Melotte20,51.638714302853536,50.12814107466337,3.4171162,16.41061,0.1004946559733997,,,,,,,,,,,,False,False
441805869653399808,,,Melotte20,51.640620004129744,50.23169667561371,1.2211828,11.175312,0.1789288462670538,16.0921,12.124842,0.7534654892773472,,,,,,,,,True,False
441813566235162240,,,Melotte20,52.22657447549643,50.27163027220221,2.3998957,13.936889,0.1385501597996445,,,,,,,,,,,,False,False
441815146783142400,,,Melotte20,52.14457457150684,50.26676117174812,0.7603512,9.477551,0.1324606240883131,41.830616,3.690405,0.08822258319122052,,,,,,,,,True,False
441815593459726080,,,Melotte20,52.12093216868652,50.30266966483776,3.3088884,15.819743,0.1152730851518067,,,,,,,,,,,,False,False
441825145466851200,,,Melotte20,52.35183419299051,50.508089154622304,3.1154299,15.452611,0.1181102338299882,,,,,,,,,,,,False,False
441833975919663232,,,Melotte20,51.95456027329647,50.53103003579512,2.9016953,14.864332,0.1309464056070768,,,,,,,,,,,,False,False
441835346009033984,G17473397642584,393115139.0,Melotte20,52.090994575688754,50.60152392409089,1.1962395,11.298759,0.1323005246065765,130.77292,54.776455,0.4188669565533904,5518.33,26.73,4.36,0.036,0.106,0.02,-3.92167,0.02066,True,False
441849162923735552,,,Melotte20,51.40703239054832,50.32153726785539,0.8084192,9.453618,0.1857541354244907,35.707287,4.2624927,0.11937318844750093,,,,,,,,,True,False
441850640392522496,,,Melotte20,51.24470736807322,50.279473409321966,3.0883007,15.205296,0.1279043111786959,,,,,,,,,,,,False,False
441850842251784448,,,Melotte20,51.180244899656245,50.25443460322287,2.9775562,15.058365,0.126772295209571,,,,,,,,,,,,False,False
441853560970213760,,,Melotte20,51.30759089256376,50.41841036707032,3.3314152,15.542097,0.1288430990635106,,,,,,,,,,,,False,False
441856344108985344,,,Melotte20,51.6682163153907,50.39482512232541,3.2291021,15.734271,0.1137326607602127,,,,,,,,,,,,False,False
441863216056761472,,,Melotte20,51.10447101769992,50.32618318847108,0.63238335,8.710094,0.2083902796644491,242.9274,10.993469,0.04525413353948546,,,,,,,,,True,False
441866411512345856,G17473865384914,253607185.0,Melotte20,51.23761440457053,50.4816404215407,1.1392536,11.333543,0.0871322123876601,11.602023,25.359455,2.185778721521238,5515.75,35.89,4.421,0.051,0.011,0.031,-4.30869,,True,False
441874486050742016,,,Melotte20,51.55821635558953,50.6397655776655,,,,,,,,,,,,,,,False,False
441883419583084160,,,Melotte20,52.01294969392484,50.67184691681143,2.717434,14.63151,0.1274927769796544,,,,,,,,,,,,False,False
441901698963427328,,,Melotte20,51.66453652018488,50.84638853046903,0.13245916,7.5180154,0.1072884145559715,277.1637,20.522688,0.0740453674128322,,,,,,,,,True,False
441920455079650304,,,Melotte20,53.21305401671581,49.845409428542446,1.3767405,11.906088,0.1207745547252602,,,,,,,,,,,,False,False
441937295652064896,,,Melotte20,53.35011891823253,50.12951107978395,2.2441816,13.690118,0.1365146268231021,,,,,,,,,,,,False,False
441938429523471104,,,Melotte20,53.18840416788191,50.0875622094087,2.0634794,13.523562,0.1221487928548968,,,,,,,,,,,,False,False
441939181137538944,,,Melotte20,53.02522512880081,50.09817137921405,3.226019,16.026987,0.1026646807466317,,,,,,,,,,,,False,False
441942307873846912,,,Melotte20,53.44075680607362,50.14745393379464,3.3890324,16.48686,0.0967870477369826,,,,,,,,,,,,False,False
441950111834340224,,,Melotte20,53.40577710895485,50.38127948418587,2.989274,15.118735,0.1246015983073897,,,,,,,,,,,,False,False
442011581405918720,,,Melotte20,52.84328351092036,50.57841244871971,2.0424662,13.2321825,0.1444169960632284,,,,,,,,,,,,False,False
442017972317245056,,,Melotte20,52.94397900052,50.639348100944055,3.3241253,16.140804,0.1043106634726919,,,,,,,,,,,,False,False
442036938892925824,G17475203027659,374614028.0,Melotte20,53.77108493577953,50.91242858274891,0.9206686,10.548614,0.0600643471755756,27.279783,18.084068,0.6629109916306886,5861.97,20.47,4.397,0.026,0.045,0.013,-4.23261,0.03129,True,False
442041989774502272,,,Melotte20,53.49568959637165,50.882135340535726,0.7254429,9.346998,0.1303799360092351,67.35121,3.9734569,0.05899607297329922,,,,,,,,,True,False
442049377118210688,,,Melotte20,53.57682548683646,50.99097827623367,2.5370407,14.218174,0.1348596798939144,,,,,,,,,,,,False,False
442061540465390464,,,Melotte20,54.36447869832498,50.66497807802463,2.9919147,15.162201,0.1226331568898113,,,,,,,,,,,,False,False
442084561489950720,,,Melotte20,54.45015279852519,50.99377689671877,1.4153309,12.254245,0.0903829213941227,,,,,,,,,,,,False,False
442265087555890176,,,Melotte20,53.13303837278436,51.48947571120035,0.76350594,9.613687,0.1035489400353579,77.12914,7.5797777,0.0982738521394119,,,,,,,,,True,False
442265224994822400,,,Melotte20,53.16266345079708,51.51187470845319,3.3747272,16.31201,0.1014038028081948,,,,,,,,,,,,False,False
442269794840563584,,,Melotte20,52.41886852951275,50.98984072646794,2.4581194,14.158103,0.1298007633492571,,,,,,,,,,,,False,False
442277182184169728,,,Melotte20,52.571766871237365,51.14484968340152,3.1852674,15.789985,0.1087990104495324,,,,,,,,,,,,False,False
442291132237382272,,,Melotte20,51.97482820191751,51.28174067642157,2.653225,14.485926,0.1299134281023471,,,,,,,,,,,,False,False
442296732875111808,,,Melotte20,52.56002793994668,51.41502541478106,3.5782948,16.34176,0.111027216189848,,,,,,,,,,,,False,False
442414037022190464,,,Melotte20,53.21782413582613,51.84998668645128,2.6110172,14.449347,0.1278373430416102,,,,,,,,,,,,False,False
442414346259448320,,,Melotte20,53.23346257836416,51.84599276854105,2.602005,14.301056,0.1364881239621065,,,,,,,,,,,,False,False
442417954031852032,,,Melotte20,53.62406443625808,51.9240840633172,2.6321058,14.459252,0.129403403042128,,,,,,,,,,,,False,False
442480690613749888,G17473671713148,253607154.0,Melotte20,49.99049728337808,49.8684528608452,1.118988,11.322689,0.0754731906029769,,,,5482.73,32.88,4.488,0.046,0.163,0.027,-3.87153,0.03727,False,False
442497153229117312,,,Melotte20,49.836210913627866,50.00034612817239,3.21062,15.734401,0.1125576867507481,,,,,,,,,,,,False,False
442500859780507136,,,Melotte20,49.7358804988833,50.049431047558265,2.786481,14.842641,0.1220418489080603,,,,,,,,,,,,False,False
442507736028401792,,,Melotte20,50.164347858328334,50.26364152093359,2.1090279,12.566175,0.2552805565945203,,,,,,,,,,,,False,False
442507869167562624,,,Melotte20,50.2120887204343,50.254270510034495,3.173645,15.799479,0.1077183125782608,,,,,,,,,,,,False,False
442511790477510912,,,Melotte20,50.09626445717905,50.3213095839426,3.1223774,15.89488,0.1011419378507213,,,,,,,,,,,,False,False
442520174253644032,,,Melotte20,50.36061732465593,50.31673405113074,3.063325,15.340602,0.1194776194011477,,,,,,,,,,,,False,False
442549586189395968,,,Melotte20,49.68387309393015,50.15378189105994,2.9503708,15.479649,0.1054949375204664,,,,,,,,,,,,False,False
442550685701011072,,,Melotte20,49.6273123610882,50.20104882531115,2.7297869,14.642362,0.1280388149851078,,,,,,,,,,,,False,False
442550823139950080,,,Melotte20,49.65741687861714,50.22206770561449,-0.060371876,5.150276,0.0454915039628386,,,,,,,,,,,,False,True
442555358625377024,,,Melotte20,49.51877043092522,50.33002855981562,2.8013105,14.679826,0.1325934764358327,,,,,,,,,,,,False,False
442556561216146048,,,Melotte20,49.6822229935682,50.38614928972635,0.82919884,9.65548,0.1616639039158669,75.85174,6.104433,0.08047848342041988,,,,,,,,,True,False
442558932038098688,,,Melotte20,49.8111600393237,50.344571534233886,3.0193872,15.505506,0.109206130394224,,,,,,,,,,,,False,False
442570923586691200,,,Melotte20,49.58846971366828,50.55021016286287,3.0995216,15.498268,0.1150101673784042,,,,,,,,,,,,False,False
442572985170633984,,,Melotte20,49.33378387352055,50.52850810246785,3.1411152,15.543245,0.1159160142503575,,,,,,,,,,,,False,False
442576799101946240,,,Melotte20,49.59979380745911,50.55558844957185,0.27270317,7.8251047,0.1819376115259519,283.09076,12.589365,0.04447112650374036,,,,,,,,,True,False
442601194515899264,,,Melotte20,50.30096436475962,50.98549776747995,2.9147596,14.910142,0.1295147755908448,,,,,,,,,,,,False,False
442602500186073472,,,Melotte20,49.99868045763335,50.752741105117394,3.2606,15.778844,0.1139213918735801,,,,,,,,,,,,False,False
442609131615494784,,,Melotte20,50.02625839246864,50.96864774293964,0.08095169,6.983452,0.1161797861647431,234.03539,16.788433,0.07173459108043446,,,,,,,,,True,True
442659292534643712,,,Melotte20,51.33579079742886,51.013113250280426,3.3953762,16.571291,0.0946689118994389,,,,,,,,,,,,False,False
442671563260694016,,,Melotte20,51.64987349036169,51.375692030801886,2.3198357,13.860662,0.133733080671455,,,,,,,,,,,,False,False
442673968442584832,,,Melotte20,51.28019159511163,51.193334587216384,2.73736,14.51565,0.1365616161207814,,,,,,,,,,,,False,False
442676197527494784,,,Melotte20,51.424683193798685,51.3061570702245,3.0051508,15.166833,0.1234317672917991,,,,,,,,,,,,False,False
442705648117153792,,,Melotte20,50.83477557643642,51.318369356582025,1.624713,11.974287,0.2140903395215256,,,,,,,,,,,,False,False
442705648121901696,,,Melotte20,50.83461456400545,51.31865809994266,,,,,,,,,,,,,,,False,False
442736674964779648,,,Melotte20,51.53900267562953,51.64147201520295,2.6951866,12.924174,0.3259768280386553,,,,,,,,,,,,False,False
442808692978032384,,,Melotte20,49.89874707867146,51.20837856243611,3.1723232,16.223848,0.0933771548938927,,,,,,,,,,,,False,False
442826044645857408,,,Melotte20,49.8860008554888,51.52700045687619,2.0914888,13.392513,0.137920339181527,,,,,,,,,,,,False,False
442831576563419520,,,Melotte20,48.928050516245584,51.00662384910438,3.0300617,14.874031,0.1415562189036369,,,,,,,,,,,,False,False
442855559659436416,,,Melotte20,48.71836182539147,51.354749895291846,2.7905426,14.54994,0.1396608211021065,,,,,,,,,,,,False,False
442893046134189696,,,Melotte20,49.4421620075652,51.74834325372717,2.9303875,15.191578,0.1164639382264809,,,,,,,,,,,,False,False
442898474972498432,,,Melotte20,49.255080925652784,51.88497907009273,2.5021324,13.830557,0.1611099195367764,,,,,,,,,,,,False,False
442921805235699456,,,Melotte20,50.09879178078978,51.61824332613774,0.024065495,7.2455964,0.0336298044689222,,,,,,,,,,,,False,True
442927508952649344,,,Melotte20,50.276834393553074,51.6946488459379,3.0299387,15.520932,0.1092983991705534,,,,,,,,,,,,False,False
442937954313019392,,,Melotte20,50.73906364462441,51.804308413051416,3.445757,16.590733,0.0965456254798477,,,,,,,,,,,,False,False
442979289077843456,,,Melotte20,49.74056574071192,51.92671471351953,2.597065,14.283562,0.1371374436625103,,,,,,,,,,,,False,False
443116281354522240,,,Melotte20,51.71524953064754,51.91107164710912,3.3269997,16.23494,0.1013474928412682,,,,,,,,,,,,False,False
443227881784657536,,,Melotte20,53.72146717564827,52.72827498659893,2.3641462,13.698504,0.1534288862202018,,,,,,,,,,,,False,False
443335874443065088,,,Melotte20,51.60975330794155,52.451705460021614,3.3456078,16.102392,0.1068309806459319,,,,,,,,,,,,False,False
443396210143348864,,,Melotte20,50.98173180240519,52.57366320584784,1.8207026,12.909233,0.1319391463727262,,,,,,,,,,,,False,False
443462868035060352,,,Melotte20,51.3766363998103,53.45708911631687,3.07028,15.19165,0.1272160463114506,,,,,,,,,,,,False,False
443553749543188096,,,Melotte20,51.63377847309255,53.51942405026387,3.292469,16.023903,0.1065873640494418,,,,,,,,,,,,False,False
443627416818824704,G17474846315804,374614076.0,Melotte20,55.19383233271213,51.63439218216105,1.0140591,10.840031,0.0868460236305056,,,,5816.31,24.91,4.398,0.031,0.154,0.015,-3.94248,0.01473,False,False
443632055387911936,,,Melotte20,55.43874538105478,51.69848768257967,2.6270256,14.198877,0.1466076405837649,,,,,,,,,,,,False,False
443683698074526976,,,Melotte20,55.14399883846158,52.00827708779093,0.45704937,8.802034,0.0583304741438512,,,,,,,,,,,,False,False
444124808393596672,,,Melotte20,55.58406454112779,53.67300288882928,2.5674753,13.575709,0.1968047898525488,,,,,,,,,,,,False,False
444663603454525696,,,Melotte20,57.93140275916503,54.92338052255226,2.0308886,13.327527,0.1332274090110835,,,,,,,,,,,,False,False
444809288742256768,,,Melotte20,53.72587275358034,53.528041205966495,3.0489397,15.684714,0.104159803833235,,,,,,,,,,,,False,False
445733423965799040,,,Melotte20,56.5939498941257,56.11820936672987,1.3370714,11.726033,0.1318098233250596,5.0112195,9.885298,1.9726332083437974,,,,,,,,,True,False
445865399722590464,,,Melotte20,48.72838854941794,51.510695425198,3.372017,16.150375,0.1066270345739009,,,,,,,,,,,,False,False
445894399343435136,,,Melotte20,49.11508915643686,51.82349341340824,3.2591286,16.366611,0.0937361799651077,,,,,,,,,,,,False,False
445951990562023040,,,Melotte20,47.92892920922616,52.16335553380964,0.045689583,6.8277764,0.0917694678227943,329.25702,17.240911,0.05236307793832308,,,,,,,,,True,True
445990164230896256,,,Melotte20,48.60399107931471,52.56059134846781,2.960349,15.167972,0.1198998847591889,,,,,,,,,,,,False,False
445997860812376704,,,Melotte20,49.505118736690704,52.12653702092916,1.2841482,11.910438,0.0797009234190079,,,,,,,,,,,,False,False
446021191074449152,,,Melotte20,49.1416692711629,52.49729134599345,3.0441227,15.63172,0.1058593965309609,,,,,,,,,,,,False,False
446068882391314176,G17472316329330,4109222.0,Melotte20,48.94475076475354,52.51393563578825,1.3235073,11.596748,0.1488837916794819,,,,5089.97,27.52,4.406,0.038,-0.017,0.022,-3.99202,0.02516,False,False
446072043487227008,G17472315776872,253609164.0,Melotte20,48.96527067934368,52.559744928813394,1.3652267,12.034507,0.0979079571313531,6.9948797,10.540061,1.506825199581345,4725.88,40.52,4.566,0.057,-0.062,0.034,-4.25292,0.05416,True,False
446076956929732608,,,Melotte20,49.35251938785016,52.68825250226143,1.382227,11.94991,0.1165472675597321,,,,,,,,,,,,False,False
446486353212747008,,,Melotte20,50.95274335338537,53.8003582297554,2.7562342,14.424731,0.1445695935234157,,,,,,,,,,,,False,False
446517307037599232,,,Melotte20,50.03512276721351,53.65580805744282,3.3740273,16.263926,0.1029176609016234,,,,,,,,,,,,False,False
447114380511275008,,,Melotte20,46.89601435861999,53.99902626225465,2.9526167,15.403359,0.1087579083456844,,,,,,,,,,,,False,False
447683991956120064,,,Melotte20,48.91633077969794,55.74256007172798,3.1627464,16.508404,0.0850034596832631,,,,,,,,,,,,False,False
449268392507442176,,,Melotte20,50.95963656153102,56.55784523170818,1.3907881,12.149311,0.0935930226796961,,,,,,,,,,,,False,False
449268736104818816,,,Melotte20,51.007122720680464,56.57521645439293,3.1162987,15.333225,0.1236839364662931,,,,,,,,,,,,False,False
449884600055300096,,,Melotte20,53.19417179532541,58.29706919565926,0.92235374,10.510445,0.0705942231874411,8.632129,4.837192,0.5603706802806121,,,,,,,,,True,False
452874103455279488,,,Melotte20,42.55568070634655,53.27853757562099,2.5438547,14.09159,0.144845011809219,,,,,,,,,,,,False,False
461658956541259264,,,Melotte20,49.544375096108354,57.93035386262694,3.3919048,16.462332,0.0976547724315335,,,,,,,,,,,,False,False
461768327888957440,,,Melotte20,50.26434529909699,58.507601027742126,0.9632673,10.636408,0.0838475538084821,15.731302,8.461034,0.5378470262664845,,,,,,,,,True,False
63449521800719488,,,Melotte22,55.77398249072309,21.030219725596368,3.188631,15.843201,-0.2492476102682372,,,,,,,,,,,,False,False
63478654562505344,,,Melotte22,56.16601868534902,20.91161707071933,3.5028992,16.984026,-0.4053222515534476,,,,,,,,,,,,False,False
63485427727244544,,,Melotte22,56.54126990306346,21.09778618770104,2.8232632,14.815404999999998,-0.0950473979444546,,,,,,,,,,,,False,False
63502259702709888,,,Melotte22,56.38338265127785,21.246480352393984,0.24206877,7.562601,0.1153869690932158,212.5535,5.0913405,0.023953218836669357,,,,,,,,,True,True
63502745034164736,,,Melotte22,56.29806820079617,21.241338325221804,3.6311836,17.343483,-0.4351319315170872,,,,,,,,,,,,False,False
63507860340462208,,,Melotte22,56.5930615707514,21.088765008123048,3.6594982,17.123376999999998,-0.3834823737132919,,,,,,,,,,,,False,False
63527827643105408,,,Melotte22,56.53254973940973,21.34515875052968,3.4489326,17.319443,-0.4855367451641077,,,,,,,,,,,,False,False
65588484235454592,,,Melotte22,58.268966519933606,22.801152586524747,1.5994911,12.250756,0.0906660856733446,5.446831,7.5078855,1.3783951622512245,,,,,,,,,True,False
65589137070475264,,,Melotte22,58.31550471151817,22.870486617226987,2.6985512000000003,14.3320675,0.0266871358179888,,,,,,,,,,,,False,False
65603946117575936,,,Melotte22,58.256848955762266,22.979900438140568,3.056285,15.2921915,-0.1398162965648227,,,,,,,,,,,,False,False
65605354866829184,,,Melotte22,58.29240738957876,23.05279082596279,2.5858727000000004,14.223,-0.0023220822917884,,,,,,,,,,,,False,False
63546038305742720,,,Melotte22,56.01050989862372,21.220945706959625,3.1055336,15.620247,-0.2213149854047204,,,,,,,,,,,,False,False
63547270960574336,G17419371942229,286107060.0,Melotte22,56.00277227757852,21.28187233891828,1.3620434,11.669099,0.104141874885885,,,,4767.22,49.4,4.452,0.069,-0.126,0.04,-3.94826,0.03947,False,False
63547378335443200,G17419360585605,470701129.0,Melotte22,55.81130298910235,21.15257986214585,1.3318596,11.55974,0.1242130622302786,10.94137,10.1202135,0.9249493893360704,4559.28,62.48,4.559,0.096,-0.198,0.061,-4.35739,0.04836,True,False
65626623544976768,,,Melotte22,58.65574608992024,23.225564592105965,3.0511217,15.306788,-0.1474109156468855,,,,,,,,,,,,False,False
65635522717170944,,,Melotte22,58.87881546681414,23.397330586266342,2.7695847,14.756134,-0.1041796263755205,,,,,,,,,,,,False,False
63585036608738048,,,Melotte22,56.22036355889966,21.571014419622088,3.2188215,15.239743,-0.0375114194246766,,,,,,,,,,,,False,False
63589743893287936,,,Melotte22,56.56707190515839,21.68596459109819,3.2953072,16.521221,-0.3781729251097825,,,,,,,,,,,,False,False
65641634452663296,,,Melotte22,58.50472216314687,23.327914274720143,3.6113834,16.81365,-0.3326204471825233,,,,,,,,,,,,False,False
63592767549850112,G17418778470948,470708123.0,Melotte22,56.291278784383145,21.704379584291573,0.7475815,9.392272,0.1205044913524102,,,,6063.2,17.3,4.391,0.022,0.066,0.011,-4.23548,0.03335,False,False
65643184938861312,,,Melotte22,58.55428664833431,23.34726970627501,2.6172266,14.279595,-0.0056815840824067,,,,,,,,,,,,False,False
65666102884206848,,,Melotte22,58.31857793406362,23.349339904045625,3.1656342,16.02317,-0.3081426537338852,,,,,,,,,,,,False,False
63627264728628224,,,Melotte22,57.81933478424535,21.05953477169163,2.9306517000000003,15.089913,-0.1354591243251668,,,,,,,,,,,,False,False
65671634801986048,,,Melotte22,57.83124732910963,23.16358608120615,2.8686714,14.832083,-0.0748752514552137,,,,,,,,,,,,False,False
65673593307063552,,,Melotte22,57.81600521946067,23.28207232447709,2.0543022,13.089289,0.1245559348303093,,,,,,,,,,,,False,False
63632178171114624,,,Melotte22,57.46000788790077,20.96651689252344,2.952098,15.130301,-0.1381599605525725,,,,,,,,,,,,False,False
65674383581036800,,,Melotte22,57.963202320116345,23.294606604742217,2.6311836,14.228603,0.02704087622273,,,,,,,,,,,,False,False
65675895409522048,,,Melotte22,57.91290560165288,23.367730001000808,3.1555882,15.818094,-0.2566132667881476,,,,,,,,,,,,False,False
65677098000371712,,,Melotte22,57.77967751323146,23.34918317804729,2.9567537,15.52881,-0.2640784029993547,,,,,,,,,,,,False,False
65677372878285312,G17404967932811,100906014.0,Melotte22,57.71444143460519,23.32886877946897,1.2622709,11.491251,0.0498271926341886,,,,4729.26,38.93,4.656,0.049,-0.067,0.023,-4.31845,0.02689,False,False
65677506019076224,,,Melotte22,57.67951149520805,23.33201361147232,3.3798409,16.929232,-0.434758353932855,,,,,,,,,,,,False,False
65680499614460800,G17407043674798,758705119.0,Melotte22,57.98900797237602,23.3392212985117,1.4652519,11.922517,0.1044218520612643,15.165399,18.232971,1.2022744010889523,4317.06,47.77,4.568,0.062,-0.139,0.033,-4.22126,0.0353,True,False
65688539793220480,,,Melotte22,57.964863804428575,23.580170979638208,3.238186,16.273885999999994,-0.3420145617295785,,,,,,,,,,,,False,False
63654164106065280,,,Melotte22,57.89542113545657,21.211199225978085,3.507965,17.615898,-0.5180040945230584,,,,,,,,,,,,False,False
63661521387693824,,,Melotte22,58.24225480179571,21.42400112425044,2.9643965,14.765992,0.0081000305758575,,,,,,,,,,,,False,False
63662311661690880,,,Melotte22,58.14931470540614,21.356272708106925,3.0712175,15.493199,-0.1983570847705466,,,,,,,,,,,,False,False
65697267166874240,,,Melotte22,58.29021865632223,23.56311313950644,3.566150700000001,16.957226000000002,-0.3790739188613012,,,,,,,,,,,,False,False
65699569269925888,,,Melotte22,58.51141173896991,23.58347205367184,3.2016191000000003,15.835271,-0.2412949052683156,,,,,,,,,,,,False,False
65701527774387840,,,Melotte22,58.59373152659765,23.636512770187306,2.9705973,15.216422,-0.1581610935467534,,,,,,,,,,,,False,False
65707673870040832,,,Melotte22,58.21587315431726,23.563201391104737,3.5025177000000003,16.767166,-0.3594658893080649,,,,,,,,,,,,False,False
63677326867342464,,,Melotte22,58.10251694951162,21.506109143477744,2.598586,14.028138,0.0988049696049218,,,,,,,,,,,,False,False
65712488530853120,,,Melotte22,58.09386516372074,23.644663086556115,1.8280773,12.58623,0.1747989285977514,,,,,,,,,,,,False,False
65717814290369920,,,Melotte22,58.4483083989658,23.741741817375804,2.941144,14.962777,-0.0832557735076759,,,,,,,,,,,,False,False
65719463557799424,,,Melotte22,58.45023463124645,23.81918184093902,3.5918941,16.599543,-0.2890726598403947,,,,,,,,,,,,False,False
65720734868130816,,,Melotte22,58.35055879613578,23.799400414244108,2.9820576,15.218929,-0.1530433546598713,,,,,,,,,,,,False,False
63705433133130368,,,Melotte22,57.20100053548862,21.411084893674328,3.0053806,15.345707,-0.1834607306976428,,,,,,,,,,,,False,False
65732447241199744,G17407194324698,480708056.0,Melotte22,58.983561652383365,23.56706328887505,1.3021393,11.5363655,0.0891914629013964,11.634295,16.326017,1.4032665494557255,4709.16,47.02,4.589,0.064,-0.074,0.036,-4.19405,0.03671,True,False
63717665199974016,,,Melotte22,57.34390172015998,21.632098141735444,3.1922588,15.482706,-0.1365591711838434,,,,,,,,,,,,False,False
69260990509512192,,,Melotte22,53.3100112781537,24.83542766231159,3.2159834,15.6394415,-0.1760137412207096,,,,,,,,,,,,False,False
65750627840192256,,,Melotte22,58.870949393255714,23.772242308625067,1.735012,12.594611,0.057107995777362,,,,,,,,,,,,False,False
67278158729741696,,,Melotte22,58.24497934067102,25.43848141011749,3.0576267,16.183466,-0.391763025311396,,,,,,,,,,,,False,False
65768151306811904,,,Melotte22,59.40037575316987,23.9310102034192,1.9805269,13.01508,0.0905406848162282,,,,,,,,,,,,False,False
69294010218010240,,,Melotte22,54.02223934604324,25.35081711484489,2.9261055,15.159132,-0.1619911041765166,,,,,,,,,,,,False,False
69294319455655808,,,Melotte22,53.98363478173581,25.3663566448574,2.501974,14.005911,0.0368921139150826,,,,,,,,,,,,False,False
65772789871345024,,,Melotte22,59.50825675474172,23.89833703515325,3.2179307999999995,15.879832,-0.2469052029425832,,,,,,,,,,,,False,False
65775195052996608,,,Melotte22,59.6048277744252,24.016123941933326,3.0067682,15.1690035,-0.1227259344540882,,,,,,,,,,,,False,False
65776736943479808,,,Melotte22,59.587172485647535,24.08092060838245,0.0338969229999999,7.163851299999998,0.0077684138901112,64.36334,2.9937737,0.046513647365099456,,,,,,,,,True,True
67304959325424768,,,Melotte22,58.280428460267885,25.78915388449124,3.3793697,16.255454999999998,-0.2822013827405812,,,,,,,,,,,,False,False
65779971056668032,,,Melotte22,59.38781403425705,23.94626374387572,3.0123434,15.339501,-0.1779281412427021,,,,,,,,,,,,False,False
65781345446197504,G17403507101819,758709238.0,Melotte22,59.32027138426084,24.00899009889595,1.3529949,11.609704,0.1272836286266946,,,,4674.5,43.31,4.49,0.057,-0.1,0.03,-4.12068,0.03101,False,False
65783029073414144,,,Melotte22,59.07754410450524,23.96421430172661,2.3377056,13.63122,0.0920907667870581,,,,,,,,,,,,False,False
69313419173585792,,,Melotte22,53.09406039266276,24.99282335823085,3.5217972,17.419666,-0.4812998542330831,,,,,,,,,,,,False,False
65787289680918528,G17403505634608,160110226.0,Melotte22,59.38888478791151,24.05298646073321,1.1356583,11.174502,0.0182262829566259,10.139419,9.013637,0.8889697723311364,5107.36,34.21,4.731,0.044,0.051,0.022,-4.36251,0.04263,True,False
63773774653147904,,,Melotte22,58.19032854954304,21.68868595206207,2.7598705000000003,14.511881,-0.0115170434531914,,,,,,,,,,,,False,False
63775355201110016,,,Melotte22,58.20296923378865,21.7075943267629,2.0358124,12.927442999999998,0.2011075913476663,,,,,,,,,,,,False,False
63781329497669504,,,Melotte22,58.39751938706021,21.78479398088961,3.4990635,17.450012,-0.4931755358573589,,,,,,,,,,,,False,False
65800930496992512,G17406989108189,160110141.0,Melotte22,58.61658885428691,23.835174746032443,1.6999273,11.633076,0.6806633713453331,,,,4067.46,38.65,4.507,0.05,-0.136,0.027,-4.16133,0.03102,False,False
65801205374896128,,,Melotte22,58.60004820565496,23.86617985601141,3.326889,16.740437,-0.4143577941625034,,,,,,,,,,,,False,False
63786625195137664,,,Melotte22,58.26761880948107,21.88980803819836,3.4545230000000005,16.527723,-0.3214586786896676,,,,,,,,,,,,False,False
65807218329068544,,,Melotte22,58.89344311764004,23.974417285254003,3.1802654,15.968283,-0.2874539614278277,,,,,,,,,,,,False,False
69335619861034752,,,Melotte22,52.81657763314234,25.25525753177216,0.32064533,7.874223700000001,0.0972512722950119,128.07632,2.737239,0.02137193667026036,,,,,,,,,True,False
63795455648004608,,,Melotte22,58.645059539912566,21.88371044606809,2.296548,13.535269,0.1071257696604474,,,,,,,,,,,,False,False
65814979333012352,,,Melotte22,58.61721631631697,23.943195602541127,3.4443207,16.651820999999998,-0.3539763103338753,,,,,,,,,,,,False,False
65819965792011904,,,Melotte22,58.590039916938494,24.07548827886125,0.6966171,9.166551,0.1067431190363415,59.742805,9.3503065,0.15650933196055994,,,,,,,,,True,False
65823676643738368,,,Melotte22,58.7874571658436,24.08390113066741,2.7174673,14.443658,-0.0098466517337211,,,,,,,,,,,,False,False
69351219182301184,,,Melotte22,53.55617770252821,25.423579863502788,3.0932083,15.631620000000002,-0.2304576430209393,,,,,,,,,,,,False,False
65830548591559936,,,Melotte22,59.12049699590219,24.03155863771737,2.9411402,15.288203,-0.1972558850168474,,,,,,,,,,,,False,False
67349764424286848,,,Melotte22,57.98975312247033,25.808514833665072,2.9541150000000003,14.971893,-0.0794167098744584,,,,,,,,,,,,False,False
67352066526730240,,,Melotte22,58.1622013642026,25.84024414508696,2.9164333,14.916925,-0.0798771987781372,,,,,,,,,,,,False,False
63824901943723392,,,Melotte22,58.01832823927351,21.760705033269936,3.3072872,16.224325,-0.3025677802600198,,,,,,,,,,,,False,False
63826070174824192,,,Melotte22,57.96492519317744,21.82121116295872,2.9463444,15.031416,-0.1058443676183481,,,,,,,,,,,,False,False
63826448131945984,,,Melotte22,57.96633451930021,21.822564566552924,2.7960463,14.621999,-0.0347747630621355,,,,,,,,,,,,False,False
65844361206181376,,,Melotte22,59.10811041445936,24.28079460719568,2.0517874,13.170077,0.0765124653997155,,,,,,,,,,,,False,False
63839023796354560,,,Melotte22,58.02785653537796,22.0205235976404,3.0913715,15.870787,-0.2992679631059811,,,,,,,,,,,,False,False
67368353043627648,,,Melotte22,57.824864278483496,26.022656116606907,3.281642,15.740949,-0.1776778463254102,,,,,,,,,,,,False,False
67368834079044224,,,Melotte22,57.82803686460933,26.05415071936616,3.0912428,15.610303,-0.2249649020222282,,,,,,,,,,,,False,False
67368868438779392,,,Melotte22,57.85075265100442,26.053004292026344,2.6246195,14.224479,0.0243066430015954,,,,,,,,,,,,False,False
67369658709673344,,,Melotte22,57.98934328927283,25.998665776464502,0.20271397,7.506190299999999,0.0929075065499338,206.9781,7.4553533,0.03602001032959525,,,,,,,,,True,True
67373094686549632,,,Melotte22,58.05557458367478,26.14343846137552,2.6743288,14.37185,-0.0073528965114772,,,,,,,,,,,,False,False
63849572235829248,G17406646494522,480701122.0,Melotte22,57.84954902450772,22.11318468183651,1.453537,11.939822,0.0759947763344964,8.434342,20.053082,2.377551443847072,4472.52,50.98,4.487,0.07,-0.144,0.04,-4.19935,0.04056,True,False
67376633739588352,,,Melotte22,58.055037824314425,26.19580073198191,2.4389095000000003,13.723164,0.1288879529396289,,,,,,,,,,,,False,False
67381787700522240,,,Melotte22,58.398054567533606,26.118798687539105,3.3380146,15.666292000000002,-0.1283783175547909,,,,,,,,,,,,False,False
65864427293364864,G17403479571453,480709178.0,Melotte22,58.993432103561965,24.549733274203767,1.3281765,11.57429,0.1087792215489888,12.926551,19.805807,1.5321803163117527,4578.84,47.94,4.447,0.067,-0.151,0.038,-4.20848,0.03324,True,False
69400010010608768,,,Melotte22,54.350690690149385,25.72212307884839,2.2601385,13.460749,0.1148081049376307,,,,,,,,,,,,False,False
65871501101936896,,,Melotte22,60.3685144150885,23.51647236875193,3.8690033,17.2662,-0.3479966879088054,,,,,,,,,,,,False,False
69400834644329984,,,Melotte22,54.31970634887374,25.736314939496413,3.0336237,15.554015,-0.2350578286277818,,,,,,,,,,,,False,False
63876402894075904,G17407446450410,480708210.0,Melotte22,58.47018383728589,22.41833148614529,1.2946749,10.948159,0.4638615941713638,,,,4987.96,55.74,4.501,0.085,-0.101,0.052,-4.21342,0.04126,False,False
69409424578948608,,,Melotte22,53.95961574332576,25.70558993856639,2.8108625,14.623628,-0.0262297529547156,,,,,,,,,,,,False,False
63884584809145600,,,Melotte22,58.23743741144485,22.433510882380983,2.522913,14.0364685,0.0380909748820499,,,,,,,,,,,,False,False
63889085934846208,,,Melotte22,58.472251631731964,22.510271900178733,3.3859043,16.593544,-0.3616253618712098,,,,,,,,,,,,False,False
63892006512622848,,,Melotte22,58.215561212090215,22.525604769152533,2.790759,14.551169,-0.0084702467519646,,,,,,,,,,,,False,False
69420213536768896,,,Melotte22,54.40615017570332,25.69704430652689,3.060485,15.883916,-0.3161594052722433,,,,,,,,,,,,False,False
63916431989200256,G17406489718798,286106110.0,Melotte22,56.892443335703184,21.746606304672703,1.2186346,11.301289,0.0916459076337991,15.481597,7.506752,0.4848822766798541,4817.09,40.67,4.687,0.055,0.029,0.03,-4.37942,0.04118,True,False
63923205154013312,,,Melotte22,56.9207509878919,21.81791678755716,3.376501,16.67526,-0.3831318039132323,,,,,,,,,,,,False,False
69448899622936704,,,Melotte22,54.5426383190517,26.12574765714168,3.5530186,18.269205,-0.6002240859147085,,,,,,,,,,,,False,False
67429856973800960,,,Melotte22,59.19420155659745,26.34995789873852,3.4210625,16.02439,-0.2020788452865839,,,,,,,,,,,,False,False
63937700667501184,,,Melotte22,57.2624340790401,21.912855844111924,3.3087254,16.182955,-0.2913635170176801,,,,,,,,,,,,False,False
69461784523819904,,,Melotte22,53.76968886837607,25.84655247708449,3.4895,16.837252,-0.3791568906304311,,,,,,,,,,,,False,False
63940208928422656,,,Melotte22,57.42386029705321,21.93853014178813,3.4041386,16.905266,-0.4219166610306801,,,,,,,,,,,,False,False
69470206956077056,,,Melotte22,53.99969599895128,26.02550242086687,3.409707,15.9801855,-0.1939515723068976,,,,,,,,,,,,False,False
63953819680971008,,,Melotte22,57.07348073664716,22.066808749749143,2.9618626,15.235043,-0.169003920702036,,,,,,,,,,,,False,False
65937712317870592,,,Melotte22,60.21057974933153,23.73126048947128,4.0513897000000005,17.116999,-0.2583325352254149,,,,,,,,,,,,False,False
63957526236677632,,,Melotte22,57.27164299822128,22.081152230266124,3.4355106,17.549097,-0.5278557327989853,,,,,,,,,,,,False,False
63959351598814336,,,Melotte22,57.45189885867809,22.17997112385835,2.692378,14.575137,-0.0807054593174229,,,,,,,,,,,,False,False
65945997312877952,,,Melotte22,60.3004121331951,23.903463478351625,3.0459242000000004,14.563474,0.1479939558162059,,,,,,,,,,,,False,False
69485978075890176,,,Melotte22,53.68502739174053,26.09579541394801,1.4556036,12.089619,-0.0119557919911403,,,,,,,,,,,,False,False
69486733990130048,,,Melotte22,53.67316799130214,26.157434577086487,3.4567184,16.301975,-0.2641848357311662,,,,,,,,,,,,False,False
69502298951642496,,,Melotte22,54.4071422812499,26.35099194708492,2.9964962,15.418863,-0.2113309402729395,,,,,,,,,,,,False,False
63989691247627776,,,Melotte22,56.41308608611315,22.07294179043932,3.2857714,15.999539000000002,-0.2515709131316717,,,,,,,,,,,,False,False
65963348980559616,,,Melotte22,60.03762711608223,24.05693100136416,3.073882,15.762746,-0.2772494662925134,,,,,,,,,,,,False,False
58259414601023744,,,Melotte22,54.295322597929896,21.202612534358693,3.1985377999999995,15.93491,-0.2706194825806901,,,,,,,,,,,,False,False
63995562466405760,,,Melotte22,56.70921754523774,22.21163348380445,3.4892616000000003,16.440338,-0.287247408614386,,,,,,,,,,,,False,False
61463185326116352,,,Melotte22,51.588706288168,21.52099288234844,3.2536907000000004,16.187154999999994,-0.3144064355836341,,,,,,,,,,,,False,False
63999999169130112,,,Melotte22,56.63057727286235,22.30531041998627,3.2331133,15.299266,-0.0522113144895749,,,,,,,,,,,,False,False
64001339197473408,,,Melotte22,56.99190698106537,22.113993975562888,3.5428677000000004,17.685474,-0.5193515734665638,,,,,,,,,,,,False,False
64006905476619776,,,Melotte22,56.84689444035547,22.24435427602141,1.8874846,12.940072,0.0338314216609651,,,,,,,,,,,,False,False
64007244778181248,,,Melotte22,56.936175174547365,22.212093026243487,3.357586,16.809385,-0.4180783105957593,,,,,,,,,,,,False,False
64005183194070272,,,Melotte22,56.86559864639669,22.160615177733305,4.0753765,18.4027,-0.4933959441669289,,,,,,,,,,,,False,False
61484174830107776,,,Melotte22,52.21831610177789,21.80736900685376,3.1267834,16.184212,-0.3643269804938061,,,,,,,,,,,,False,False
64021714523841280,,,Melotte22,56.83519780827225,22.365563362379287,3.2313108,15.7275,-0.1962312181390698,,,,,,,,,,,,False,False
64024081049308800,,,Melotte22,56.66922521710205,22.3675269201564,3.4698296,16.432385999999994,-0.2925258671729363,,,,,,,,,,,,False,False
64027143362491008,,,Melotte22,56.93624264298835,22.397962763767943,3.1400652,15.368991,-0.1238117975598143,,,,,,,,,,,,False,False
64032503481665280,,,Melotte22,56.84367439641738,22.51956046416427,3.3903885,16.253145,-0.277282628144498,,,,,,,,,,,,False,False
61519672735818880,,,Melotte22,52.86820969642943,21.821703904435367,0.55850506,8.422091,0.1911444119728242,,,,,,,,,,,,False,False
64037588724758400,,,Melotte22,57.633191798463365,22.146378224514084,2.7975054,14.757266,-0.0879372881129093,,,,,,,,,,,,False,False
64040818540162304,,,Melotte22,57.59554260676544,22.188131148359,1.9026098,12.751032,0.1607367486292844,,,,,,,,,,,,False,False
66009047433698048,,,Melotte22,61.307324692396286,24.14506149325301,3.2771187000000004,15.865156,-0.2169998815034792,,,,,,,,,,,,False,False
69573251811510912,,,Melotte22,53.21412091084306,25.915627009848595,3.1691465,15.896445000000002,-0.2726289446576736,,,,,,,,,,,,False,False
64050645425295872,,,Melotte22,57.76638978663602,22.404544971048765,1.9322557,12.886795,0.1127909767259798,,,,,,,,,,,,False,False
69575313395795584,,,Melotte22,53.25165254176464,25.995840734677515,1.4381809,11.838497,0.1166113807860422,,,,,,,,,,,,False,False
61554650949438208,G17418618293058,286103232.0,Melotte22,53.2743726860314,22.13404726062533,0.9996071,10.620248,0.0747934247386784,8.020803,3.364107,0.4194227186479957,5406.41,36.02,4.699,0.048,0.194,0.026,-4.26172,0.04452,True,False
64057895330132224,,,Melotte22,57.35654014147826,22.312209187153343,3.2433224,16.225089999999998,-0.3280275719447025,,,,,,,,,,,,False,False
64059407158605568,,,Melotte22,57.39781407380615,22.39046720119339,3.0555935,15.798702,-0.2953515100520387,,,,,,,,,,,,False,False
69583177479805824,,,Melotte22,52.83633248313048,25.95920734772605,3.5655518,17.819302,-0.5339473878094265,,,,,,,,,,,,False,False
69583456653826048,,,Melotte22,52.81107055987313,25.980897995552468,2.1984596,13.393092,0.0951644874877701,,,,,,,,,,,,False,False
58368884727558784,,,Melotte22,52.39678773367461,20.9407590168408,2.2704353,13.493149,0.1065471974048549,,,,,,,,,,,,False,False
69585140280997760,,,Melotte22,52.824851336654994,26.02861264020929,1.2807579,11.595516,0.0167987842438704,43.926407,15.222337,0.3465418193661958,,,,,,,,,True,False
64064011363520512,,,Melotte22,57.65595238915255,22.468747646826067,2.9244423,15.068516,-0.1312295010730474,,,,,,,,,,,,False,False
64066107307543296,G17406620541550,100907066.0,Melotte22,57.72446938728029,22.547865345919984,1.3313408000000002,11.627783,0.0801815421597615,7.9780784,18.048853,2.262305795340392,4768.65,48.42,4.58,0.067,-0.036,0.038,-4.11093,0.04236,True,False
64073597730589952,,,Melotte22,58.143694847767314,22.50195524647832,2.3957539,13.840935,0.0340551450459247,,,,,,,,,,,,False,False
64078167575681152,,,Melotte22,58.02330445629013,22.581852069526896,2.5074873,13.948632,0.0688137686849702,,,,,,,,,,,,False,False
67527885307288192,,,Melotte22,59.21518684477464,26.80722984337932,2.8978395,15.101884,-0.1573718400019339,,,,,,,,,,,,False,False
67540495331120128,,,Melotte22,58.99977541862079,26.99977429320301,3.0709887000000005,15.652442,-0.2469002152849516,,,,,,,,,,,,False,False
64092907903452800,,,Melotte22,57.77559689630136,22.633376347393465,3.1439896000000003,15.823666,-0.2632912901801436,,,,,,,,,,,,False,False
64094041774819328,,,Melotte22,57.71451144364131,22.6659300235572,3.620226,17.054459,-0.3818059114666126,,,,,,,,,,,,False,False
64103009666497024,,,Melotte22,57.8493130484248,22.84127295815065,1.83957,12.727442,0.1023646307727378,,,,,,,,,,,,False,False
64104933811828480,,,Melotte22,57.96086681799793,22.89551471851388,2.7890787,14.68459,-0.0644502459951647,,,,,,,,,,,,False,False
64109915973846528,,,Melotte22,57.40917152307786,22.53328562479943,0.042464733,6.964559,0.0475293362539012,,,,,,,,,,,,False,True
69643757994608512,,,Melotte22,52.890214399571285,26.265278248610983,0.87231827,10.059653,0.0916678552651167,15.18368,6.6332917,0.4368698299753419,,,,,,,,,True,False
64114245300877184,,,Melotte22,57.297001520377655,22.60925800573176,0.23435354,7.545788000000001,0.1125308340026202,153.58981,4.0197434,0.026171940703618297,,,,,,,,,True,True
64117062799542016,,,Melotte22,57.59190695450506,22.62549947941777,2.8930483,14.972922,-0.1139962212426002,,,,,,,,,,,,False,False
64117784354039040,,,Melotte22,57.60500935965607,22.675354364650342,3.2050438,16.087564,-0.3085960702603145,,,,,,,,,,,,False,False
69649736589001600,,,Melotte22,52.63976975201179,26.21555153475187,1.4558573,12.031796,0.0229533950508041,,,,,,,,,,,,False,False
67576332537157888,,,Melotte22,53.13743027013415,22.30325801554452,3.138382,15.782391,-0.2540577653388934,,,,,,,,,,,,False,False
69651759518208000,,,Melotte22,52.65622522456368,26.34587768378552,3.0907269,16.041603,-0.3439935385458132,,,,,,,,,,,,False,False
64128294135554688,,,Melotte22,57.02388607490693,22.63577808524991,2.9875917000000003,15.113349,-0.1131200148895995,,,,,,,,,,,,False,False
64129294866302336,,,Melotte22,56.97574688018189,22.656941491685657,3.040782,15.605882,-0.2471850261605163,,,,,,,,,,,,False,False
64136063734692224,,,Melotte22,57.361046520859134,22.84835269893951,2.8685455,15.144629,-0.1876514661872955,,,,,,,,,,,,False,False
64148738180119680,G17406565962041,480705142.0,Melotte22,57.691890731725,22.930477009181253,1.4772148,11.7497225,0.2358706436119378,12.079327,20.214844,1.6735074727259227,4444.27,32.19,4.353,0.042,-0.187,0.022,-4.0254,0.0247,True,False
67618285777617664,,,Melotte22,53.88216141527742,22.82338338603445,0.7007408,9.30285,0.0329139031039903,20.276567,2.272803,0.11209012847194498,,,,,,,,,True,False
64157023175179776,,,Melotte22,57.832462079838784,23.06764529550337,3.3113117,16.28302,-0.3157759782633474,,,,,,,,,,,,False,False
64160940185240064,,,Melotte22,57.57335850579678,22.93288336585553,3.4512691,16.257070000000002,-0.2544564765820005,,,,,,,,,,,,False,False
64163242287720448,,,Melotte22,57.42177355261738,22.944500325032788,3.70117,17.10793,-0.3671178523394398,,,,,,,,,,,,False,False
64168705486089216,,,Melotte22,57.61603139023371,23.06512486371312,3.0461369,15.688656,-0.2687932543574814,,,,,,,,,,,,False,False
64174546641593984,,,Melotte22,57.66222912452411,23.21722758953147,2.5683336,14.226943,-0.0164344317940394,,,,,,,,,,,,False,False
69704643451409792,,,Melotte22,53.698136158251785,26.370280511169337,2.9518929,15.405487,-0.2291354980434669,,,,,,,,,,,,False,False
66111886127026944,,,Melotte22,61.19023428440181,24.68859269609942,3.3145933,14.7724695,0.213602252900172,,,,,,,,,,,,False,False
67662330666441088,,,Melotte22,53.58075523166277,22.811599643349552,3.5191135,17.002039,-0.4037027679744194,,,,,,,,,,,,False,False
67667935599570432,,,Melotte22,53.45758590718418,22.93866437031977,3.0366162999999995,15.937686,-0.3404056310857132,,,,,,,,,,,,False,False
67680850564641792,G17418650921318,631314180.0,Melotte22,53.30800661762213,23.006232598562264,1.1512813999999998,11.034441,0.1326269351496476,,,,4967.89,34.19,4.716,0.043,0.061,0.021,-4.24062,0.02686,False,False
64215125490886656,,,Melotte22,55.2058631607871,21.21523008243146,3.0647564,15.282515,-0.1321692479803539,,,,,,,,,,,,False,False
64232271000313472,,,Melotte22,55.15764956916067,21.406116679438288,3.3436517999999995,15.85756,-0.1857929112518186,,,,,,,,,,,,False,False
69754155834196224,,,Melotte22,52.873349412978754,26.503282529542737,2.9310074,15.431042,-0.2472642033857361,,,,,,,,,,,,False,False
69763158085629440,,,Melotte22,53.06384016551466,26.69831308698733,2.6816444,14.298569,0.0302597750446014,,,,,,,,,,,,False,False
67724697887107200,,,Melotte22,54.16008003272868,23.14547753490501,3.3112183,16.198092000000006,-0.2942846388464015,,,,,,,,,,,,False,False
69763329884321664,,,Melotte22,53.04295162788611,26.7034415365963,3.0141373,15.086542,-0.0890602029041224,,,,,,,,,,,,False,False
64250477365329536,,,Melotte22,54.53675116931428,21.246791939181502,2.0704517,13.1359215,0.1143228055689226,,,,,,,,,,,,False,False
67732257029618048,,,Melotte22,54.59755350922265,23.10784617892233,2.1313496,13.273613,0.0972168221052895,,,,,,,,,,,,False,False
67736070960579072,,,Melotte22,54.40459134186733,23.18260356156345,2.98246,15.497606,-0.2424509694331058,,,,,,,,,,,,False,False
64259518272776576,,,Melotte22,54.76463876832086,21.42208398595951,3.1410465,15.517677,-0.1726119862001428,,,,,,,,,,,,False,False
67747615832673408,,,Melotte22,54.31896492165065,23.184364977067364,3.010007,15.242684,-0.1466579817375809,,,,,,,,,,,,False,False
67756789882795008,,,Melotte22,54.48519642738677,23.38223216602577,2.7755547000000003,14.645842000000002,-0.057205117437738,,,,,,,,,,,,False,False
64272128296706432,,,Melotte22,54.30138903002327,21.46795287013027,1.2081442,11.356697,0.0387423629506604,10.43523,10.502665,1.006462243764632,,,,,,,,,True,False
66161020555461120,,,Melotte22,59.80387587470014,24.28830738828529,3.0548773,15.584092000000002,-0.2340886688109645,,,,,,,,,,,,False,False
64276315888567424,L17419437310265,286105137.0,Melotte22,54.62432671280883,21.56488406650005,1.3515911,11.628508,0.1129426703402496,,,,4680.1,38.29,4.467,0.053,-0.116,0.031,-4.13593,0.03561,False,False
69794528526747136,,,Melotte22,53.15127798157078,26.969356674667303,3.6527958,17.005860000000002,-0.36108828608326,,,,,,,,,,,,False,False
67793309988387456,,,Melotte22,53.82823630611728,23.43898624597745,3.625023,16.99236,-0.3672452801161696,,,,,,,,,,,,False,False
64298271761308032,,,Melotte22,55.04997890703064,21.8087186449521,3.6175422999999993,17.480087,-0.4638765486028829,,,,,,,,,,,,False,False
69806039039416832,,,Melotte22,56.27740714247925,24.67840904027261,3.4046497,16.268385000000002,-0.2756668488013308,,,,,,,,,,,,False,False
67799189799869312,,,Melotte22,53.744536241960745,23.529954931526195,0.49889278,8.465299,0.0444797655430011,,,,,,,,,,,,False,False
69807963184755840,,,Melotte22,56.25481939508828,24.77790782840076,2.989872,15.262377,-0.1637304237608494,,,,,,,,,,,,False,False
69811364798863744,,,Melotte22,56.10348570342802,24.768212832129016,2.235385,13.390887,0.1304973434917379,,,,,,,,,,,,False,False
69811948914407168,,,Melotte22,56.16992233857661,24.81833395794688,0.7056836999999999,9.281519,0.0613881002486932,,,,,,,,,,,,False,False
69812945346809344,,,Melotte22,56.286585684392605,24.84194865005806,2.612996,14.727977,-0.1876909700187707,,,,,,,,,,,,False,False
69812945346809600,,,Melotte22,56.29068291043696,24.839057004118644,-0.08046627,5.680828,0.0274342211586233,272.57205,14.951121,0.05485199601353111,,,,,,,,,True,True
69814388455816960,,,Melotte22,56.20917356922094,24.910910263577428,1.562665,12.1558695,0.0988726956343613,,,,,,,,,,,,False,False
69819027020489088,,,Melotte22,56.35062955613471,24.88577921413497,0.6845684,9.147874,0.0762199494429742,27.59616,3.5462387,0.12850478834736426,,,,,,,,,True,False
69823940463098112,,,Melotte22,56.11334731433767,24.844954539284807,3.1903744,16.79668,-0.4725808316434548,,,,,,,,,,,,False,False
69824730737081600,,,Melotte22,56.04708125749789,24.87605286456649,3.2501335,16.243485999999994,-0.3298964761843753,,,,,,,,,,,,False,False
64317998547641344,G17419343577616,470705021.0,Melotte22,55.60007912242965,21.473277522535195,0.7112541,9.27505,0.0832589447469986,16.612595,2.7525253,0.1656890630271791,6202.33,27.87,4.388,0.038,0.065,0.021,-4.278,0.0644,True,False
69829541100441600,,,Melotte22,55.98635194866267,24.99332425780092,2.4658098,13.917029,0.0520563386428718,,,,,,,,,,,,False,False
69834282744302208,,,Melotte22,56.26209890464936,25.088651762657648,3.1722374,15.675518,-0.2072853702173536,,,,,,,,,,,,False,False
69834759483788928,,,Melotte22,56.30646591338826,25.087560849137287,1.4643488000000002,11.981714,0.0660168493035325,,,,,,,,,,,,False,False
69834866859848192,,,Melotte22,56.325703284283655,25.09934109815261,1.78121,12.655458,0.0766205098888164,,,,,,,,,,,,False,False
64331123967672448,,,Melotte22,55.637991590709326,21.704494346750018,3.020321,14.976652,-0.0441816356782165,,,,,,,,,,,,False,False
69837134602589952,,,Melotte22,56.21473010374198,25.08777464661099,3.1792479,15.692143,-0.2091203110766391,,,,,,,,,,,,False,False
69838131035001856,,,Melotte22,56.13412411806881,25.13659429380857,3.1727524,16.12656,-0.3316839749549143,,,,,,,,,,,,False,False
69838302833692160,G17525742586248,100915119.0,Melotte22,56.15605465286112,25.13758449624277,1.5025406,11.986783,0.1191349613361902,7.955075,13.50841,1.6980870702036122,4272.85,45.91,4.6,0.063,-0.142,0.036,-4.20062,0.03683,True,False
69840879814047872,G17525740849855,100915126.0,Melotte22,56.26681313037545,25.25764686690752,0.8806629,10.023086,0.1281406133032549,13.823981,3.5076916,0.2537396137914252,5861.22,34.9,4.463,0.05,0.082,0.03,-4.18982,,True,False
67832346947351424,,,Melotte22,54.04620601476943,23.806258139558725,3.2489004,15.938464000000002,-0.2501316993748754,,,,,,,,,,,,False,False
69847610026687104,,,Melotte22,56.61407039498717,25.13533113169354,0.8369837,9.900019,0.0883190196110346,14.453335,5.9013534,0.40830392431919693,,,,,,,,,True,False
61917043110119552,,,Melotte22,52.006616040812,23.07828308330441,2.9746141,15.308877,-0.1869590577662868,,,,,,,,,,,,False,False
64346070453848320,,,Melotte22,55.64858425129453,21.84143459747364,2.3743706,13.59677,0.1418956881313,,,,,,,,,,,,False,False
64346276612274816,,,Melotte22,55.68488918855788,21.853444783997144,3.1351376,15.678698,-0.2252226609045959,,,,,,,,,,,,False,False
69854348831573504,,,Melotte22,56.72520599409402,25.24564655686341,2.4484262,13.906964000000002,0.0434236656515337,,,,,,,,,,,,False,False
69856272976786560,,,Melotte22,56.69669194844696,25.347943524190068,3.1941824,15.294246,-0.0702168313826259,,,,,,,,,,,,False,False
69857235049588736,G17526614038289,100909112.0,Melotte22,56.811777082442,25.37162604311057,1.0868158,10.797315,0.1499541543220963,14.466565,25.250763,1.7454567134630785,5376.57,41.64,4.575,0.056,0.098,0.031,-4.04459,0.03096,True,False
69859124835119360,,,Melotte22,56.466539936742535,25.16698929532755,3.124382,15.549651999999998,-0.1907034293082525,,,,,,,,,,,,False,False
69860293066219136,,,Melotte22,56.41275809461307,25.224208945373555,2.121193,13.218296,0.118171695235354,,,,,,,,,,,,False,False
69863454162150656,,,Melotte22,56.32088462821245,25.26308312257617,2.6992493,13.726994,0.3421879352255231,,,,,,,,,,,,False,False
66223585341377152,,,Melotte22,59.41233223813142,24.46196958325679,3.5483456,17.337073999999998,-0.4587880969681138,,,,,,,,,,,,False,False
69871219462957952,,,Melotte22,56.69080914397628,25.45824837858355,2.700879,14.453748,-0.0250624980760849,,,,,,,,,,,,False,False
64380636350910464,G17418810048639,416811224.0,Melotte22,55.879802083014745,22.158174613753413,0.8913317,9.701839,0.3287606866307232,17.74617,2.9090443,0.16392519061859545,6143.13,20.51,4.395,0.026,0.026,0.013,-4.23391,0.04267,True,False
69873418486230272,,,Melotte22,56.51601035672584,25.45279619677869,1.8720064,12.862077,0.0607937482057488,,,,,,,,,,,,False,False
67878663874731136,,,Melotte22,53.03286449262046,23.232426220974705,2.8502302000000004,14.876077,-0.1023509086147924,,,,,,,,,,,,False,False
69876712724339456,G17525738140234,100915200.0,Melotte22,55.95148238599582,25.004185022844748,1.1084728,10.793709,0.1953053947880812,120.83966,24.329697,0.20133867473642347,5484.35,38.22,4.551,0.05,0.158,0.027,-3.86215,0.02168,True,False
64387439578878208,,,Melotte22,55.19923341453409,21.72258179641576,3.3246937000000005,16.783045,-0.4239147569564331,,,,,,,,,,,,False,False
69877163697813248,,,Melotte22,55.94994861466847,25.05300565392932,1.9273453,12.946084,0.0732959547156225,,,,,,,,,,,,False,False
69877468638718720,,,Melotte22,55.8662866290358,25.027895175610947,3.8537788,16.654936,-0.209796926515541,,,,,,,,,,,,False,False
69878503727603072,,,Melotte22,56.00959167317704,25.06475519189276,2.3262224,13.608971,0.0939050710532123,,,,,,,,,,,,False,False
64401389632616960,,,Melotte22,55.34784133301275,22.031509901246583,3.3003940000000003,15.563824,-0.1120093660334516,,,,,,,,,,,,False,False
69889876800977408,,,Melotte22,55.98631467387493,25.262081745018328,2.3523836,13.722268,0.0576867533405683,,,,,,,,,,,,False,False
67899520235887616,,,Melotte22,53.15763413329577,23.432917294381728,3.2413682999999995,15.888532,-0.239243961481544,,,,,,,,,,,,False,False
69894962042148096,,,Melotte22,55.67556599462249,25.19670128433248,3.4320470000000003,16.392310000000002,-0.2967340409499128,,,,,,,,,,,,False,False
69898294936767488,,,Melotte22,55.654025634157705,25.23250873853018,3.217619,16.10699,-0.3084736857904923,,,,,,,,,,,,False,False
69898810332838400,,,Melotte22,55.67856772336997,25.28089738949,1.8043184,12.831278,0.0029154809912291,,,,,,,,,,,,False,False
64430939007563520,,,Melotte22,55.544263544796216,22.30138706212716,3.3549843,16.192870000000006,-0.2755029493942179,,,,,,,,,,,,False,False
64433924008996224,,,Melotte22,55.77717985381962,22.296885504686884,3.4810638,16.782201999999998,-0.3701360854173771,,,,,,,,,,,,False,False
69904101732529408,G17525702810857,100915018.0,Melotte22,55.86311858120914,25.387387734138127,1.0633583,10.534244,0.2542082956283998,82.786255,23.37208,0.28231836311474656,5660.02,33.54,4.45,0.046,0.12,0.025,-3.89833,0.04456,True,False
69904410970171392,,,Melotte22,55.90555622605947,25.40878618559989,2.5985422,14.175384,0.0283529612327766,,,,,,,,,,,,False,False
69904617128601984,,,Melotte22,55.89680277271759,25.40846050448473,2.6645193,14.424485,-0.036562258493333,,,,,,,,,,,,False,False
67920926352940032,,,Melotte22,52.49486917294725,23.371630465193675,2.9027662,14.509309,0.0816460007715835,,,,,,,,,,,,False,False
69906472554465792,,,Melotte22,55.97455348593456,25.47487895307199,2.457306,13.884453,0.0613995657640517,,,,,,,,,,,,False,False
69906571336964608,G17525713454328,100915006.0,Melotte22,56.02134045090462,25.483630341529256,1.2658901000000002,11.477435,0.0645801725967312,10.906336,8.818776,0.8085919964321657,4830.66,38.05,4.639,0.053,-0.019,0.032,-4.2096,0.05392,True,False
69906713072633856,,,Melotte22,55.97003028972173,25.49162663917539,2.9181337000000003,15.242576,-0.194160637502344,,,,,,,,,,,,False,False
64438184617001472,,,Melotte22,55.73439850136928,22.377245685186967,3.7243652,16.441496,-0.1997304976212219,,,,,,,,,,,,False,False
69908156181656576,,,Melotte22,55.76825100403674,25.43656353949969,3.2232704,15.790594,-0.2187405176024669,,,,,,,,,,,,False,False
64438841747360768,G17419011901529,100901053.0,Melotte22,55.749067726136026,22.42406753171188,1.7057400000000005,12.475371,0.0920456645218061,,,,4060.2,46.84,4.573,0.066,-0.224,0.04,-4.27249,0.04224,False,False
64441143849872512,,,Melotte22,55.411994972364,22.27773027977489,2.993805,15.294315,-0.1723937598237633,,,,,,,,,,,,False,False
69911282917833216,,,Melotte22,55.8923330715205,25.590394527610503,2.7809134,14.565957,-0.0209629038074202,,,,,,,,,,,,False,False
69911867033651200,,,Melotte22,56.25512663573019,25.351427914366585,3.1177254,15.869808,-0.2875617837129985,,,,,,,,,,,,False,False
69912309413652864,,,Melotte22,56.28775495284985,25.374782966567448,3.733448,16.06755,-0.0858421465581714,,,,,,,,,,,,False,False
64445988572906752,,,Melotte22,55.22943355100129,22.34951622282204,2.49648,13.945504,0.0618735430538968,,,,,,,,,,,,False,False
69917635172718720,G17525711779382,100915041.0,Melotte22,56.1832111805621,25.4990904084966,1.1800013,11.193335,0.0884951840602482,8.219044,29.590773,3.600269447395585,5114.58,37.39,4.599,0.05,0.061,0.029,-4.16081,0.03792,True,False
69918086146123520,,,Melotte22,56.27224584037732,25.486232262260646,2.4520407000000004,13.932248,0.0340041629613097,,,,,,,,,,,,False,False
64449321467581056,,,Melotte22,55.50707154580541,22.39060459879524,2.9702654,15.152910999999998,-0.1364058790099433,,,,,,,,,,,,False,False
69918979499309952,,,Melotte22,56.28772677585699,25.54681374936203,3.009122,15.462037,-0.2186586125475087,,,,,,,,,,,,False,False
64453685154291968,,,Melotte22,55.4378487948401,22.46704884658764,3.3465729,16.390238,-0.3285614532417201,,,,,,,,,,,,False,False
64453887017111808,,,Melotte22,55.45675204081487,22.49340284922183,3.3796272000000003,16.439646,-0.3280398633376816,,,,,,,,,,,,False,False
64456262134709376,,,Melotte22,55.61385651221187,22.57339225937645,2.9178953,14.486548,0.1018805378288134,,,,,,,,,,,,False,False
69930764889482752,,,Melotte22,56.10458705678782,25.567609958261126,3.4583157999999994,15.954043,-0.1656060428992941,,,,,,,,,,,,False,False
69932276717968512,,,Melotte22,56.125404530638,25.596210762222004,2.1378307,13.298849,0.0895632168553521,,,,,,,,,,,,False,False
66280248847432192,,,Melotte22,59.776361821308136,25.055401907175817,2.7314844,14.146956,0.1375472985211121,,,,,,,,,,,,False,False
69933852969722240,,,Melotte22,55.98342811525029,25.60688604171066,3.460453,17.594925,-0.5280575447807386,,,,,,,,,,,,False,False
69934334006064768,,,Melotte22,56.044900605369605,25.62714909234563,3.041275,15.191135,-0.1123830602352189,,,,,,,,,,,,False,False
69935162935991168,G17525818841582,480716203.0,Melotte22,56.01189022138177,25.656149201293164,1.4632463,11.815076,0.1705340079530743,,,,4497.49,34.87,4.353,0.048,-0.188,0.027,-4.04158,0.02567,False,False
69935678330276992,,,Melotte22,56.09692387873115,25.645655575191803,3.9277573,17.27511,-0.3319694382598055,,,,,,,,,,,,False,False
66289044940711168,,,Melotte22,60.4827966589139,24.73387201072656,3.0205793,15.05034,-0.0721142503913704,,,,,,,,,,,,False,False
69942515919994368,,,Melotte22,56.13788197135757,25.75251974021147,2.9976807,15.194916,-0.1365954127515879,,,,,,,,,,,,False,False
69945814454871680,,,Melotte22,56.17999120209439,25.875322446353035,1.0962276000000002,10.796518,0.1691994241654266,10.968276,5.498295,0.5012907224435271,,,,,,,,,True,False
67988615037924096,,,Melotte22,53.64827525953711,23.64528208335388,3.4051304,16.555113000000002,-0.3458839258272907,,,,,,,,,,,,False,False
69947635521777152,,,Melotte22,56.90569654898536,25.33384802905008,3.0447903,15.190599,-0.1103461695027794,,,,,,,,,,,,False,False
69948253997063424,,,Melotte22,56.945242837645424,25.385493468328985,0.34359264,8.040771000000001,0.0535373133716619,94.40104,2.5904381,0.027440779254126864,,,,,,,,,True,False
69951449452730752,,,Melotte22,56.8579741062699,25.440566366115203,3.3346682,15.329207,-0.0118553547857077,,,,,,,,,,,,False,False
67998201404864896,,,Melotte22,53.17636721373867,23.56656052165308,3.1520405,15.344315,-0.1093024237204121,,,,,,,,,,,,False,False
68006241583701888,,,Melotte22,53.44442414914101,23.805262964470728,2.781724,14.693427,-0.072447643557593,,,,,,,,,,,,False,False
68014964661425280,,,Melotte22,53.81787672859215,23.799244397292515,3.374771,16.070404,-0.2343158316511154,,,,,,,,,,,,False,False
64555694921236352,,,Melotte22,53.7290192463056,22.07944691146216,2.444869,13.928138,0.0304287516088607,,,,,,,,,,,,False,False
68045583484082048,,,Melotte22,53.74721328208712,24.204450225543543,2.2771711,13.461346,0.129864958498641,,,,,,,,,,,,False,False
68046133239891584,,,Melotte22,53.78927918043106,24.238698906437666,2.1544647,13.309529,0.0995391939637709,,,,,,,,,,,,False,False
64574352259640192,,,Melotte22,54.42237617359706,22.28847491566789,3.3530045,15.978157,-0.2172655414140639,,,,,,,,,,,,False,False
68051390279853824,,,Melotte22,53.00208374666954,23.774632460225945,1.6636295,12.434976,0.0630372438332616,,,,,,,,,,,,False,False
64588753286083328,,,Melotte22,53.94345184680677,22.413712390200445,3.2268066,16.079565,-0.2975930542147985,,,,,,,,,,,,False,False
64589062523316736,,,Melotte22,53.9345408928715,22.45259124715032,2.672079,14.519381,-0.0710962012399463,,,,,,,,,,,,False,False
64597927334523904,,,Melotte22,54.10083921384496,22.6233133101884,2.8757553,15.036427,-0.1464646219570747,,,,,,,,,,,,False,False
64600813554014592,,,Melotte22,54.93418011873759,22.12920112313305,2.6199179,14.372165,-0.0440747609264569,,,,,,,,,,,,False,False
66364047951798656,,,Melotte22,59.999406751379226,25.14809308266021,3.5741177000000004,17.279882,-0.4405022555946471,,,,,,,,,,,,False,False
68097020012324352,,,Melotte22,53.530567078460464,24.344244949131976,0.68093395,9.011402,0.1605817691211418,,,,,,,,,,,,False,False
64642801154268672,,,Melotte22,55.355615544447744,22.54872626099373,2.554926,14.142603,0.0120783444180061,,,,,,,,,,,,False,False
64644484781444864,,,Melotte22,55.33339566545284,22.63145153682573,2.6998224,14.517974,-0.0526958388407492,,,,,,,,,,,,False,False
68117635855255168,,,Melotte22,54.91129565075728,23.388837018880967,2.9964857000000005,15.340514,-0.1862385974230112,,,,,,,,,,,,False,False
68120418994061312,,,Melotte22,54.92139561721088,23.473001544295048,3.248084,15.875628,-0.2326409000200672,,,,,,,,,,,,False,False
64653383953596032,,,Melotte22,55.02925859013082,22.646390612150068,3.141098,15.851673000000002,-0.2723932833767009,,,,,,,,,,,,False,False
68120728231661824,,,Melotte22,54.87176771377244,23.49917280959356,1.8324871,12.721828,0.0974947517455368,,,,,,,,,,,,False,False
64656201452146304,,,Melotte22,54.93671006565371,22.654103017730275,3.0836725,15.497756,-0.193797639687937,,,,,,,,,,,,False,False
68129764842889600,G17404357580992,100903026.0,Melotte22,55.14330480576736,23.682405994573823,0.9111519,10.161397,0.126977300141754,11.454705,3.774847,0.32954554482197485,5689.18,22.03,4.554,0.028,0.201,0.014,-4.29297,0.02181,True,False
64665203703566848,,,Melotte22,55.18006539676141,22.831478159803208,3.113697,15.6202545,-0.2175216962906092,,,,,,,,,,,,False,False
64667535869958784,,,Melotte22,55.22706117996861,22.906954971329498,3.154543,15.755332999999998,-0.239036724059886,,,,,,,,,,,,False,False
64671903852618624,G17419065671797,100902147.0,Melotte22,54.59418238508955,22.4994792018324,0.74436855,9.487001,0.0561525877995247,,,,6161.9,37.89,4.361,0.052,0.108,0.029,-4.24872,0.06032,False,False
68141408498321280,,,Melotte22,54.64378947102654,23.67271376809515,3.0781631000000003,15.847212,-0.2986444694120554,,,,,,,,,,,,False,False
68142374866825216,,,Melotte22,54.642598969495744,23.71853047856418,3.2662935,15.890285999999998,-0.2289824114719137,,,,,,,,,,,,False,False
68145707761492608,,,Melotte22,54.961217418470106,23.764402704723985,3.3081036,16.452433,-0.3577414686469853,,,,,,,,,,,,False,False
68145776480904064,,,Melotte22,54.95217494014221,23.76759558130002,3.2273922,15.95155,-0.2629231967433221,,,,,,,,,,,,False,False
64679840952155264,,,Melotte22,54.66976712540925,22.659409622396907,7.677078e-05,6.6887803,0.0389295108656308,236.1938,10.586856,0.04482275148627948,,,,,,,,,True,True
68147391388599808,,,Melotte22,54.950004391984464,23.84894508167969,2.9731255,14.482784,0.1395028888696372,,,,,,,,,,,,False,False
68150861722174848,G17418405473382,100903250.0,Melotte22,54.8659727725212,23.89479513531878,1.0654496999999998,10.692468,0.1682465770951843,10.006399,4.759996,0.4756952026398308,5448.11,36.4,4.639,0.049,0.162,0.027,-4.31255,0.07924,True,False
68152820227358720,,,Melotte22,55.26256117985147,23.722479152633728,2.7386227,14.580702,-0.0537874485664082,,,,,,,,,,,,False,False
68156290560900480,,,Melotte22,55.271874064872655,23.83735301337884,3.494735700000001,16.641379999999998,-0.3337089019395016,,,,,,,,,,,,False,False
68161921261591808,,,Melotte22,55.42678496717424,23.91569712567689,3.4398403,17.172953,-0.4620172401868547,,,,,,,,,,,,False,False
68162028637205888,,,Melotte22,55.3307145811961,23.861468150876192,3.1227102,15.594941,-0.2055791424319548,,,,,,,,,,,,False,False
68162921990400256,,,Melotte22,55.3454099178269,23.92990741209985,2.9083537999999995,14.981466,-0.1085766648379875,,,,,,,,,,,,False,False
68167835432980480,,,Melotte22,55.36208894086606,24.01718271549469,3.0001554,14.248546,0.2758779218197629,,,,,,,,,,,,False,False
68168419548529920,,,Melotte22,55.38009303304036,24.05673709941395,3.1697445,15.843956,-0.2577200438895475,,,,,,,,,,,,False,False
68170721650939264,,,Melotte22,55.07859767517824,23.90637216703363,2.947198,15.403993,-0.2309912013012883,,,,,,,,,,,,False,False
68174191984522368,,,Melotte22,54.928060665904646,23.907550422495603,2.9563942,15.043575,-0.104770688910882,,,,,,,,,,,,False,False
68175806892217216,,,Melotte22,54.94318764852998,23.98123193567468,2.6416683,14.347767,-0.0188975724360218,,,,,,,,,,,,False,False
64720179284934016,,,Melotte22,55.09941652410235,23.069039348143807,2.9510174,15.349272,-0.2119050579690362,,,,,,,,,,,,False,False
64720625961541120,,,Melotte22,54.95722061120645,23.05715449297607,3.0872412,15.547223,-0.2075637065079134,,,,,,,,,,,,False,False
68183125516472320,,,Melotte22,55.11009789752388,24.08976446247908,2.635684,14.3333845,-0.01669276193337,,,,,,,,,,,,False,False
68183331674900864,,,Melotte22,55.10681451622317,24.09987966023466,3.0651522,15.586341,-0.2299414980825233,,,,,,,,,,,,False,False
68185221460637824,,,Melotte22,55.19303268694527,24.15698842702024,2.970541,15.32468,-0.1941720196758984,,,,,,,,,,,,False,False
68186114813689344,,,Melotte22,55.251691989287046,24.226266960333056,3.180622,15.719829999999998,-0.2168210151668246,,,,,,,,,,,,False,False
64734709159049600,,,Melotte22,54.93055020913032,23.206912870323528,3.0979385,16.061714000000002,-0.3460442130301064,,,,,,,,,,,,False,False
68192093408157568,,,Melotte22,54.37951976867989,23.768517685003715,3.1623878,16.31107,-0.3802431102282966,,,,,,,,,,,,False,False
64739248940235392,,,Melotte22,56.24560047392225,22.032257713665405,0.66415787,8.948181,0.1420412229499957,,,,,,,,,,,,False,False
68195598101454336,,,Melotte22,54.51024535830732,23.909656490716017,2.884239200000001,15.260658,-0.2175271241315112,,,,,,,,,,,,False,False
64745841713292160,,,Melotte22,56.24330503901932,22.191554815221853,3.4671307,16.778297,-0.37406510628226,,,,,,,,,,,,False,False
66429232674604544,,,Melotte22,57.614032314963815,23.37901255935861,3.0028334,15.270677,-0.1598647198815041,,,,,,,,,,,,False,False
66431775295228288,,,Melotte22,57.67568656986668,23.49238902121514,3.3472881,16.402296,-0.331200551011573,,,,,,,,,,,,False,False
64757425241820800,,,Melotte22,56.12937625817235,22.25403305470104,2.6357393,14.315059,-0.008618102049586,,,,,,,,,,,,False,False
66441323003146112,,,Melotte22,57.76373831664205,23.583228242863537,3.2467766,16.22108,-0.3256661918161863,,,,,,,,,,,,False,False
64764189813713408,,,Melotte22,56.12297208474871,22.423398437573766,3.342678,16.936306,-0.4484222842827395,,,,,,,,,,,,False,False
64765254965634176,,,Melotte22,56.10635909696462,22.463698878411947,3.4519978,17.391182,-0.4970100149044324,,,,,,,,,,,,False,False
66445038154189952,,,Melotte22,57.79958344537178,23.745211805004782,3.1788692000000003,16.20945,-0.3496973588278043,,,,,,,,,,,,False,False
68222119524026112,,,Melotte22,54.52893048053655,24.2486103003162,3.2944602999999995,16.748459,-0.4272371938626435,,,,,,,,,,,,False,False
64768763955442944,,,Melotte22,56.3607329482191,22.525409252257425,2.7872744,14.873864,-0.1378225525269652,,,,,,,,,,,,False,False
64770241424108032,G17404783401695,286108089.0,Melotte22,56.17434992231797,22.464346002407783,0.91566277,10.047034,0.1941909424638102,,,,5780.92,18.97,4.516,0.023,0.15,0.01,-4.28809,0.01479,False,False
66451497784867712,,,Melotte22,57.33962532353392,23.6515782545828,2.780384,14.57029,-0.0231152185406426,,,,,,,,,,,,False,False
66452047540860160,,,Melotte22,57.38016945576194,23.688630836824327,3.1152382000000003,15.503763,-0.1805305070214416,,,,,,,,,,,,False,False
66452734735432192,,,Melotte22,57.49314930818998,23.709213792866827,2.4875717,14.013567000000002,0.0223974096061464,,,,,,,,,,,,False,False
66452769091505024,G17404991240519,480704183.0,Melotte22,57.4599241158141,23.70538852969511,1.0198593,10.758796,0.0382531142116476,10.558032,4.65541,0.4409353940204007,5359.94,27.39,4.664,0.034,0.148,0.015,-4.32963,0.02459,True,False
66453181412027392,,,Melotte22,57.49021652557216,23.724321434845987,3.4090595,16.344934,-0.2935794845782605,,,,,,,,,,,,False,False
66453490649681280,,,Melotte22,57.43146835788807,23.71164959376051,-0.049655914,6.1787730000000005,0.0358890577142494,,,,,,,,,,,,False,True
68232191222851456,,,Melotte22,55.02968901109932,24.21745010720196,3.2340565,16.356082999999998,-0.3631991225866096,,,,,,,,,,,,False,False
68232603539842944,,,Melotte22,54.98011655879406,24.214895950308648,3.465557,16.355438,-0.274653732280558,,,,,,,,,,,,False,False
68233531252642432,,,Melotte22,55.112406328123726,24.237139167005697,3.0038986,15.228994,-0.1451298203786708,,,,,,,,,,,,False,False
68236795427794816,,,Melotte22,54.88473033037803,24.2668640291398,2.9054127,14.88306,-0.0732379416022033,,,,,,,,,,,,False,False
68238543478364032,,,Melotte22,55.06642960257938,24.375236744291808,3.579712,16.838749,-0.3489792899555857,,,,,,,,,,,,False,False
66460225158376192,,,Melotte22,57.55256103671997,23.813412707161103,3.4066734,16.446558,-0.3196095373703103,,,,,,,,,,,,False,False
64795289673433728,,,Melotte22,56.55780086602458,22.70530804048819,3.1778345,15.259391,-0.0659349348520297,,,,,,,,,,,,False,False
66468918172339328,,,Melotte22,57.892806000868575,23.79703272573925,3.0967865000000003,15.782236,-0.2725085121079741,,,,,,,,,,,,False,False
64796045587678208,,,Melotte22,56.5400458692605,22.71020869653279,2.9845580000000003,14.573746,0.1043967387833883,,,,,,,,,,,,False,False
66469742806047744,,,Melotte22,57.91338206199028,23.854915222382804,3.3207054,15.758581,-0.1656194105475113,,,,,,,,,,,,False,False
66470567439742208,,,Melotte22,58.078043915408045,23.87669033680424,3.1835632,15.938574,-0.2780076654175299,,,,,,,,,,,,False,False
64797523056344064,,,Melotte22,56.28627464077071,22.641631247895926,3.0058403,15.190276999999998,-0.1306935285962389,,,,,,,,,,,,False,False
66471220274934272,,,Melotte22,57.9870267667612,23.90175276491097,0.75233746,9.466751,0.0900408297661394,7.1910005,4.0048943,0.5569314450749934,,,,,,,,,True,False
64798038452412928,,,Melotte22,56.301887263098536,22.69730741222624,2.8594418,14.936455,-0.1195279327445106,,,,,,,,,,,,False,False
68254245878512384,G17404310679523,286111238.0,Melotte22,54.80623332660653,24.46632471871234,0.80078983,9.739897,0.0774705410303777,15.234351,3.806108,0.24983722641023565,6083.67,30.89,4.388,0.042,0.067,0.024,-4.27765,0.06428,True,False
68254765570883712,,,Melotte22,54.69069200480823,24.46757118115734,3.2182007,16.020863000000002,-0.2856259580133514,,,,,,,,,,,,False,False
64798691287540224,,,Melotte22,56.41633572294943,22.69426514986029,0.25158405,7.626637,0.1068266942536834,,,,,,,,,,,,False,True
66473178779856768,,,Melotte22,58.138996019792735,23.851738078375988,2.9268503,15.221072,-0.1825203948761998,,,,,,,,,,,,False,False
66473728535654784,,,Melotte22,58.18460820130285,23.90401156948377,3.4128265,16.645803,-0.3637823236296698,,,,,,,,,,,,False,False
64804360644343424,,,Melotte22,56.66843414271722,22.84418456402768,3.1541195,15.977291,-0.3008996161913571,,,,,,,,,,,,False,False
64804841680675200,G17404641386273,100908212.0,Melotte22,56.72201785398287,22.880748393557024,1.0559464,10.945664,0.002275675864849,7.2516737,7.899967,1.0893991272663028,5329.25,27.74,4.616,0.037,0.129,0.021,-4.26317,0.05458,True,False
68261053403709312,,,Melotte22,55.57465383102236,24.11587920028291,3.1169596,15.73141,-0.2489786697641745,,,,,,,,,,,,False,False
68261946756899456,,,Melotte22,55.64160932043429,24.18338381629725,3.3666992,16.364979,-0.314755451067346,,,,,,,,,,,,False,False
68262973252098304,,,Melotte22,55.47065675738656,24.12341385042586,3.0911226000000003,15.952443,-0.3210284169790638,,,,,,,,,,,,False,False
68263145050803840,,,Melotte22,55.501624542599785,24.17006028247919,3.7866192,17.172539,-0.35379452225163,,,,,,,,,,,,False,False
64808204638390912,,,Melotte22,56.66006365313639,22.91958420691597,0.6573868,8.897336,0.1530628269456673,35.80304,1.997541,0.05579249694997966,,,,,,,,,True,False
64808483812941440,,,Melotte22,56.64507578819239,22.93528104262329,1.9754066000000003,13.023469,0.0804260661114877,,,,,,,,,,,,False,False
66480944080770176,G17404977407033,470712211.0,Melotte22,57.82037107284832,23.826399611095383,1.2307538999999998,11.399089,0.0523964920463576,,,,4813.69,33.3,4.682,0.045,0.007,0.025,-4.39066,0.02892,False,False
68265279651517056,,,Melotte22,55.60961755817328,24.23535016563705,2.8948317,15.005593,-0.1249047873527022,,,,,,,,,,,,False,False
68265588889169664,,,Melotte22,55.512030567887706,24.20989889241827,2.537527,14.112316,0.0133788401179037,,,,,,,,,,,,False,False
66481734354737792,,,Melotte22,57.85568054293429,23.889171778893992,1.7394866999999998,12.563636,0.0808507356234795,,,,,,,,,,,,False,False
68267680536205440,,,Melotte22,55.67468787710322,24.199276473366776,1.9044437,12.826828,0.1172797517052751,,,,,,,,,,,,False,False
66482868226100096,,,Melotte22,57.80039695023685,23.93243025022529,2.0330086,13.072544,0.1123052965131828,,,,,,,,,,,,False,False
68268165869533568,,,Melotte22,55.73575580016508,24.22917036681453,3.1783934,15.800221,-0.2414332581334098,,,,,,,,,,,,False,False
68268303308484224,,,Melotte22,55.75532685027969,24.247731082242733,3.2893753,16.204710000000002,-0.3046631042244417,,,,,,,,,,,,False,False
66483761579269888,,,Melotte22,57.9794373962889,23.96153929783951,2.9742832000000003,15.329693,-0.1939081233357034,,,,,,,,,,,,False,False
66483795939004416,,,Melotte22,57.9931707213807,23.971885825406662,2.9777431,15.400385,-0.2147647828647054,,,,,,,,,,,,False,False
66485582645439104,,,Melotte22,57.7424400126132,23.92835794530036,3.0027494,15.451104,-0.218361042261512,,,,,,,,,,,,False,False
64818203322590208,,,Melotte22,55.864443508802935,22.627943816680016,3.168995,16.045765,-0.312624473751607,,,,,,,,,,,,False,False
66489259137570816,,,Melotte22,57.85177827355964,24.08717236339556,1.4697065,11.986392,0.0710149270608655,,,,,,,,,,,,False,False
64822017259193600,,,Melotte22,56.10669430950938,22.66873873290807,3.5606956,17.161203,-0.4220549873831779,,,,,,,,,,,,False,False
68279225408437888,,,Melotte22,55.46464413369849,24.324117860294265,3.622053100000001,17.566809,-0.4776092923850196,,,,,,,,,,,,False,False
68282837477714816,,,Melotte22,55.41178695037729,24.385746127461942,3.2447472,16.32495,-0.3517485776652953,,,,,,,,,,,,False,False
68283421593270400,,,Melotte22,55.343598882087406,24.3975485250734,3.4147701,16.245514,-0.2657144974361699,,,,,,,,,,,,False,False
68284104491279872,,,Melotte22,55.556263419518594,24.313671963960328,3.4577827000000005,16.521389000000006,-0.3187516414091096,,,,,,,,,,,,False,False
66497952151148544,,,Melotte22,58.01871116735472,24.24417935611304,2.9686623,15.61828,-0.2843930028845861,,,,,,,,,,,,False,False
68291977168100480,,,Melotte22,55.513837871122,24.5368803915992,2.5035162,14.1020975,-0.0068015256343053,,,,,,,,,,,,False,False
64837139834697984,,,Melotte22,55.871669657040776,22.734388249221983,0.77743435,8.904117999999997,0.5680633899161444,,,,,,,,,,,,False,False
66501181966524800,G17405002485230,480704176.0,Melotte22,57.38809269499062,23.795195713242105,0.8867178,10.220457,0.045433221632115,8.96128,5.3936205,0.601880590719183,5739.31,22.79,4.56,0.029,0.144,0.014,-4.21149,0.05983,True,False
64837242912474624,,,Melotte22,55.87212431404835,22.73461112565236,0.59570026,8.44839,0.2547837303987274,,,,,,,,,,,,False,False
68294554148575232,,,Melotte22,55.90390788823754,24.39378107217672,1.8262539,12.698147,0.1042983212510386,,,,,,,,,,,,False,False
68295481861500928,,,Melotte22,55.9821335378326,24.42620429717019,1.9089832,12.79974,0.1385034926640673,,,,,,,,,,,,False,False
64840541448791424,,,Melotte22,55.82929512558361,22.78609278822736,3.0729485,15.524349,-0.2072713820577631,,,,,,,,,,,,False,False
68296650092601088,,,Melotte22,55.93219893605275,24.487532595140085,2.505106,13.995567,0.0442089085116863,,,,,,,,,,,,False,False
66506331628024832,,,Melotte22,57.3008750959372,23.886587601561303,0.29633617,7.9021979999999985,0.0597073425036468,166.34883,5.4252863,0.03261391318472153,,,,,,,,,True,False
68296890611072384,G17404480871827,100904007.0,Melotte22,56.01485828940103,24.504041767917307,0.90413,9.992223,0.1966102781948399,60.98329,12.361873,0.20270918476192412,5915.9,24.09,4.396,0.031,0.107,0.016,-3.96162,0.01208,True,False
66507469798631808,,,Melotte22,57.49198801239997,23.848487263907213,0.05533743,6.756287599999999,0.0910898498487186,,,,,,,,,,,,False,True
64843805623922688,,,Melotte22,55.85491728898192,22.895492287024965,3.1049414,15.656939499999998,-0.2325937009136678,,,,,,,,,,,,False,False
66507882115488128,,,Melotte22,57.509141392429285,23.86222290852643,2.7262564,14.533685,-0.0422609944604991,,,,,,,,,,,,False,False
68298093201624960,,,Melotte22,55.83579617937772,24.44291608796756,3.2672653,16.015848000000002,-0.2638026992368876,,,,,,,,,,,,False,False
66509634462127360,,,Melotte22,57.60485631103719,23.928107589369787,2.9917746,15.454812,-0.224859126284426,,,,,,,,,,,,False,False
66509771901085696,,,Melotte22,57.5519498137871,23.92647449587629,3.2133503,14.947622,0.0760281117230603,,,,,,,,,,,,False,False
68300326584600448,,,Melotte22,55.92983392964239,24.54879813387668,3.1797543,15.943714000000002,-0.2810290139667555,,,,,,,,,,,,False,False
66511970924353792,,,Melotte22,57.38564080574477,23.92829586717443,2.9060163,15.061431,-0.1387515333775957,,,,,,,,,,,,False,False
66512074003566976,,,Melotte22,57.40055541252772,23.939616754347053,2.8705664,14.917307999999998,-0.1061316827533079,,,,,,,,,,,,False,False
66515196441155712,,,Melotte22,57.46854339143764,24.06178832599802,3.5397453000000003,17.021553,-0.4009798682346157,,,,,,,,,,,,False,False
68303487680516224,G17404471125748,100904005.0,Melotte22,56.109579035829455,24.58950062402356,1.0796499,10.658539,0.2167676478054431,73.27816,38.54408,0.5259968317981784,5531.62,44.49,4.564,0.057,0.165,0.029,-3.84305,0.01921,True,False
68303659479211776,,,Melotte22,56.04008371332776,24.589372669344755,2.748232,14.655067,-0.0777537572349661,,,,,,,,,,,,False,False
68303728198686080,,,Melotte22,56.07950023047157,24.588257830758906,2.9260787999999995,15.148664000000002,-0.1584125931097933,,,,,,,,,,,,False,False
66515922294233728,,,Melotte22,57.48126199309243,24.10123486773792,2.9840287999999995,15.350577,-0.195759898656134,,,,,,,,,,,,False,False
68306099020642432,,,Melotte22,56.00122131401905,24.556792926212825,0.2723384,7.858599000000001,0.0506677272364429,29.66332,1.2353457,0.041645564286128464,,,,,,,,,True,False
66517468482370176,,,Melotte22,57.07512164513408,23.891273678457928,1.9212399,13.007132,0.0327127161934968,,,,,,,,,,,,False,False
66517468482370304,G17405104280794,100908235.0,Melotte22,57.07140351416553,23.890150538515897,0.79774,9.762666,0.0589194432296376,16.649982,6.624815,0.3978872169351294,5993.08,15.12,4.443,0.019,0.132,0.009,-4.25971,0.01885,True,False
68308882159427840,,,Melotte22,56.10672868467132,24.68115970303996,2.7470636,14.227994,0.1088516935567158,,,,,,,,,,,,False,False
68310359628169472,,,Melotte22,56.09137691950323,24.76820671721937,1.3937836,11.786735,0.0803895898844974,31.243698,22.717966,0.7271215462395009,,,,,,,,,True,False
68310561489710336,,,Melotte22,55.72974574866046,24.49286881727567,0.6564312,8.960799,0.1044090655321944,31.688925,2.8933496,0.09130475710362532,,,,,,,,,True,False
66521179334108928,,,Melotte22,57.124052826324814,23.96812762181643,3.0933533,15.772549,-0.2713123091242209,,,,,,,,,,,,False,False
64856312568645248,,,Melotte22,56.52195568292751,22.98141924341321,1.7675371,12.5023365,0.152830843886175,,,,,,,,,,,,False,False
66521381194879232,,,Melotte22,57.05551505474162,23.979518384358787,2.9869118,15.072655,-0.0987397579426219,,,,,,,,,,,,False,False
66522107047046656,,,Melotte22,57.03844829086986,23.97778621777134,2.8769464,15.275189,-0.2259148040844747,,,,,,,,,,,,False,False
66522137109124096,,,Melotte22,57.042454617718754,23.988781055335306,3.351225,16.432545,-0.3369638581596604,,,,,,,,,,,,False,False
66522381924952704,,,Melotte22,57.027724024738816,24.00172038532731,2.957158,15.2400465,-0.1731210153943536,,,,,,,,,,,,False,False
66523103479455232,,,Melotte22,57.14081534926531,24.032849766880865,2.9588032,15.558638,-0.2718412654566368,,,,,,,,,,,,False,False
66523103479455744,,,Melotte22,57.1327139051166,24.0328031975566,3.041832,15.532685999999998,-0.2246836230080064,,,,,,,,,,,,False,False
64857721317916032,,,Melotte22,56.48745217516746,23.02458156964888,3.0125027,15.237978,-0.14375198240555,,,,,,,,,,,,False,False
66523893753437824,G17404905797383,470712021.0,Melotte22,57.1091158768964,24.04818241727689,0.7340889,9.453119,0.0456744516409792,,,,6193.47,17.89,4.356,0.022,0.053,0.01,-4.32489,0.03973,False,False
68314414077327744,,,Melotte22,55.80453808024451,24.655242876769748,2.432414,13.762322,0.103104262347575,,,,,,,,,,,,False,False
68317609532996480,G17404445705854,760714208.0,Melotte22,55.76236248275604,24.6695581256056,1.1234035,11.045845,0.0726290215855022,13.224719,11.71544,0.8858743992972553,5188.84,54.26,4.731,0.075,0.144,0.041,-4.20699,0.02391,True,False
68319529381881344,,,Melotte22,55.87463764733546,24.65639662090093,3.248804,16.259017999999998,-0.3342394739938621,,,,,,,,,,,,False,False
66531178017967872,,,Melotte22,57.191795726827976,24.16997873809055,2.925684,15.330612,-0.2187254103084137,,,,,,,,,,,,False,False
66532174450470656,,,Melotte22,57.388061523162186,24.21779891823825,3.4822655,16.658693,-0.3421154500750236,,,,,,,,,,,,False,False
68322145018429952,,,Melotte22,56.05809868574247,24.77919524107012,0.88736725,10.071496,0.1191968622102538,5.4321094,5.520634,1.016296542186724,,,,,,,,,True,False
66532621126978304,,,Melotte22,57.256307043181,24.19380165662761,2.939495,15.184818,-0.1636905182873714,,,,,,,,,,,,False,False
68322454256073344,,,Melotte22,56.04572406548333,24.81259517002841,2.9750729,15.755831,-0.3195606003753002,,,,,,,,,,,,False,False
64870296982175488,,,Melotte22,56.03679639519022,23.079705895594124,2.2232628,13.432903,0.096413640811563,,,,,,,,,,,,False,False
66533170882790784,,,Melotte22,57.2976457525844,24.24000605913577,3.0043945,15.576973,-0.2557028219392441,,,,,,,,,,,,False,False
68323485048225152,,,Melotte22,55.96738194580432,24.841417159243488,1.8592358,12.78727,0.0896588201223682,,,,,,,,,,,,False,False
64871740091177600,,,Melotte22,56.2951245214628,23.04930932309811,2.979025,15.042357999999998,-0.0919117738188884,,,,,,,,,,,,False,False
68323966084583680,,,Melotte22,55.80058954738461,24.74574675824732,2.963293,14.392746,0.1766045454036832,,,,,,,,,,,,False,False
64874454510493440,,,Melotte22,56.39167613726048,23.18501072439178,3.2421627,15.804014000000002,-0.2143407730865353,,,,,,,,,,,,False,False
66536331978799616,,,Melotte22,57.73930403705872,24.10836898081129,2.5498629,14.27855,-0.0518628500487049,,,,,,,,,,,,False,False
68327402058399232,,,Melotte22,55.86760937923614,24.89179594487077,2.7951956,14.746066,-0.084971167261086,,,,,,,,,,,,False,False
66537981246228096,G17405085007587,480704188.0,Melotte22,57.72961087519808,24.19724656530266,1.0269985,10.82816,0.0130599021693978,,,,5359.89,24.75,4.682,0.031,0.121,0.014,-4.25566,0.01723,False,False
64879402312818944,,,Melotte22,56.21358052689102,23.26872443224326,0.547925,8.536389999999999,0.1033623179135938,,,,,,,,,,,,False,False
66539252556578816,,,Melotte22,57.52114270787197,24.12375084194353,1.7277517,12.548794,0.0753267442779389,,,,,,,,,,,,False,False
66541142342159232,,,Melotte22,57.6768887678008,24.215244507686272,3.0609894,15.8978195,-0.3196115676513974,,,,,,,,,,,,False,False
68334617603435648,,,Melotte22,55.10875057436808,24.536815987967344,2.9326458,15.648413,-0.3095371469482371,,,,,,,,,,,,False,False
66542551091588352,,,Melotte22,57.82952312547875,24.17012515879,2.4955645,13.846723,0.1106154633079923,,,,,,,,,,,,False,False
64884624994048256,,,Melotte22,56.89500778235771,22.801125159997,2.8412933,14.774321,-0.0685015469649574,,,,,,,,,,,,False,False
68345956317106688,,,Melotte22,55.01510520389949,24.50063333106891,2.7266684,14.476903,-0.0180899630874276,,,,,,,,,,,,False,False
66546742979468416,,,Melotte22,57.92638266259304,24.361311807427377,2.9188995,15.389677,-0.2405781156066453,,,,,,,,,,,,False,False
64889126119831040,,,Melotte22,57.09446293092488,22.87247733610237,2.4895353,13.919446,0.0693055838389341,,,,,,,,,,,,False,False
64889229199044096,,,Melotte22,57.14669051671128,22.89490808579129,4.218689,17.115560000000002,-0.205107297115635,,,,,,,,,,,,False,False
68348155340347776,,,Melotte22,55.100891797245424,24.58430557648828,2.4608068,14.042981,-0.0113511081839239,,,,,,,,,,,,False,False
64891634380723712,,,Melotte22,57.25428791296075,22.98021186953692,2.2168636000000004,13.439648000000002,0.0869627870337069,,,,,,,,,,,,False,False
66551686483467904,,,Melotte22,57.49815604974855,24.19589894135323,3.351303,16.455793,-0.3424455904239994,,,,,,,,,,,,False,False
66553443128503552,,,Melotte22,57.563677789803656,24.22654240156528,2.8745089,14.963677,-0.1210062532179822,,,,,,,,,,,,False,False
64894623677888640,,,Melotte22,56.970373065713645,22.99259933079853,3.1197958,14.899844,0.0430076847708633,,,,,,,,,,,,False,False
66553885506789504,,,Melotte22,57.57983415846098,24.27596355160887,3.6531143,17.398514000000002,-0.4387840785625115,,,,,,,,,,,,False,False
64895139073954944,,,Melotte22,57.02435006099222,23.0339500921625,2.5159779,13.985149,0.0574870058825443,,,,,,,,,,,,False,False
64896101146708224,,,Melotte22,57.21119391554984,23.074861841655427,3.2382965,15.899172,-0.2435961446823569,,,,,,,,,,,,False,False
68354374452892160,,,Melotte22,55.00785428462175,24.773714606024427,2.935935,15.079587,-0.1289293355483118,,,,,,,,,,,,False,False
66555573432261376,,,Melotte22,57.55368104569376,24.3516155481885,2.2067528,13.379059,0.1104887028766002,,,,,,,,,,,,False,False
66555985749157760,,,Melotte22,57.35836849831732,24.24749646235856,0.23378706,7.794085000000001,0.0345500133024141,125.34301,3.2458541,0.02589577272797262,,,,,,,,,True,True
66556535504957568,,,Melotte22,57.40227687241278,24.30373739744004,2.8010054,15.0179205,-0.181191579459491,,,,,,,,,,,,False,False
66556535504958848,G17405027831918,480704010.0,Melotte22,57.40235505704586,24.29585956567245,1.0647631000000002,10.860993,0.0688092044129251,,,,5329.81,29.93,4.684,0.037,0.133,0.016,-4.1965,0.01794,False,False
68356367317952128,,,Melotte22,55.16567231201829,24.73558287941381,3.1730824,15.919441,-0.2772580358835916,,,,,,,,,,,,False,False
66556672943906688,,,Melotte22,57.428044974005786,24.31856840993281,3.0495577000000003,14.758016,0.062273288536012,,,,,,,,,,,,False,False
64899017426872960,G17404640218104,100908204.0,Melotte22,56.69618219835425,22.914379716484422,0.8285723,9.844388,0.095271098696093,17.309702,3.2689369,0.1888499813572758,5974.18,17.16,4.432,0.021,0.082,0.01,-4.26376,0.01844,True,False
68356367317952256,,,Melotte22,55.166905206554425,24.73568048752452,2.6466904,14.419466,-0.0462417536764372,,,,,,,,,,,,False,False
64900739711320960,,,Melotte22,56.91586191032635,23.00110222643323,3.0772476,15.956007,-0.327841994532244,,,,,,,,,,,,False,False
66558249192653952,,,Melotte22,57.48590927641627,24.348794070150262,0.08989811,7.475967999999999,-0.0057557857735613,118.00228,4.870612,0.04127557535328979,,,,,,,,,True,False
68363411064150272,,,Melotte22,55.58985581891144,24.66447145908848,1.9059258,12.864971,0.0965730439136322,,,,,,,,,,,,False,False
66560349435890176,,,Melotte22,57.6379095792957,24.339206308563966,2.8872976,15.16089,-0.1831548595831418,,,,,,,,,,,,False,False
66560727393001216,,,Melotte22,57.72778472773582,24.36532670246176,2.967493,15.422670000000002,-0.2267825666614225,,,,,,,,,,,,False,False
68364643718417280,,,Melotte22,55.4986693860335,24.70493921273055,3.4308605000000005,17.094667,-0.4502221160319851,,,,,,,,,,,,False,False
68364682374473856,,,Melotte22,55.46807003724568,24.699159432273287,3.220149,15.869751999999998,-0.2430770072657319,,,,,,,,,,,,False,False
68367190635351936,,,Melotte22,55.63011375428246,24.82248021987727,3.210987,15.999046,-0.2827925007319848,,,,,,,,,,,,False,False
66565778274538624,,,Melotte22,57.544945979914246,24.47802874104996,3.1714048,15.632983,-0.1946364438449061,,,,,,,,,,,,False,False
64909153549943296,,,Melotte22,57.09972473580172,23.135471631187592,3.1104727000000003,15.9666605,-0.316537693428703,,,,,,,,,,,,False,False
66566946505629440,,,Melotte22,57.64417563887545,24.50757202134279,1.2707729,11.577943,0.010936648331584,22.43711,15.932023,0.7100746486512746,,,,,,,,,True,False
66567427541958784,,,Melotte22,57.72916554734498,24.55084531392353,3.0626907,15.685095,-0.2602141793491608,,,,,,,,,,,,False,False
64912009705490304,,,Melotte22,56.849467055307045,23.149004829363463,2.8284597,14.665,-0.032409829468561,,,,,,,,,,,,False,False
66570554277316992,G17404866427402,100906040.0,Melotte22,58.34887161450551,24.06483661401473,0.99782753,10.590354,0.0876314074299002,12.113664,27.78401,2.2936091012595363,5604.29,26.53,4.568,0.033,0.135,0.015,-4.13682,0.0169,True,False
64913452814489216,G17405128141549,286113005.0,Melotte22,56.95058643018479,23.21788377589549,0.9447975,10.3912325,0.0833533367545875,7.640713,5.141325,0.6728855016540995,5615.53,24.02,4.604,0.03,0.131,0.014,-4.33079,0.02505,True,False
68378563708730624,,,Melotte22,55.61946862852414,25.016595598106125,2.5299559,14.11296,0.0075561292156544,,,,,,,,,,,,False,False
64915754917051520,,,Melotte22,57.35676779986823,23.04710720833043,3.1744938,16.00316,-0.2991833264667468,,,,,,,,,,,,False,False
64916751349465856,,,Melotte22,57.242945971529466,23.09402124719942,2.5175905,14.110522,-0.0003541587676398,,,,,,,,,,,,False,False
64917094946846848,,,Melotte22,57.274755692608174,23.105917656349703,2.8367338,14.841445000000002,-0.0970858171521088,,,,,,,,,,,,False,False
68381793524163968,,,Melotte22,55.41607227662017,24.874865531724303,3.2757912,16.145945,-0.2949745561119504,,,,,,,,,,,,False,False
64922283267331968,G17405102802735,470613232.0,Melotte22,57.3013765497648,23.22814047452401,1.8176136000000005,12.701284,0.0923588827684529,,,,3921.78,44.95,4.507,0.063,-0.514,0.039,-4.24417,0.04008,False,False
64923137964643840,,,Melotte22,57.23924658376334,23.23293617057409,3.7564545,17.927925,-0.5000913514912637,,,,,,,,,,,,False,False
64923279699744256,G17405099411919,100908113.0,Melotte22,57.25981898022836,23.252239112657627,1.0477657,10.86683,0.0319159141052115,10.859518,6.2828646,0.5785583301210975,5311.19,35.92,4.659,0.048,0.11,0.026,-4.29433,0.07694,True,False
64924413571101952,G17405088379436,470713130.0,Melotte22,57.48549182750738,23.21843142395095,0.77880955,9.66561,0.0572133307793465,14.982256,2.945453,0.19659609340542575,6122.62,51.59,4.388,0.079,0.045,0.049,-4.14521,0.06967,True,False
68385057699293056,,,Melotte22,55.44626583439136,25.005925970991548,3.1405087000000003,15.770191,-0.2496113803905595,,,,,,,,,,,,False,False
64927368508592512,,,Melotte22,57.52090986726332,23.30463784170341,3.216154,16.23496,-0.341174454518732,,,,,,,,,,,,False,False
64928674178659968,,,Melotte22,57.38409775234472,23.271498869578785,3.1948757000000003,16.219572,-0.3458203360344962,,,,,,,,,,,,False,False
66581549393480704,,,Melotte22,58.61864199674141,24.320930193016103,1.7860488999999995,12.664517,0.0770096571293905,,,,,,,,,,,,False,False
66581961710329984,G17404828201653,100913070.0,Melotte22,58.605254120788345,24.35988384412902,0.965456,10.27921,0.1844312992964142,99.37663,9.407027,0.09466035425029003,5726.36,24.05,4.426,0.03,0.141,0.014,-3.94158,0.01193,True,False
64930495244783616,,,Melotte22,57.38645295572229,23.38020424005109,0.5872649999999999,8.664315,0.1118604198845905,,,,,,,,,,,,False,False
68390417818463872,,,Melotte22,55.61508149875522,25.04682824759905,1.3086843,11.653042999999998,0.0274585272715443,33.356743,14.13652,0.4237979709230005,,,,,,,,,True,False
64934893291213952,,,Melotte22,57.11688600086402,23.30055677554596,1.3191109,11.504954,0.1378820017284703,,,,,,,,,,,,False,False
68390830135333504,,,Melotte22,55.50015912504816,25.02960217166121,2.8222551,14.757203,-0.0731311360599793,,,,,,,,,,,,False,False
64936508198907904,G17405149501089,286113015.0,Melotte22,57.189369950611145,23.338712563393607,1.5054159,12.075048,0.0680332114949587,,,,4288.02,52.07,4.602,0.07,-0.126,0.039,-4.1892,0.0425,False,False
64938569783224960,,,Melotte22,56.98038426983239,23.318137232219552,2.6908627,14.6591,-0.1146527273704407,,,,,,,,,,,,False,False
64940906245415808,,,Melotte22,57.0868319876062,23.42103946372661,-0.067106724,5.460636,0.0438512418260399,,,,,,,,,,,,False,True
64941211186036352,G17405147875108,470713161.0,Melotte22,57.14388698332007,23.43459098862093,0.7898921999999999,9.733897,0.0528220142466743,19.342512,3.3532255,0.1733603939343556,6016.06,28.45,4.43,0.035,0.031,0.016,-4.29831,0.01892,True,False
68395399980532864,,,Melotte22,55.3905828925233,25.113310467653303,2.837679,14.735998,-0.0555090697363799,,,,,,,,,,,,False,False
68395606138958592,,,Melotte22,55.40530763317416,25.142267019966827,3.0821714,15.48779,-0.1913667816098952,,,,,,,,,,,,False,False
64943758103791104,,,Melotte22,57.38580185574098,23.41124239957272,3.1140919,15.095169,-0.0382405980632728,,,,,,,,,,,,False,False
64942001460286080,,,Melotte22,57.3151805556569,23.380169987462352,3.3386822,16.341398,-0.319655854682061,,,,,,,,,,,,False,False
68398732874994944,G17418493178749,100910021.0,Melotte22,54.12635880697465,24.011984796048488,1.1977539,11.303301,0.0530079098797024,5.429602,5.037182,0.9277258259445167,5092.37,38.78,4.716,0.054,0.072,0.032,-4.31055,0.07694,True,False
66593437863017984,,,Melotte22,58.18540466189003,24.349683324365028,3.155282,15.881412,-0.274467783544541,,,,,,,,,,,,False,False
64946025846426752,,,Melotte22,57.2033347873996,23.41318138675708,3.2199097,16.031588,-0.2877758061406751,,,,,,,,,,,,False,False
66597767189992832,,,Melotte22,58.4207475084373,24.41920320712948,2.4002428,13.973975,-0.0254034880142962,,,,,,,,,,,,False,False
64950488315122560,,,Melotte22,56.62930786525851,23.02615224308421,3.2927150000000003,16.630642,-0.4031355336807761,,,,,,,,,,,,False,False
64950625753906176,,,Melotte22,56.580941040597686,23.01531666211118,3.710434,16.229519,-0.1448382046510191,,,,,,,,,,,,False,False
64951111087777536,,,Melotte22,56.650363065254425,23.07129329230077,2.8799028,14.688958,-0.0108122362151578,,,,,,,,,,,,False,False
64952068862923520,,,Melotte22,56.58921758662981,23.08569959940112,3.3816452000000004,16.595785,-0.3636619431495473,,,,,,,,,,,,False,False
64952829074688896,,,Melotte22,56.66674719150832,23.11012408117072,0.6416569000000001,8.894408,0.1007354334708372,36.405285,1.070106,0.02939424866471997,,,,,,,,,True,False
64953481907702016,,,Melotte22,56.70238253867375,23.165858638751683,3.7116203,17.512620000000002,-0.4424701858239002,,,,,,,,,,,,False,False
64956127609464320,,,Melotte22,56.45349543711508,23.14694333291917,0.024568558,6.8683395,0.0425475079783655,190.82768,10.273509,0.05383657653858183,,,,,,,,,True,True
64956127609659008,,,Melotte22,56.45578142319428,23.14287376917117,2.856411,15.376368,-0.2675851199263732,,,,,,,,,,,,False,False
64959662365552384,G17405135727888,480705194.0,Melotte22,56.78069149429426,23.226156744121543,1.5968790000000002,12.292398,0.0617180860211126,,,,4275.1,49.22,4.461,0.067,-0.188,0.038,-3.99696,0.03642,False,False
64960663095015680,,,Melotte22,56.73798824228322,23.250470491433028,2.2120152,13.421676,0.0921897759743212,,,,,,,,,,,,False,False
64962174923490304,,,Melotte22,56.88419556070246,23.30633191106529,2.8911830000000003,15.171372,-0.1846177431821986,,,,,,,,,,,,False,False
64963377514329984,,,Melotte22,56.84184912038183,23.35995800057721,3.053584,15.405938,-0.1790599626731582,,,,,,,,,,,,False,False
64964717544035200,,,Melotte22,56.63706230536038,23.30513098617912,2.011135,13.016451,0.1218521587850727,,,,,,,,,,,,False,False
64966916567283456,,,Melotte22,56.73054111544866,23.38021298877048,3.1989937000000004,16.144558,-0.325595887762872,,,,,,,,,,,,False,False
66612473157921024,,,Melotte22,58.71911266637741,24.57605411468916,1.6745262,11.729854,0.5635707967951078,,,,,,,,,,,,False,False
64967569402404480,,,Melotte22,56.81416804545098,23.434812200682288,3.0180445,15.277871,-0.1544945228964613,,,,,,,,,,,,False,False
64967603762044928,,,Melotte22,56.78974161914069,23.432154840930263,3.063380200000001,15.771289,-0.2843245757969169,,,,,,,,,,,,False,False
64971722633920768,,,Melotte22,56.45816034438137,23.32896704028153,3.7835941,16.764942,-0.2622041675757481,,,,,,,,,,,,False,False
64971933089093760,G17405306478985,480703027.0,Melotte22,56.53493394536181,23.3473212122962,1.6409626,12.351245,0.0842918993717812,,,,4117.9,60.65,4.504,0.083,-0.166,0.048,-4.11664,0.04681,False,False
68433814167849728,,,Melotte22,54.50858925830159,24.33739433338546,2.875144,14.9333105,-0.109476359222465,,,,,,,,,,,,False,False
64974338270788864,,,Melotte22,56.30068677483327,23.364566597544023,2.8657188,14.877634,-0.0940144914286967,,,,,,,,,,,,False,False
64974574492213248,,,Melotte22,56.428701740008144,23.33658916129239,3.2474785,16.061031,-0.2841972299273119,,,,,,,,,,,,False,False
68436627369761664,,,Melotte22,54.606026580336845,24.453163152331467,3.6881638,17.599215,-0.4644402289952662,,,,,,,,,,,,False,False
64977705525131904,,,Melotte22,56.64730542253092,23.411531061804943,2.0335312,13.074501,0.111724631533074,,,,,,,,,,,,False,False
64977838668129152,,,Melotte22,56.55864472756546,23.36555532316514,3.6468697,18.129898,-0.5582651098534982,,,,,,,,,,,,False,False
64979732749686016,G17405128909966,100908152.0,Melotte22,56.75601002050891,23.4947414512787,1.0054016,10.691306,0.0470754324773019,12.027428,6.076112,0.505187975351006,5397.75,31.4,4.673,0.039,0.146,0.018,-4.31231,0.02467,True,False
66623605713181184,,,Melotte22,58.5016612957005,24.58037396103882,3.5716114,17.031855,-0.3927906668700352,,,,,,,,,,,,False,False
64980832261312640,,,Melotte22,56.70879817515686,23.53208141913091,2.929678,15.026005,-0.1130482996616891,,,,,,,,,,,,False,False
64981137202021376,,,Melotte22,56.51728508779696,23.40531966531973,1.3820218999999998,11.634639,0.1588634034081114,,,,,,,,,,,,False,False
66624357329718400,,,Melotte22,58.66312909035236,24.59833239982543,3.5286007000000006,16.697895000000006,-0.3348045570829607,,,,,,,,,,,,False,False
64981863053470592,,,Melotte22,56.59367990042645,23.485427897777026,3.3249388,15.883824,-0.2017533404317325,,,,,,,,,,,,False,False
64982344089813248,,,Melotte22,56.46988426929079,23.464874359391928,2.936716,15.030655,-0.1108656598950749,,,,,,,,,,,,False,False
64984951133439232,,,Melotte22,56.552852464053856,23.58701264824121,3.2278833,15.796086,-0.2183167032859428,,,,,,,,,,,,False,False
64985127228608128,G17405340770008,100908153.0,Melotte22,56.615815665612935,23.59251492432977,1.584384,11.721897,0.4258024749915107,,,,5168.13,42.45,4.525,0.059,0.071,0.035,-3.9814,0.02929,False,False
64986325522809728,,,Melotte22,57.020808803461314,23.40357707910696,3.2330418,16.919113,-0.4814154495750096,,,,,,,,,,,,False,False
68448142178730752,,,Melotte22,54.55441333229951,24.63785640303853,3.0869465,15.560642,-0.2118459899662249,,,,,,,,,,,,False,False
64987876007763968,,,Melotte22,57.063558497159214,23.434685520365303,2.8655157000000004,15.171599,-0.1982511483922261,,,,,,,,,,,,False,False
64988322684358144,,,Melotte22,57.09464904982035,23.461746193162423,3.1534615,15.553324,-0.1780812119580127,,,,,,,,,,,,False,False
64988803720689408,,,Melotte22,57.0858136640955,23.5168766769714,3.3266983,16.419292000000002,-0.3430115422373355,,,,,,,,,,,,False,False
64989490915460608,,,Melotte22,57.04583326091851,23.506811183809987,1.8174419,12.782841,0.0448409210549043,,,,,,,,,,,,False,False
68449757086421760,,,Melotte22,54.72576070048866,24.704218228358503,3.4548721,16.049367999999998,-0.1952833189022094,,,,,,,,,,,,False,False
64990349908937984,,,Melotte22,56.86723342159844,23.44802253199141,2.7443657000000004,14.517585999999998,-0.0239101653133495,,,,,,,,,,,,False,False
64990586130069504,G17405140662267,100908021.0,Melotte22,56.9084671444444,23.46784903102608,1.5855236,12.268779,0.0607957289743944,,,,4194.57,58.36,4.53,0.079,-0.193,0.045,-4.19544,0.04552,False,False
64990792288875264,,,Melotte22,56.900223814089344,23.473938387074423,3.1785507,16.104057,-0.3236477144564829,,,,,,,,,,,,False,False
68452265347345664,,,Melotte22,54.360041484653365,24.566847608055824,2.9600992,15.22404,-0.1662116050148262,,,,,,,,,,,,False,False
64993579724240896,,,Melotte22,56.874766639301605,23.554023397560623,3.437399,16.923494,-0.4145635313484506,,,,,,,,,,,,False,False
68458514523905408,,,Melotte22,54.392500153283606,24.704074258298697,3.2442513,16.394807999999998,-0.3683411688887691,,,,,,,,,,,,False,False
64997187496822912,,,Melotte22,57.25484893390647,23.63747709886331,3.2330704,16.480227,-0.3919053135135347,,,,,,,,,,,,False,False
64998905483757568,,,Melotte22,57.08270162427942,23.603137970026413,2.4323664000000003,13.913245000000002,0.0278761929495368,,,,,,,,,,,,False,False
64999558318784768,,,Melotte22,57.05745057368707,23.632990088333862,2.796442,14.711693,-0.070739031305407,,,,,,,,,,,,False,False
64999588381514496,G17405116559207,100908019.0,Melotte22,57.07052147815302,23.63658449525568,0.7404546999999999,9.538562,0.0177680961950326,21.609406,2.2670882,0.10491210170237904,6170.9,21.95,4.33,0.029,-0.046,0.016,-4.15992,0.04809,True,False
65000417312240896,,,Melotte22,57.04676066618868,23.661952197780924,2.3947048,14.390324,-0.2023373073150195,,,,,,,,,,,,False,False
65000863988835200,,,Melotte22,57.03735109356826,23.70632997828153,3.0857982999999995,15.50964,-0.196522693621724,,,,,,,,,,,,False,False
68468203969427200,,,Melotte22,54.4480325877061,24.89598496190662,3.2276993,16.118494000000002,-0.3073372492563806,,,,,,,,,,,,False,False
65003612767943040,,,Melotte22,56.759854923492746,23.54316025990323,3.6698284,16.506802,-0.2373580099212834,,,,,,,,,,,,False,False
65004437401569664,,,Melotte22,56.74245105010891,23.56061715976777,2.8807096000000003,15.449906,-0.2775057231877403,,,,,,,,,,,,False,False
65004712279475712,G17405339046583,100908157.0,Melotte22,56.72404434206553,23.58335393181007,0.8150959,9.896658,0.0386002360420944,,,,5907.65,30.62,4.507,0.038,0.027,0.017,-4.29983,0.02477,False,False
65005262035285888,,,Melotte22,56.76583191330965,23.61611499254201,2.4753046000000003,13.129026,0.5269037417569962,,,,,,,,,,,,False,False
66642641008348416,,,Melotte22,58.07318033775237,24.45532678087492,3.0047407,15.230453,-0.1451936182944933,,,,,,,,,,,,False,False
65007083101413888,,,Melotte22,56.86189019777351,23.678126852419386,0.21737766,7.595021000000001,0.0830191054204503,252.07834,8.164591,0.03238910173718218,,,,,,,,,True,True
65007942094880640,,,Melotte22,56.68706288706286,23.61855310239428,3.5812302000000003,16.193071,-0.1854403042038755,,,,,,,,,,,,False,False
65008010814357248,,,Melotte22,56.68002306054683,23.62260295725321,3.1402092,16.073286,-0.3315477080299512,,,,,,,,,,,,False,False
65008388771477120,,,Melotte22,56.71926880123131,23.64513884650403,3.2339296,15.17908,-0.0065529446098574,,,,,,,,,,,,False,False
68475904847290240,,,Melotte22,53.79354808310715,24.531663645306,3.001933,15.402696,-0.2035357517396818,,,,,,,,,,,,False,False
65010239900405504,L17405333921444,480703031.0,Melotte22,56.77834370556732,23.71495241087836,1.215661,11.295786,0.0897451852544439,,,,4891.66,43.95,4.7,0.055,0.037,0.027,-4.32409,0.02849,False,False
65010519075247616,,,Melotte22,56.84458758907592,23.73506530393573,2.9733076,15.08565,-0.1108459538726202,,,,,,,,,,,,False,False
65010549138050944,G17405333829320,286113187.0,Melotte22,56.80648230098543,23.71408562077604,1.2616501,11.5096445,0.0374217229227858,7.262236,10.2718115,1.414414444807357,4686.09,44.81,4.564,0.061,-0.107,0.036,-4.30502,0.0414,True,False
65011476851589632,,,Melotte22,56.77419713239273,23.7594911756874,3.3400764,17.060495,-0.4727926216090074,,,,,,,,,,,,False,False
65011481147922560,,,Melotte22,56.77549159808858,23.75544346708116,3.1273947,15.994456,-0.3166515345703156,,,,,,,,,,,,False,False
65011962184337664,,,Melotte22,56.96658486416223,23.66317575454774,3.1215677000000004,15.764659,-0.2564804927804129,,,,,,,,,,,,False,False
65012408860856832,,,Melotte22,56.93613786706123,23.70070454010213,3.0387678,15.380183,-0.1780216558622658,,,,,,,,,,,,False,False
65019963707009024,,,Melotte22,56.87336883957524,23.88023184346377,3.35746,17.297280999999998,-0.5093412667647444,,,,,,,,,,,,False,False
66648001127514368,,,Melotte22,58.18023060080065,24.46611078052241,3.043069,15.554891,-0.2308496429245438,,,,,,,,,,,,False,False
65013474012743936,G17405330896647,100908009.0,Melotte22,56.92168447899226,23.740085880970906,1.6477528,12.448992,0.0345460040367376,,,,4094.32,52.73,4.485,0.073,-0.203,0.044,-4.0646,0.04035,False,False
65014195567317504,,,Melotte22,57.03323531524461,23.73970884586579,2.7870903,14.775707,-0.1012372851236355,,,,,,,,,,,,False,False
65014985841292032,,,Melotte22,57.07240387537332,23.80639736170485,2.995575,15.478024,-0.2301619068635092,,,,,,,,,,,,False,False
66652467893487488,,,Melotte22,58.08614920432304,24.565304174952804,2.2128515,13.441506,0.0823213433382723,,,,,,,,,,,,False,False
65017627244152064,,,Melotte22,56.8374628864436,23.80314110025173,0.04240656,6.960182700000002,0.0481067285331267,217.72585,8.42845,0.03871129679824421,,,,,,,,,True,True
65017906418989312,,,Melotte22,56.80702207600254,23.83129346815246,2.6375847,13.568075,0.3869564621163195,,,,,,,,,,,,False,False
65018417518780672,,,Melotte22,56.88192236009528,23.87181815563444,3.0882645,15.572257999999998,-0.2147913344000397,,,,,,,,,,,,False,False
65019246448775424,,,Melotte22,57.02449569519244,23.8834430393732,3.1116486,16.08857,-0.3470955291499809,,,,,,,,,,,,False,False
66655560269868544,,,Melotte22,58.22291567603581,24.71553110367964,0.63813114,8.942785,0.0505716613076606,,,,,,,,,,,,False,False
66657415696297344,,,Melotte22,57.86348961016656,24.518448754707432,0.5342140000000001,8.428415,0.1400863330178598,187.70856,8.431744,0.04491933665678326,,,,,,,,,True,False
66658240329321088,,,Melotte22,57.76509213509881,24.54295656381257,2.9431114,15.105106,-0.1341081220579399,,,,,,,,,,,,False,False
65023232178029440,,,Melotte22,55.62266700134463,22.79038336607493,2.1069384,13.1896,0.1203274853305663,,,,,,,,,,,,False,False
66658996243552000,,,Melotte22,57.913750384057074,24.548696125636305,1.2227964,11.315678,0.0901129605598649,36.76913,17.789364,0.48381248074131755,,,,,,,,,True,False
66659271121456768,,,Melotte22,57.8917383871943,24.56899130155348,2.9859047000000003,15.212521,-0.1488419670591979,,,,,,,,,,,,False,False
66659408560406528,,,Melotte22,57.91303365598468,24.591264585269947,2.9861336,15.310652,-0.1816946608438999,,,,,,,,,,,,False,False
65026839950559744,,,Melotte22,55.446290775382565,22.856829510979928,1.8962812,12.925335,0.0515446921857736,,,,,,,,,,,,False,False
65027595864800000,,,Melotte22,55.51978348520319,22.85835816894348,0.6310768,8.661972,0.233420308718516,,,,,,,,,,,,False,False
65027905102436608,,,Melotte22,55.60962925402735,22.894458319172863,1.8353577,12.7660475,0.0748792004486148,,,,,,,,,,,,False,False
65029550073165184,,,Melotte22,55.73566057860892,22.85483397427657,3.4207592000000004,16.760004000000002,-0.3860622075982908,,,,,,,,,,,,False,False
65032745528876032,,,Melotte22,55.84406564335385,23.01552842209953,3.7325478,17.108147,-0.3572262097772631,,,,,,,,,,,,False,False
68505110624876032,,,Melotte22,54.11411304752591,24.687959548352808,2.8778658,14.740653,-0.0332402649843438,,,,,,,,,,,,False,False
66665902550940672,,,Melotte22,57.99514722975079,24.66772413079618,2.651003,14.4300785,-0.0478579078529104,,,,,,,,,,,,False,False
66665902550940800,,,Melotte22,57.99722936044795,24.666178384513103,2.7524567,14.601952,-0.0537705212277749,,,,,,,,,,,,False,False
68506347575444096,,,Melotte22,54.264567775408686,24.743022931744804,2.4989939,13.877517,0.0976523746636553,,,,,,,,,,,,False,False
68508855836353536,,,Melotte22,54.04406085049455,24.76646509016624,3.1979666,15.868505,-0.2523556249455447,,,,,,,,,,,,False,False
65037731987586304,,,Melotte22,55.68490896589497,23.10432423094935,3.2424612,15.761085,-0.2013909517422434,,,,,,,,,,,,False,False
65038281743395584,,,Melotte22,55.71537887938673,23.145328961490367,3.3351288,15.499237,-0.0733268852133708,,,,,,,,,,,,False,False
65040686925109760,,,Melotte22,55.494489457976506,22.950342697552426,2.6748362,14.424569,-0.0297737123084148,,,,,,,,,,,,False,False
68513356962056704,,,Melotte22,54.37794600726424,24.848328402055746,3.1822329,15.7828245,-0.2346869349961257,,,,,,,,,,,,False,False
65042439271761280,,,Melotte22,55.44449969060987,23.02199835550044,3.2460575,15.988699,-0.265257290816017,,,,,,,,,,,,False,False
68514559552895488,,,Melotte22,54.34278163126909,24.90432863222204,2.9699697,15.53354,-0.2591754441056923,,,,,,,,,,,,False,False
65047043476608128,,,Melotte22,55.359902364798366,23.13393922944861,3.1455584,15.452512,-0.1492038383058397,,,,,,,,,,,,False,False
65049139420729856,,,Melotte22,55.524004765870274,23.12056786410569,3.4667149,17.721785999999994,-0.5459794743895122,,,,,,,,,,,,False,False
65052639818118400,,,Melotte22,55.43225882288365,23.133142733965936,3.640939700000001,17.361822,-0.4356236384174426,,,,,,,,,,,,False,False
65053915424355584,,,Melotte22,55.564114916711006,23.191815889549066,3.2087088,15.805661,-0.2296079460730314,,,,,,,,,,,,False,False
65056526764528128,,,Melotte22,55.93744520454143,23.05569426870465,2.6872349,14.345987,0.012766941850967,,,,,,,,,,,,False,False
65058760147520000,,,Melotte22,56.03890906143864,23.14619150014591,3.0747375,15.299133,-0.1327906284825454,,,,,,,,,,,,False,False
68530124514310912,,,Melotte22,53.9570648191768,25.07989856329464,2.5126944,14.169616,-0.0305109079199536,,,,,,,,,,,,False,False
65064837524605312,,,Melotte22,56.09235889438332,23.18174556471273,3.6247978,16.785686,-0.3216633833067791,,,,,,,,,,,,False,False
68540535515653504,,,Melotte22,54.77812109736227,24.702658564560203,0.038693905,7.066489999999999,0.0284437527356668,105.369774,3.6583924,0.034719561987482286,,,,,,,,,True,True
65072435323295872,G17405248138431,100905035.0,Melotte22,56.04683380132059,23.379119346046327,1.0334635,10.593733,0.1590924947759012,23.505348,16.50203,0.7020542729254636,5463.69,36.33,4.573,0.048,0.202,0.026,-4.05977,0.033,True,False
65078929312363392,,,Melotte22,55.676709429387024,23.338966692580577,2.848033,14.132764000000002,0.2291708958829376,,,,,,,,,,,,False,False
65079788307324672,,,Melotte22,55.651179029374646,23.367838806669265,2.8447046,14.908607,-0.1176444027220253,,,,,,,,,,,,False,False
65084358152509440,,,Melotte22,55.90259101572706,23.453753860057788,1.8890305,12.873901,0.0728076474472134,,,,,,,,,,,,False,False
65086591535491584,G17405272454656,100905169.0,Melotte22,56.00257297938471,23.54374398487473,0.98379326,10.24679,0.2401380141603916,11.922005,3.7171736,0.31179097811148376,5779.44,22.84,4.482,0.029,0.089,0.015,-4.27268,0.03613,True,False
65088275162687104,,,Melotte22,55.75590442819679,23.49166437151513,3.0464563,15.729276,-0.2801675684044466,,,,,,,,,,,,False,False
66694455493470464,,,Melotte22,58.24652162702128,24.901342455190893,1.8534889,12.791295,0.0808088747763273,,,,,,,,,,,,False,False
65089336018173440,G17405286126331,286109192.0,Melotte22,55.90730074032357,23.53578784874756,0.8666190999999999,10.060749,0.0785103550014983,11.273531,4.2995696,0.38138624003428917,5749.44,26.65,4.476,0.036,0.084,0.021,-4.23659,0.04482,True,False
65089473457126784,,,Melotte22,55.9526140176657,23.539193471582013,1.7170792,12.528186,0.0744600747434918,,,,,,,,,,,,False,False
66695688147432832,,,Melotte22,58.23308551038914,24.961471693181505,3.568451,17.395870000000002,-0.4633497900280795,,,,,,,,,,,,False,False
68559738312482048,,,Melotte22,54.81982690743389,24.96055005254026,3.446476,16.09025,-0.2104827227150363,,,,,,,,,,,,False,False
65096899456994304,,,Melotte22,55.05317309325709,23.159776615728504,2.7593088,14.653085,-0.0701386830554723,,,,,,,,,,,,False,False
66702048996405632,,,Melotte22,58.352146953546885,25.03513354258102,3.2042303,15.3094225,-0.0705860406933023,,,,,,,,,,,,False,False
65098514364769408,,,Melotte22,55.21602761544148,23.230535528423577,2.9086323,14.988882,-0.1111457919919243,,,,,,,,,,,,False,False
65101606741121792,,,Melotte22,55.358274790613365,23.25980604541485,3.13842,15.543577,-0.1821237896195367,,,,,,,,,,,,False,False
65107860213588096,,,Melotte22,55.30763642249146,23.38474215323857,1.7266588,12.597651,0.0452442213298292,,,,,,,,,,,,False,False
65108714911246720,,,Melotte22,55.040435701679925,23.175546000426177,2.8729153,15.217663,-0.2094939845189437,,,,,,,,,,,,False,False
66710845088732160,,,Melotte22,56.94337881610533,24.050481718343995,2.309679,13.655684,0.055650453650328,,,,,,,,,,,,False,False
66710948167949696,,,Melotte22,56.89387479189458,24.039553949276844,2.906951,15.50229,-0.2801501549377282,,,,,,,,,,,,False,False
66711532283494656,,,Melotte22,56.94067213271087,24.093478715572004,2.8830748,15.056418,-0.1495045959668836,,,,,,,,,,,,False,False
66712253837994880,,,Melotte22,57.02676571552421,24.114207274352665,2.988432,15.468422,-0.2306769420185564,,,,,,,,,,,,False,False
65112739296356608,,,Melotte22,55.10957950826757,23.35793606987987,3.1022243,15.426275,-0.1617519749615683,,,,,,,,,,,,False,False
65113559634339200,G17419119940435,470703135.0,Melotte22,54.92166516557801,23.290687048609904,0.7111435,9.372724,0.0241927764981233,,,,6260.69,22.05,4.364,0.03,0.061,0.016,-4.26348,0.03092,False,False
66715105696289024,,,Melotte22,56.8377600202136,24.11606748364181,0.009374142,6.2829795,0.1003123810704503,,,,,,,,,,,,False,True
66715273197982848,,,Melotte22,56.83070036887997,24.13892013262307,0.35392094,8.008208,0.0807071875622524,13.836205,1.0948197,0.07912716673394185,,,,,,,,,True,False
66715827250786432,,,Melotte22,56.883405772187565,24.173392342814555,3.0139809,15.5670185,-0.2482382629817558,,,,,,,,,,,,False,False
66716136489019008,,,Melotte22,56.87290125295112,24.2053413548071,3.0472088,16.326809,-0.4281778724207826,,,,,,,,,,,,False,False
68581694185489920,,,Melotte22,55.24698532160135,25.19856192051851,3.4784622000000005,16.57297,-0.3235167719343879,,,,,,,,,,,,False,False
66717987616472704,,,Melotte22,56.986050095884856,24.25867098144192,3.2398014,16.170437,-0.3157258437990324,,,,,,,,,,,,False,False
66719194505127168,,,Melotte22,57.14795709917132,24.20069255245605,3.2321148,16.092218,-0.2987248039591423,,,,,,,,,,,,False,False
66719228864863360,,,Melotte22,57.16636349176905,24.21171256484671,2.6146746,14.329345000000002,-0.0292441195257954,,,,,,,,,,,,False,False
65119164567417856,G17418376182270,470715195.0,Melotte22,55.21027734303729,23.41823955761368,0.8932123,10.129077,0.1038560423931923,10.962899,3.5884752,0.32732903951774067,5736.85,20.6,4.505,0.026,0.068,0.013,-4.28699,0.02715,True,False
68584034944338560,,,Melotte22,55.3780129439643,25.19773344723855,3.2168255,16.020414000000002,-0.2860792929970063,,,,,,,,,,,,False,False
66720534534913792,,,Melotte22,57.1294732995043,24.281273105178407,2.4508772,13.808888,0.0941934191167664,,,,,,,,,,,,False,False
65120470237460480,,,Melotte22,55.34580150775589,23.48673483571187,0.5979481,8.691947,0.1208736511820638,,,,,,,,,,,,False,False
68586779426847104,,,Melotte22,55.37655052879427,25.28488012420432,3.8315334,17.593805,-0.4229718529482997,,,,,,,,,,,,False,False
66722660540945408,,,Melotte22,57.23194867596918,24.361013705805288,3.7239513,17.172089,-0.3732456801593422,,,,,,,,,,,,False,False
65125452399528320,,,Melotte22,55.13134552101875,23.55044873325841,2.1775074,13.354491,0.0966585787476142,,,,,,,,,,,,False,False
65125864716379264,G17404360775538,286109110.0,Melotte22,55.21373303656764,23.59821916838355,1.3631744,11.703961,0.0839125286821716,,,,4490.22,43.99,4.591,0.06,-0.107,0.034,-4.28677,0.04146,False,False
68591456647799552,,,Melotte22,55.35292270473846,25.384829715292767,3.0725498,15.839739000000002,-0.2990731721151549,,,,,,,,,,,,False,False
66727234683931520,,,Melotte22,56.765021173178965,24.159487376870928,1.8952541,12.866948,0.0836574589281349,,,,,,,,,,,,False,False
65128506120036352,,,Melotte22,55.64182280026503,23.41427037593611,3.5555440000000003,16.807646,-0.350283002330047,,,,,,,,,,,,False,False
65125516823040256,,,Melotte22,55.11912329769928,23.56162881899148,3.5181332000000003,17.853703,-0.5517942918283636,,,,,,,,,,,,False,False
66728089380491648,,,Melotte22,56.79601444541114,24.230810652961136,3.0739517000000003,16.23424,-0.3970317180450523,,,,,,,,,,,,False,False
66728128037119616,,,Melotte22,56.82561830737341,24.23078024254708,3.3391886,15.1895895,0.0447023488729553,,,,,,,,,,,,False,False
66728265476081408,,,Melotte22,56.73055847874693,24.187798191519004,3.5798693,15.85624,-0.0824595971257965,,,,,,,,,,,,False,False
66728501697350016,,,Melotte22,56.7577585320773,24.224328016207984,3.3200836,17.176920000000006,-0.5000562749742135,,,,,,,,,,,,False,False
68593346433465856,,,Melotte22,54.96326524435254,25.19466160217009,0.48695087,8.43793,0.0396860545727445,137.85146,8.045452,0.05836319760414579,,,,,,,,,True,False
66729021390315904,,,Melotte22,56.78930915283257,24.259489450444,3.257038,16.488464,-0.3848899446059401,,,,,,,,,,,,False,False
66729261908482048,,,Melotte22,56.79198814384009,24.27645362280709,0.6450882,8.972963,0.052686769947604,,,,,,,,,,,,False,False
66729635568719872,,,Melotte22,56.843316117444246,24.238406871747408,3.4563828,16.203325,-0.2379680694585803,,,,,,,,,,,,False,False
66729674225341696,,,Melotte22,56.85469975761968,24.25462065234576,3.054560700000001,15.783017,-0.2914991806760567,,,,,,,,,,,,False,False
66729880383767168,,,Melotte22,56.87281395748793,24.288130246334337,0.10141754,6.740394599999999,0.1441340155292508,,,,,,,,,,,,False,True
66730601936067072,,,Melotte22,56.84287803292823,24.28313654911841,3.573637,17.01693,-0.3890687015408435,,,,,,,,,,,,False,False
68595751615127296,,,Melotte22,55.06220014487003,25.32173126794683,2.4482164,13.893018,0.0500600848124932,,,,,,,,,,,,False,False
65134592089910656,,,Melotte22,55.53692422707422,23.58789591935753,2.349576,13.696748,0.0682918887468403,,,,,,,,,,,,False,False
66731731512764416,,,Melotte22,56.72077961223352,24.25201618213724,3.3802395,17.28117,-0.4996715636131534,,,,,,,,,,,,False,False
65135176205557888,,,Melotte22,55.72227588592608,23.518556750116925,2.8521223,14.843436,-0.0888860808811927,,,,,,,,,,,,False,False
66732423004453376,,,Melotte22,56.72344711251792,24.28729417689776,2.7211971,13.771814,0.3335745530882834,,,,,,,,,,,,False,False
65136791113382912,,,Melotte22,55.70385233585675,23.580003136612984,3.077446,15.475222,-0.1896589296197561,,,,,,,,,,,,False,False
68600321460320768,,,Melotte22,55.0460741774819,25.39058935918636,3.0741662999999995,15.65381,-0.2458382244396348,,,,,,,,,,,,False,False
66733763034205696,,,Melotte22,56.78401518543688,24.306630324930296,2.7416039,14.480276000000002,-0.0098182003408604,,,,,,,,,,,,False,False
66734725106867968,,,Melotte22,56.81444649566894,24.39176364290305,3.3263502000000003,15.676642,-0.137083311213793,,,,,,,,,,,,False,False
66735446661374976,,,Melotte22,56.782901747247,24.39366460107137,3.0484152,15.899798,-0.3255472513555135,,,,,,,,,,,,False,False
66737095928811648,G17404944378286,470712044.0,Melotte22,56.918616532110974,24.364356080566463,0.8469839,9.896464,0.1134898734302892,,,,5898.25,19.02,4.479,0.024,0.142,0.011,-4.246,0.0233,False,False
68605058807852928,,,Melotte22,55.26734730073163,25.50698102635492,3.352625,16.570292000000002,-0.3683671284960896,,,,,,,,,,,,False,False
66737405166459264,,,Melotte22,56.87755475112934,24.37033465290409,2.3478098,13.697297,0.0665369595845086,,,,,,,,,,,,False,False
66737576965143296,,,Melotte22,56.9069733379304,24.40625196187756,3.240552,15.617101000000002,-0.1575315711787059,,,,,,,,,,,,False,False
66738023641737088,,,Melotte22,56.957489521440976,24.42848980052444,3.0433226,15.385392,-0.1774566846287226,,,,,,,,,,,,False,False
68606918530067072,,,Melotte22,55.13584097676842,25.47778442647646,3.1731243,15.919743,-0.277322752041372,,,,,,,,,,,,False,False
66740497542906368,,,Melotte22,56.88397566646314,24.40493750874421,3.0123444,15.767084,-0.3059408061658165,,,,,,,,,,,,False,False
66741116018188416,,,Melotte22,56.914055586899366,24.45873245787969,2.9671144,14.87848,-0.0359444107284292,,,,,,,,,,,,False,False
66742765285619584,,,Melotte22,56.962358201569394,24.50501618902519,2.4399347,13.887265,0.0463782119075771,,,,,,,,,,,,False,False
65147438335354624,,,Melotte22,55.39506643063224,23.6375399297184,3.0945377,16.012017999999998,-0.3349317329386708,,,,,,,,,,,,False,False
66745170467302656,,,Melotte22,57.296064164609405,24.347399016105328,2.8443222,14.782482,-0.0699014941214659,,,,,,,,,,,,False,False
66745617143891968,,,Melotte22,57.34071662082901,24.38075238779045,-0.0325551029999999,6.6148195,0.0104272950224148,118.85567,25.881351,0.21775444957737394,,,,,,,,,True,True
66745754582838272,,,Melotte22,57.36500889975356,24.403636922425783,3.0494738,15.39664,-0.1780703677854347,,,,,,,,,,,,False,False
66746441777612416,,,Melotte22,57.320106897066594,24.39593347467187,0.13290787,7.4284444,0.0464415468714726,248.68051,9.723376,0.03909987155808873,,,,,,,,,True,True
68616779774936064,,,Melotte22,54.54287511580009,25.19232754266036,3.285759,16.559826,-0.3902360305319874,,,,,,,,,,,,False,False
65150947325369600,G17404411509212,100903002.0,Melotte22,55.36604390474277,23.70813709776343,0.96062183,10.408467,0.1077014486386385,12.363252,2.7577016,0.22305632854527271,5532.96,26.46,4.656,0.034,0.252,0.016,-4.31151,0.02319,True,False
65151531440914560,,,Melotte22,55.41503159545681,23.762883513854284,1.8860197,12.916341,0.0454796302823871,,,,,,,,,,,,False,False
68620868583787904,,,Melotte22,54.72052587343976,25.23624701095785,1.7856665,12.579953,0.1272354278540478,,,,,,,,,,,,False,False
66747816167123712,G17404931172415,100909229.0,Melotte22,57.42624525738901,24.462799736001266,1.1820087,11.228242,0.0706746772204466,,,,4972.35,33.2,4.71,0.041,0.025,0.019,-4.29828,0.0232,False,False
65153833543386624,,,Melotte22,55.49459139514297,23.70713528477168,1.9494696,12.961369,0.0882818446687213,,,,,,,,,,,,False,False
66749121837171840,,,Melotte22,57.38774921504782,24.53383268332161,2.5900593,14.188807999999998,0.016129478703776,,,,,,,,,,,,False,False
65155856471318912,,,Melotte22,55.69027460990266,23.82282265577828,3.4975414,16.341368,-0.2587701288585119,,,,,,,,,,,,False,False
68624613795266432,,,Melotte22,54.60099903259685,25.33020125439969,3.2256203,15.793688,-0.2186117683190466,,,,,,,,,,,,False,False
65156891560085504,,,Melotte22,55.609551265925255,23.86060771230318,3.3021964999999995,16.316025,-0.3274579291959185,,,,,,,,,,,,False,False
66752042414936704,,,Melotte22,57.36525467918314,24.53152918709479,2.5076437,13.742282,0.1754084131963365,,,,,,,,,,,,False,False
66750358787789056,,,Melotte22,57.177946533094,24.4552402956949,3.2462635,16.338832999999994,-0.3544648487607488,,,,,,,,,,,,False,False
66754241438299520,G17404920902682,480704026.0,Melotte22,57.55177538411496,24.532726387836213,1.4336271,11.953037,0.0381373412089019,21.409864,23.702738,1.1070942814022546,4377.94,56.58,4.516,0.077,-0.149,0.044,-4.13194,0.04205,True,False
65161250950264192,,,Melotte22,55.51227170472401,23.9315503764995,2.7090015,13.708513,0.361391376204846,,,,,,,,,,,,False,False
65161976802151680,,,Melotte22,56.24574641631536,23.38872896889856,1.7224798,12.481163,0.1095527025075214,,,,,,,,,,,,False,False
65162492198224768,,,Melotte22,56.2850830159825,23.41676879534112,3.2430534,16.452773999999998,-0.3820457735953148,,,,,,,,,,,,False,False
65163110673516928,,,Melotte22,56.241819317523365,23.408471301585465,2.951087,15.066506,-0.116000553367587,,,,,,,,,,,,False,False
66755959425257856,,,Melotte22,57.57598217276831,24.58746632894919,3.003501,15.562357999999998,-0.2518030510693486,,,,,,,,,,,,False,False
65164171528305792,G17405315102913,286113157.0,Melotte22,56.34254222359188,23.47151034941984,1.3070021,11.464812,0.1430238434539376,15.608434,13.414196,0.8594197214147172,4961.67,49.11,4.602,0.068,-0.025,0.039,-4.1224,0.05505,True,False
65165653294149760,,,Melotte22,56.30591985851103,23.51671671299534,3.2043476,14.853676,0.1115574037838523,,,,,,,,,,,,False,False
68632310376680064,,,Melotte22,54.2938577892785,25.29280889795741,3.1709414,15.80586,-0.2463509036018986,,,,,,,,,,,,False,False
66757746131459200,,,Melotte22,57.53599531467368,24.67145692585336,3.1725063,16.179333,-0.3448767897864409,,,,,,,,,,,,False,False
65167577439502592,,,Melotte22,56.15126273681794,23.50290282738409,2.6189442,14.212310999999998,0.0258717646400863,,,,,,,,,,,,False,False
66759773356036992,,,Melotte22,57.42996817987875,24.662763772528947,3.4543552,17.186144,-0.4599303607291434,,,,,,,,,,,,False,False
65168844452782208,,,Melotte22,56.31845658251356,23.566974495922608,3.373333,16.485216,-0.3412098510709542,,,,,,,,,,,,False,False
65169566007289216,,,Melotte22,56.21366072046201,23.57224054851139,3.601509,17.47245,-0.4671917217821767,,,,,,,,,,,,False,False
65169943964429952,,,Melotte22,56.27833987281683,23.614139359630546,3.4484148,15.657268,-0.0746256708527922,,,,,,,,,,,,False,False
65170016980919808,,,Melotte22,56.23629783447908,23.60638236898229,2.8697624,14.9347,-0.1130385527126393,,,,,,,,,,,,False,False
66761903659793152,,,Melotte22,57.48251419167079,24.741904532006497,2.5507517,14.01304,0.0702578454396555,,,,,,,,,,,,False,False
66763965244167808,,,Melotte22,57.089798953465525,24.57858677808368,2.969945,15.698369,-0.3062332885615056,,,,,,,,,,,,False,False
65175480179315840,,,Melotte22,56.36469576574965,23.632340550413826,3.0938892000000005,16.003448000000002,-0.3330184964081719,,,,,,,,,,,,False,False
66765751950550144,,,Melotte22,57.16855137094933,24.60929160554009,2.9620256,15.001132,-0.0859798751659791,,,,,,,,,,,,False,False
66765855029760768,,,Melotte22,57.18905902932668,24.62379553563966,3.2267857,15.98992,-0.2736925737547515,,,,,,,,,,,,False,False
66765855029900288,,,Melotte22,57.1862997808345,24.62302939952373,3.3674278,17.145472,-0.4796539407680337,,,,,,,,,,,,False,False
65178190301724544,,,Melotte22,56.40739057191468,23.730431205960933,3.3896255,17.174626999999994,-0.4779778854368174,,,,,,,,,,,,False,False
65179946945247488,,,Melotte22,56.0870342398791,23.56092855087352,2.7235603,14.586884,-0.0657866078010993,,,,,,,,,,,,False,False
65181115176348544,,,Melotte22,56.06865698054384,23.61763077488844,2.9484844,14.537514000000002,0.09808650649739,,,,,,,,,,,,False,False
65181321334778240,,,Melotte22,56.14966288663879,23.57817517359253,3.9137058,17.245832,-0.3300286613983854,,,,,,,,,,,,False,False
65181527493208192,,,Melotte22,56.1322400085094,23.59042529757861,2.8237982,14.835887,-0.1025181377132505,,,,,,,,,,,,False,False
65184894747573376,,,Melotte22,55.904682138612976,23.64209500872485,3.057953,14.660657999999998,0.1105155153731397,,,,,,,,,,,,False,False
66771764904729984,,,Melotte22,57.3386267284366,24.694528039922925,3.141058,16.370293,-0.4018906315104287,,,,,,,,,,,,False,False
66767843597097856,,,Melotte22,56.99745157519386,24.59348165094361,3.3148994,16.462059,-0.3574469315638401,,,,,,,,,,,,False,False
66774513683782912,G17526043713446,758715177.0,Melotte22,57.33590317007083,24.776462360298343,1.3729848999999998,11.70027,0.1019994642671695,10.825923,12.019539,1.1102553565178692,4772.97,78.16,4.318,0.11,-0.207,0.064,-3.82279,0.04491,True,False
65188090203295744,,,Melotte22,56.272110370459565,23.702465925169783,0.5366392,8.5459,0.0699471212583329,,,,,,,,,,,,False,False
65189739470654464,,,Melotte22,56.27089546399231,23.76829178718792,3.3934975,15.764849,-0.1350469192231172,,,,,,,,,,,,False,False
65190048708380160,G17405349141455,100904077.0,Melotte22,56.3383718087484,23.7272709540596,1.5379562,11.243565,0.7079886436792662,,,,5600.42,71.86,4.408,0.11,0.129,0.068,-3.94589,0.05706,False,False
65190220507070208,G17405348880268,100904084.0,Melotte22,56.373319246952896,23.76030233530837,1.5521526,12.029433,0.1643318952480902,,,,4455.82,42.51,4.597,0.059,-0.118,0.035,-4.28301,0.04408,False,False
65190838982357760,,,Melotte22,56.4121662011986,23.81538702478493,3.3416843000000003,16.607554999999998,-0.3806216920689502,,,,,,,,,,,,False,False
66779358406877568,,,Melotte22,57.25420132319898,24.90260777619421,2.7941723,14.458935,0.0337839402264112,,,,,,,,,,,,False,False
66779564565300224,,,Melotte22,57.34143853206736,24.91186927953463,2.973466,15.442813,-0.2300856352521953,,,,,,,,,,,,False,False
65194274954079104,,,Melotte22,56.14298769625818,23.856687767501448,3.4498825,17.821043,-0.5652781969700309,,,,,,,,,,,,False,False
65194584193758336,G17405301148421,100904076.0,Melotte22,56.26375187558318,23.839209317701982,1.1114388000000002,11.048585,0.0482474291077311,,,,5125.12,36.72,4.766,0.046,0.113,0.022,-4.35405,0.02688,False,False
65195404530870144,,,Melotte22,56.30266024809251,23.895691099262624,3.2893085,16.989515,-0.4760375385695052,,,,,,,,,,,,False,False
65196370900147968,G17405301825320,100904083.0,Melotte22,56.2244333696046,23.92108582136264,1.0418558,9.982679,0.514275364975862,25.598112,6.0142827,0.23495024554935925,6108.4,15.95,4.38,0.02,0.077,0.009,-4.21677,0.01701,True,False
65196405259884544,,,Melotte22,56.24422047135835,23.927876856061392,2.8608084,14.856418,-0.0887945864092403,,,,,,,,,,,,False,False
65199222758514048,,,Melotte22,56.66684126540061,23.782741021881947,2.8712997,14.820974,-0.0690272554893011,,,,,,,,,,,,False,False
66781832308018176,G17405165010945,100904229.0,Melotte22,56.61848429294754,24.433739343907018,0.9607105,10.302857,0.1623016985007109,57.93641,17.36941,0.29980128212983853,5772.65,23.97,4.481,0.03,0.126,0.014,-4.0025,0.01225,True,False
65199978672758272,G17405326671671,470709056.0,Melotte22,56.65709673682824,23.787509551422787,0.90088654,9.512707,0.4787981217747118,16.997486,4.8872566,0.28752820270009344,5655.07,20.31,4.587,0.025,0.122,0.012,-4.35324,0.01374,True,False
65200283613608704,,,Melotte22,56.61546284551448,23.81249172307968,3.3704548,15.788345,-0.1527411873314973,,,,,,,,,,,,False,False
65201039527567232,G17405354918575,286113101.0,Melotte22,56.51159600199895,23.737182120475783,1.7130537,11.235674,1.0328103470472216,6.3298,9.903283,1.5645491168757308,5810.88,28.22,4.513,0.038,0.119,0.022,-4.17121,0.09102,True,False
65201249983083392,,,Melotte22,56.52329273640922,23.75705828476333,2.4468641,13.2562895,0.411952350423598,,,,,,,,,,,,False,False
66782897460055424,,,Melotte22,56.74397999975443,24.46092173710442,2.8537579,14.772564,-0.0604020788835583,,,,,,,,,,,,False,False
66782931820393216,,,Melotte22,56.75128246811272,24.473410211106103,3.1241493,15.151375,-0.0541075690236099,,,,,,,,,,,,False,False
65202830531043968,,,Melotte22,56.527243425545215,23.83880945903293,2.287283,13.519028,0.1076380196294101,,,,,,,,,,,,False,False
66783584654831872,,,Melotte22,56.61261347529189,24.45374227557124,2.8038416,14.669244,-0.0492493283056216,,,,,,,,,,,,False,False
65203758244032512,,,Melotte22,56.592573547596295,23.877931178453423,3.1592731,15.010233,0.0198554232379668,,,,,,,,,,,,False,False
65204342359530112,,,Melotte22,56.55978465218358,23.85061303268248,3.8449116,16.404898,-0.1442215714544813,,,,,,,,,,,,False,False
66786505232432512,,,Melotte22,56.51218035590119,24.527697326214305,-0.01687336,6.425955,0.0507835593997726,280.64932,14.52243,0.051745822865346694,,,,,,,,,True,True
66786539592171392,,,Melotte22,56.60273991007824,24.47939883769473,2.893527,15.216504,-0.1983704603419986,,,,,,,,,,,,False,False
68660554081641472,,,Melotte22,55.0249543783144,25.672340069931327,3.0767555,15.657799,-0.2458185491456808,,,,,,,,,,,,False,False
65206674525036672,,,Melotte22,56.75155954236713,23.879894836519966,3.6358585,16.096153,-0.1347749359807771,,,,,,,,,,,,False,False
66787119410915072,,,Melotte22,56.66214340428439,24.520107585039703,1.5127659,12.058481,0.0888671659985745,14.850482,13.458491,0.9062662747242818,,,,,,,,,True,False
66788253282520192,,,Melotte22,56.58906496545378,24.56438443480984,3.2691002,15.884916,-0.226220354961768,,,,,,,,,,,,False,False
66788291938818304,G17405167790887,100904054.0,Melotte22,56.59455349459928,24.569949769064657,0.8218440999999999,9.802695,0.0992643517279927,17.020529,4.3081207,0.2531132081734945,5985.64,38.47,4.435,0.056,0.102,0.034,-4.26621,0.03112,True,False
65207709611941376,,,Melotte22,56.85182143112869,23.914477891763102,0.04229927,7.249264,6.923992313141963e-06,,,,,,,,,,,,False,False
66788669895935616,,,Melotte22,56.59603705450085,24.604850501674104,2.911234,15.406652,-0.249570538979419,,,,,,,,,,,,False,False
65208396808627840,G17405189803370,100908231.0,Melotte22,56.92276375783222,23.97172758846156,1.5474538999999998,12.173166,0.0670091154504026,,,,4328.99,48.62,4.447,0.067,-0.173,0.039,-4.01726,0.03553,False,False
65209079706818176,,,Melotte22,56.79446914566682,23.9710528362226,3.5176182000000003,17.084446,-0.4206523802088703,,,,,,,,,,,,False,False
66789872486779520,,,Melotte22,56.747585269534376,24.51991333978582,0.034648895,6.7674193,0.0669286971341429,249.38617,8.561334,0.0343296262178452,,,,,,,,,True,True
65211145587780992,,,Melotte22,56.649726018175954,23.966825124571223,1.8533316,12.7896185,0.0816053036996304,,,,,,,,,,,,False,False
65211557904569856,,,Melotte22,56.68172301551613,23.994936841909595,2.386301,13.95385,-0.0268323704003958,,,,,,,,,,,,False,False
66791483097102464,,,Melotte22,56.90992716923972,24.599773115942288,3.2622795,16.274693,-0.3328161425343275,,,,,,,,,,,,False,False
66791521754962560,,,Melotte22,56.912642771548605,24.606013275557533,3.6002884,18.095886,-0.5652312342728327,,,,,,,,,,,,False,False
66791624833561856,,,Melotte22,56.93522462565709,24.61533104100053,2.9639435,15.913277,-0.3653082149808704,,,,,,,,,,,,False,False
66791659193405952,,,Melotte22,56.941383283337046,24.63352445534572,3.2024813,15.390779,-0.1002788442861669,,,,,,,,,,,,False,False
65212107660378880,,,Melotte22,56.767658409458,23.995012914402537,0.411232,8.059982000000002,0.1267174220647523,107.99183,3.5110075,0.03251178816027101,,,,,,,,,True,False
65212760495396736,,,Melotte22,56.855682971871175,24.04895316921224,2.497138,14.23825,-0.0713719555783793,,,,,,,,,,,,False,False
65212932294091264,,,Melotte22,56.78835513699936,24.05197806630918,2.5782223,14.205992000000002,-7.894779604759476e-05,,,,,,,,,,,,False,False
65213172812266240,,,Melotte22,56.74722551551796,24.02839263224941,3.0877132,14.856176,0.0428391412090699,,,,,,,,,,,,False,False
65213172812266752,,,Melotte22,56.74283055817035,24.02799565347156,3.16395,15.839386,-0.2589655304096833,,,,,,,,,,,,False,False
66792999222948992,,,Melotte22,56.86851689686709,24.675696492327,2.9624004,15.48984,-0.2497731877853461,,,,,,,,,,,,False,False
66793583338514816,,,Melotte22,56.70512196594525,24.599825599962905,2.1480045,13.269692,0.1154161218146155,,,,,,,,,,,,False,False
65214409762926720,G17405344133069,100904100.0,Melotte22,56.454022199513645,23.852686378846503,1.7800311999999998,12.650938,0.0778864786319552,,,,3910.71,46.86,4.608,0.065,-0.454,0.039,-4.4345,0.04429,False,False
65214856439472640,,,Melotte22,56.46044167389074,23.87375404600036,1.6774006,12.255639,0.1929641730557053,26.291826,19.083324,0.7258272590119834,,,,,,,,,True,False
65216363971331072,,,Melotte22,56.41253094148422,23.950117908380683,3.1692924,16.08192,-0.3217991563283205,,,,,,,,,,,,False,False
65216643145862144,,,Melotte22,56.51799855172368,23.927842380057047,2.7161846,14.520493,-0.0432305678278588,,,,,,,,,,,,False,False
66795640626019200,,,Melotte22,56.7738598497284,24.667526707017217,3.5519943,17.89699,-0.5491878343785234,,,,,,,,,,,,False,False
66798496781121792,,,Melotte22,56.47708455753871,24.55430537374798,-0.02298975,5.752268,0.0930049928811757,195.60583,10.987308,0.05617065708113097,,,,,,,,,True,True
65222518661019520,G17405178499064,286112112.0,Melotte22,56.43373928124347,24.073923595288683,1.8298388,12.760758,0.0716478090604047,,,,3945.25,49.62,4.467,0.069,-0.388,0.042,-4.17636,0.04366,False,False
65222759179728640,,,Melotte22,56.39758231507854,24.08301110684446,0.8261423000000001,9.486859,0.2867631707195421,54.55155,3.9442499,0.07230316828761053,,,,,,,,,True,False
66798977817468288,,,Melotte22,56.34039171856011,24.54350590311485,2.7984066000000003,14.975864,-0.1680189249424764,,,,,,,,,,,,False,False
66799763794633856,G17405169059986,631312065.0,Melotte22,56.527189243760176,24.56722164752902,1.3388824,11.6745825,0.0631692956215968,14.818249,17.787527,1.2003798154559289,4604.48,40.15,4.621,0.051,-0.064,0.025,-4.29931,0.03013,True,False
66799768088857856,,,Melotte22,56.52886446572594,24.562605127900447,1.4467468,11.910682,0.0840175364918094,20.382998,14.595003,0.7160380921393408,,,,,,,,,True,False
65223515093523328,,,Melotte22,56.59787068226333,24.030747315256395,3.0725603,15.604281,-0.2318702042855978,,,,,,,,,,,,False,False
65223618172733952,G17405199534575,100904105.0,Melotte22,56.664208814994886,24.029479832481183,1.2012396,11.278872,0.0743180523997852,18.639885,19.414494,1.0415565332082253,4962.83,39.66,4.636,0.052,0.062,0.027,-4.20978,0.03428,True,False
66800180408292992,,,Melotte22,56.52358628170517,24.61215923225824,2.4615822,13.920582,0.0470410962239702,,,,,,,,,,,,False,False
66800244832257280,,,Melotte22,56.52381410189025,24.613683357394308,3.1212378,15.906121,-0.295890625068898,,,,,,,,,,,,False,False
65224442806459008,G17405204406237,286112120.0,Melotte22,56.5537225561077,24.05417116891673,1.811161,12.671939,0.1022184286850651,,,,3941.23,55.27,4.44,0.078,-0.356,0.047,-4.17608,0.04422,False,False
66801623517295104,,,Melotte22,56.536336992339535,24.675721556933823,2.9957476,15.403146,-0.2067355682264957,,,,,,,,,,,,False,False
65225469302220800,,,Melotte22,56.71438897122719,24.10432284781211,3.2574387,16.140610000000002,-0.3009984969636321,,,,,,,,,,,,False,False
65225611037551360,,,Melotte22,56.6639895445887,24.10299456629025,0.6225795999999999,8.808819,0.1045494318946129,,,,,,,,,,,,False,False
66802207632871808,,,Melotte22,56.3194654392819,24.57548111549109,2.545967,13.920368,0.1126697431666103,,,,,,,,,,,,False,False
66802276352348416,G17404425376220,470711056.0,Melotte22,56.30003774761142,24.585988634934,1.7045574,12.512312,0.0684025193151464,,,,3982.28,52.09,4.5,0.073,-0.247,0.043,-4.2403,0.0452,False,False
66803616382830592,,,Melotte22,56.35297311857009,24.64608583132924,3.1999474,16.698038,-0.4498835095153911,,,,,,,,,,,,False,False
63034902838166272,,,Melotte22,50.46362869949692,24.280660042789783,2.192338,13.289713,0.1466988741714287,,,,,,,,,,,,False,False
65228772133391488,,,Melotte22,56.49137215999246,24.14454409490353,3.3296375,16.578157,-0.3784296380227934,,,,,,,,,,,,False,False
65229184450247296,,,Melotte22,56.51910615107269,24.165368569020767,3.2110767000000005,15.989532,-0.2801909549646452,,,,,,,,,,,,False,False
66807464672814336,,,Melotte22,56.57483292830163,24.68579851334693,2.5445137000000004,14.148092000000002,0.0020478942005191,,,,,,,,,,,,False,False
66808220587759104,,,Melotte22,56.619370547231206,24.75879046514577,1.8476305,12.758081,0.0935521243570226,,,,,,,,,,,,False,False
66808839062339712,,,Melotte22,56.68666506758425,24.74939162434088,3.2632523,16.141865,-0.2989757326756185,,,,,,,,,,,,False,False
66808869124393600,G17404886017345,470712074.0,Melotte22,56.65748307121974,24.747477728499646,1.1021786,10.955926,0.0858611088540746,8.746844,7.4490385,0.8516258549940985,5149.14,33.49,4.73,0.046,0.109,0.026,-4.31597,0.1025,True,False
66809491897360896,G17526018326405,100909218.0,Melotte22,56.728918631435576,24.79613451999573,0.83399963,9.907416,0.0777940404420381,11.699842,6.5094814,0.556373445043104,5934.96,25.03,4.445,0.033,0.041,0.017,-4.26477,0.0171,True,False
65231486552803328,,,Melotte22,56.61376023966258,24.25480032903545,0.13436317,7.2568383,0.0859491847928617,128.85214,3.512362,0.02725885654673644,,,,,,,,,True,True
66811450402457216,G17404885242351,480715066.0,Melotte22,56.58539983664914,24.785282982842787,1.6946535,12.4529915,0.0916080326511446,,,,4024.44,57.47,4.556,0.079,-0.23,0.046,-4.25314,0.0458,False,False
65232066371441792,,,Melotte22,55.9155727826314,23.69221985705829,3.311489,16.521322,-0.3722736671076674,,,,,,,,,,,,False,False
65232757863112192,,,Melotte22,55.91274812352996,23.73464542725761,3.1662235,15.0841675,-0.005779222168535,,,,,,,,,,,,False,False
66816295125702144,G17404899603054,100909211.0,Melotte22,56.8904124483072,24.683996791687623,1.4014874,11.774289,0.1003293275290472,33.418133,19.86978,0.5945807924099171,4493.57,40.19,4.466,0.053,-0.139,0.028,-4.23929,0.03201,True,False
63052048347383168,,,Melotte22,56.25702299618637,19.55917548871465,0.67842674,8.880217,0.2364936943156722,,,,,,,,,,,,False,False
65237911823760640,,,Melotte22,55.81925319484357,23.83358475980971,2.9643745,15.102766,-0.1218217720763643,,,,,,,,,,,,False,False
66818322350220416,,,Melotte22,57.09512296362547,24.814693582624564,2.6874208,14.567279,-0.0806864269553799,,,,,,,,,,,,False,False
65241313435901568,,,Melotte22,56.1334290890114,23.87484927646505,2.1890354,12.844796,0.4228612482442824,,,,,,,,,,,,False,False
65241313437941504,,,Melotte22,56.13322156163397,23.875211468904485,2.4776735,12.858709,0.7324041157225142,,,,,,,,,,,,False,False
65241863193865856,,,Melotte22,56.05066499276738,23.876887924642983,2.9920635,15.257679,-0.1610192704211015,,,,,,,,,,,,False,False
66820590092840960,,,Melotte22,56.90863214909246,24.81955061391246,2.5778227000000005,14.228175,-0.0103052715602726,,,,,,,,,,,,False,False
65244435877629824,,,Melotte22,56.11636811943141,23.999769098826523,3.2905197,16.505604,-0.3764136023643096,,,,,,,,,,,,False,False
65244646332548352,,,Melotte22,56.197313545250864,24.01033845340132,2.7916002,14.900802,-0.1451331194413649,,,,,,,,,,,,False,False
65244749411766528,,,Melotte22,56.14763096345229,24.00113421797167,1.8219137,12.749762,0.0689513777781238,,,,,,,,,,,,False,False
66821655244731264,,,Melotte22,56.845833182826176,24.848752048434623,2.7824202,14.402938,0.0511417431232043,,,,,,,,,,,,False,False
65245539685760640,,,Melotte22,55.98757249612545,23.95144798030736,2.9554882,15.0223465,-0.0974734531806365,,,,,,,,,,,,False,False
63058026942161920,,,Melotte22,56.28715541744343,19.724859610106066,3.8080368,17.498177,-0.4120003902412957,,,,,,,,,,,,False,False
65247704349267584,G17405170828489,631309090.0,Melotte22,56.05452292932521,24.030615863047565,1.0097103,10.58207,0.1166730224996695,5.3159266,4.4012036,0.8279278348199917,5392.81,29.16,4.678,0.036,0.195,0.016,-4.24843,0.01747,True,False
66823132713476480,,,Melotte22,56.89952947888899,24.87396515673821,3.0793123,15.57754,-0.2206201365020326,,,,,,,,,,,,False,False
65249250535404928,L17405174059445,760714052.0,Melotte22,56.06105910286945,24.10191467207473,1.2813435,9.968430499999998,1.0697602941642774,,,,5958.54,19.61,4.46,0.024,0.085,0.011,-4.15097,0.01265,False,False
66824472743376768,,,Melotte22,57.16384864961428,24.838699631188536,3.2788582,16.287697,-0.329550919813425,,,,,,,,,,,,False,False
65254576296865152,,,Melotte22,55.68530669041346,23.97076612580788,3.1482334,16.06999,-0.3274116906117059,,,,,,,,,,,,False,False
65254885534508672,,,Melotte22,55.674440494307696,24.004169380506745,2.9095945,15.340737,-0.230023019877977,,,,,,,,,,,,False,False
66828870789879168,,,Melotte22,57.08465979450928,24.915056492675017,2.973876,14.304742,0.2281516146697832,,,,,,,,,,,,False,False
65257187636977536,,,Melotte22,55.6716335456923,24.02839578955625,3.255332,15.868272,-0.2273733062264881,,,,,,,,,,,,False,False
66831069813319936,,,Melotte22,57.17568673916434,25.007696354218737,2.6695328,14.285221,0.027967510087116,,,,,,,,,,,,False,False
66831172892327680,,,Melotte22,57.169249955754346,25.022027265858245,3.669441200000001,16.704256,-0.2870376005698281,,,,,,,,,,,,False,False
65263097511969792,,,Melotte22,55.7985513270616,24.114432020199104,3.3752002999999995,16.108372,-0.2446476668945896,,,,,,,,,,,,False,False
65263612908043392,,,Melotte22,55.86979742846104,24.151586364429733,3.257244,16.066093,-0.2815202174689357,,,,,,,,,,,,False,False
65264506261240448,,,Melotte22,55.838024467308855,24.18570143772121,3.12286,16.153786,-0.3585542702729662,,,,,,,,,,,,False,False
65264673762670080,,,Melotte22,55.8061497087518,24.18346994796748,3.2961884,16.590785999999998,-0.393261807976994,,,,,,,,,,,,False,False
65265674492422784,,,Melotte22,55.931425198159104,24.21375792964708,3.267561,16.42879,-0.3674177039460982,,,,,,,,,,,,False,False
65267078945207296,,,Melotte22,56.23900505450959,23.99217866658556,2.7110186,14.508501999999998,-0.0415577705400472,,,,,,,,,,,,False,False
65267388182879104,,,Melotte22,56.22181624494289,24.018344601810703,2.97758,15.860837,-0.346102119572836,,,,,,,,,,,,False,False
66838452861270272,G17526555640653,100909172.0,Melotte22,56.66165931699253,24.959436887087804,0.8023014,9.622222,0.1415377528504289,,,,6096.9,19.93,4.361,0.025,0.021,0.012,-4.23412,0.01495,False,False
65269935099961600,,,Melotte22,56.41378202777229,24.138865613858307,3.07967,15.872448,-0.3047927515520067,,,,,,,,,,,,False,False
65270450496044416,,,Melotte22,56.31729783783005,24.12099472373946,2.4735107000000003,14.032974,0.0027607169323572,,,,,,,,,,,,False,False
63094894941091328,,,Melotte22,56.77370761394805,20.01016942542939,3.3510017,16.089336,-0.2493055162134353,,,,,,,,,,,,False,False
65272817023559040,,,Melotte22,56.09705800204935,24.13237723370985,1.3937540000000002,12.883926,-0.4759147585521333,,,,,,,,,,,,False,False
68748751233818112,,,Melotte22,52.44804976284317,24.20152964359804,3.3496304,16.314384,-0.3087509392264549,,,,,,,,,,,,False,False
65275020341243520,,,Melotte22,56.19942719256715,24.214450818193413,3.0200386000000004,15.19673,-0.1255026680323184,,,,,,,,,,,,False,False
66846291177113088,,,Melotte22,56.83687734919407,25.086565724768327,2.3138905,13.578023000000002,0.0995553676762016,,,,,,,,,,,,False,False
63102694601689728,,,Melotte22,56.76592439375685,20.19568066936064,1.9372911,12.813434,0.1620957261305179,,,,,,,,,,,,False,False
65279418387728896,,,Melotte22,56.46397086946799,24.29548137554541,2.992241,15.505249,-0.2400607197440153,,,,,,,,,,,,False,False
66850517426494208,,,Melotte22,57.67018622911764,24.667248287920746,3.0729103,16.13909,-0.3751557430579948,,,,,,,,,,,,False,False
65280036863012864,,,Melotte22,56.48794486728436,24.350095711640893,3.3146582,15.969918,-0.2310990090736143,,,,,,,,,,,,False,False
65280071222749824,,,Melotte22,56.51448084262988,24.349022127316783,2.9492044,15.307397,-0.1993797456719347,,,,,,,,,,,,False,False
65280552259109760,,,Melotte22,56.30484671502357,24.25640873706117,3.1227045,15.912276,-0.2969162860315228,,,,,,,,,,,,False,False
65281239453865856,,,Melotte22,56.37602962223804,24.312444915657963,2.2880154,13.522047,0.1066684064834673,,,,,,,,,,,,False,False
65282098447322752,,,Melotte22,56.3533599731994,24.34576961904864,2.842578,14.96774,-0.1403948750715217,,,,,,,,,,,,False,False
66852647730267264,G17525916951906,100913237.0,Melotte22,57.77331327973776,24.7365778100684,1.6780605,12.426154,0.0867639589691615,,,,4012.62,59.69,4.24,0.086,-0.323,0.052,-4.09375,0.04811,False,False
65284228751087872,,,Melotte22,56.45577051740708,24.41850610978652,2.6440277,14.318729,-0.0045661447834423,,,,,,,,,,,,False,False
65284469269256704,G17405161609395,631312150.0,Melotte22,56.42449682534325,24.43131680345144,1.0036373,10.504712,0.1464822563805294,7.014015,5.202771,0.7417678747479155,5628.25,22.37,4.628,0.028,0.193,0.012,-4.32798,0.02117,True,False
65287458566524928,,,Melotte22,56.20099235353906,24.28926774500748,-0.021222115,5.4410043,0.0923978543877742,272.55396,18.27317,0.06704422859972388,,,,,,,,,True,True
65289004754691200,,,Melotte22,55.98874523518619,24.22217609900833,2.9795141,15.071658,-0.1023982588025265,,,,,,,,,,,,False,False
65289279632598016,,,Melotte22,55.965711535288925,24.23762305439736,3.1174393,15.197698999999998,-0.0747844355759484,,,,,,,,,,,,False,False
65289588870240384,,,Melotte22,56.04138926525986,24.26762455350562,2.5290985,14.01894,0.0511021884108054,,,,,,,,,,,,False,False
65289623229979136,G17404464502525,480714051.0,Melotte22,56.02026285603311,24.275319181164605,1.0527544,10.597657,0.1965633902924712,15.513604,7.797253,0.5026074534324841,5591.29,32.87,4.594,0.043,0.189,0.023,-4.08379,0.05899,True,False
65290718444385536,,,Melotte22,55.96994147372374,24.313336030713643,3.5999392999999995,17.503135999999998,-0.4729957589208186,,,,,,,,,,,,False,False
65292234570088064,,,Melotte22,56.10725957131532,24.39449685185783,0.38341618,7.86998,0.1671796932574573,191.23431,3.7080529,0.019390102644237846,,,,,,,,,True,False
65292268929825408,,,Melotte22,56.112090967849646,24.40864542139289,2.3948364,13.89221,0.008625546441116,,,,,,,,,,,,False,False
65293368441513344,,,Melotte22,56.07404213069597,24.446187902212248,2.6234732000000003,14.221549,0.0248387364978522,,,,,,,,,,,,False,False
65295430026352512,G17404470211632,286112186.0,Melotte22,56.23507805711012,24.432404748893703,0.8318968000000001,9.774689,0.1380053351525535,20.09935,2.7858112,0.13860205429528816,6015.28,18.68,4.401,0.024,0.036,0.011,-4.20067,0.01464,True,False
65297251091930624,,,Melotte22,56.33327292729558,24.473331418987552,3.0402287999999995,15.223836,-0.1244547602309454,,,,,,,,,,,,False,False
65297594689312768,,,Melotte22,56.30039916331918,24.504891296734822,2.7038784,14.456167,-0.0241278252826081,,,,,,,,,,,,False,False
65298208867376384,,,Melotte22,56.15747412516159,24.42728664109632,3.3192596,16.4412,-0.3509609430522006,,,,,,,,,,,,False,False
65298483745290368,,,Melotte22,56.22548048214077,24.44616834794828,2.9233704,15.419619,-0.247538840357802,,,,,,,,,,,,False,False
65299965511216384,,,Melotte22,56.16515315807857,24.52875146114693,2.7471676,14.453829,0.0052434673777175,,,,,,,,,,,,False,False
65304604076598784,,,Melotte22,59.16859512505392,22.14614174195497,3.4312859,16.307512,-0.2754646870684255,,,,,,,,,,,,False,False
66867800374681344,,,Melotte22,57.849636200471934,25.097804937613382,2.5497332000000004,14.222671,-0.0276447336866424,,,,,,,,,,,,False,False
65309100904545280,,,Melotte22,59.04641371219317,22.22098311857347,1.0690479,10.694428,0.1744112067834819,7.823259,4.963758,0.6344872386303457,,,,,,,,,True,False
63144716561596288,,,Melotte22,55.62454628502239,20.149791610366808,0.4371786,8.071387,0.1537334167436295,61.14432,2.2617135,0.03698975636657665,,,,,,,,,True,False
66876596467931776,,,Melotte22,57.49314058358893,25.105670495329782,3.2861767,16.238928,-0.3145850464378931,,,,,,,,,,,,False,False
66878245735176704,,,Melotte22,57.62492811642301,25.05172731020767,2.559164,14.236216,-0.0269778666642728,,,,,,,,,,,,False,False
66880307319457408,,,Melotte22,57.68484167578124,25.117939810488075,3.6058884,16.088322,-0.1446605336084652,,,,,,,,,,,,False,False
65330099002345216,,,Melotte22,59.02430756115034,22.439264785850387,1.5781078000000002,12.013043,0.2129125881405724,12.284275,10.502579,0.8549612410988847,,,,,,,,,True,False
66885942316710784,,,Melotte22,58.01500229553912,25.02030871800869,3.0880490000000003,15.676529,-0.2461297251293537,,,,,,,,,,,,False,False
66886011036187392,,,Melotte22,58.00692191346169,25.02462381507425,2.9461164,15.257768,-0.1847205887209377,,,,,,,,,,,,False,False
66887660303617408,,,Melotte22,58.01103965973418,25.10400177716007,3.2155714,15.608827,-0.1665289677085618,,,,,,,,,,,,False,False
68828225308044288,,,Melotte22,52.79708332251264,24.23216315320277,3.1752415000000003,16.032201999999998,-0.3065042484119601,,,,,,,,,,,,False,False
66894772769437952,,,Melotte22,58.175930104624825,25.178242754739323,3.3453732000000005,16.55087,-0.3666061842972162,,,,,,,,,,,,False,False
65349684053273600,,,Melotte22,59.6424866078191,22.66961763047891,3.3038540000000003,15.942219,-0.2277862376638712,,,,,,,,,,,,False,False
66897933865345920,,,Melotte22,58.18906123797251,25.279659903374625,1.6401625,12.384273,0.0632653892512138,,,,,,,,,,,,False,False
66898002584817280,,,Melotte22,58.22613014091119,25.295217515232924,2.9117537,15.07618,-0.1408473570175738,,,,,,,,,,,,False,False
66899239535574400,,,Melotte22,58.1308067637997,25.25193444538992,2.6469774,14.41126,-0.0425842490943405,,,,,,,,,,,,False,False
66903293984399872,,,Melotte22,57.8423312184945,25.16592888053025,1.8187561,12.683687,0.104139592252971,,,,,,,,,,,,False,False
66911231083913600,,,Melotte22,57.80779965610001,25.38630230644341,2.7774649,14.573525,-0.0263133765297287,,,,,,,,,,,,False,False
68860012362308992,,,Melotte22,53.14055113303768,24.492838697717858,2.929677,14.842973,-0.0435708445450012,,,,,,,,,,,,False,False
66915560410893440,,,Melotte22,58.03320620434854,25.46503133101768,3.293377,16.125551,-0.2825235451966676,,,,,,,,,,,,False,False
66926211929978880,,,Melotte22,57.18360002514793,25.106078889282607,2.9636316000000003,15.348464000000002,-0.2053162208529116,,,,,,,,,,,,False,False
65393698877913728,,,Melotte22,58.60168673714938,22.68889882046453,3.197772,15.750369,-0.2181994723905828,,,,,,,,,,,,False,False
66930403817997696,,,Melotte22,57.507817708479465,25.21122231549551,2.9474583,15.056395000000002,-0.1143250048436615,,,,,,,,,,,,False,False
66940299422471296,,,Melotte22,57.10859424734181,25.24449048958123,2.2242432,13.414243,0.1074167051088655,,,,,,,,,,,,False,False
66941635153934848,,,Melotte22,57.15146854460179,25.26128986863777,3.41366,16.962992,-0.4302971304352716,,,,,,,,,,,,False,False
66942189204257408,,,Melotte22,57.21025857511874,25.29836596419897,3.3837852,17.510237,-0.5365148850524991,,,,,,,,,,,,False,False
68897842434107392,,,Melotte22,52.40997572234209,24.51033389551017,1.1817303,11.233913,0.0666832405145841,,,,,,,,,,,,False,False
66942910762588928,,,Melotte22,57.06457646223445,25.24331308660291,3.03438,15.772173,-0.2975006446438313,,,,,,,,,,,,False,False
66950435545271680,,,Melotte22,57.334667305260886,25.42830173268897,2.864563,14.978201,-0.1318546837174556,,,,,,,,,,,,False,False
65419434321982464,,,Melotte22,59.39702269491067,22.985421583355603,2.6708174,14.259051,0.0408176502822837,,,,,,,,,,,,False,False
65430150263676800,,,Melotte22,58.7994404978313,22.96722059664649,3.4776888,15.912833,-0.1447269849083127,,,,,,,,,,,,False,False
66960262430594816,,,Melotte22,57.57373154236856,25.379363743861127,0.679121,9.102612,0.0870663943996094,18.19724,1.9568436,0.1075351866546795,,,,,,,,,True,False
65431185353051776,,,Melotte22,58.73066334275188,22.994346711636823,3.3475857,16.25463,-0.2944454240315868,,,,,,,,,,,,False,False
66960743466922624,,,Melotte22,57.56154678863114,25.42482323104547,3.163248,15.652843,-0.204508389452615,,,,,,,,,,,,False,False
65434518247043072,,,Melotte22,59.04335596743604,23.03979577419769,2.4824324,14.125302,-0.0326471619907224,,,,,,,,,,,,False,False
65435102362687616,,,Melotte22,59.10418014852836,23.09059401904825,2.1178627,13.325564000000002,0.0561753441114065,,,,,,,,,,,,False,False
66969676998824576,,,Melotte22,57.77650195986893,25.59449243314085,0.6151848000000001,8.625974000000001,0.2129982305358992,32.182262,2.0709844,0.0643517351266359,,,,,,,,,True,False
65437644983224320,,,Melotte22,59.11726653104686,23.150073028495136,0.36855602,8.056977999999999,0.0761140696839883,144.80116,4.2754655,0.029526458904058504,,,,,,,,,True,False
66974453002505088,,,Melotte22,57.535148903959175,25.54865892622625,2.91426,15.00533,-0.1140354356278465,,,,,,,,,,,,False,False
66980362877378432,,,Melotte22,57.4705739062101,25.647246431442863,0.7121400999999999,8.994207000000003,0.2919588885621317,22.377705,2.6272395,0.11740433167744414,,,,,,,,,True,False
66982458821495424,,,Melotte22,57.67176413323426,25.65830715785549,3.2240982,16.193716000000002,-0.3278496127262413,,,,,,,,,,,,False,False
63327682168301952,,,Melotte22,56.87979393771575,21.18071408449666,3.1077242000000003,15.578696,-0.2076082455278395,,,,,,,,,,,,False,False
63340154753661440,,,Melotte22,55.55799747769076,20.36198154400624,3.1062698,15.519711,-0.1898943253876906,,,,,,,,,,,,False,False
65467778474649856,,,Melotte22,59.62918552417764,23.070053029348177,3.4309998,16.095354,-0.2182579249118369,,,,,,,,,,,,False,False
65471729844532864,G17403557012044,426911047.0,Melotte22,59.86478039091301,23.12358794121916,1.5298176,12.004468,0.1478831231512534,,,,4495.14,58.13,4.326,0.082,-0.192,0.049,-4.02772,0.03949,False,False
68979034496030848,,,Melotte22,51.14559562594421,24.151188018456587,2.7717314,14.705377,-0.0832299081930882,,,,,,,,,,,,False,False
66997817623367296,,,Melotte22,59.09798263641724,24.83221739690373,1.7112875,12.555357,0.0512699620109813,,,,,,,,,,,,False,False
67011767677005568,,,Melotte22,58.9952426762697,24.9609504259713,3.1110077,14.887779,0.0430170250278933,,,,,,,,,,,,False,False
63378981257953152,,,Melotte22,56.18698962050892,20.74779526765138,0.51193905,8.302285000000001,0.1614623668356374,,,,,,,,,,,,False,False
65486951208575488,,,Melotte22,60.30838261207828,23.174856115645884,2.7876492,14.660801,-0.0557847147672213,,,,,,,,,,,,False,False
63391178965446656,,,Melotte22,55.62382697122328,20.810895062445955,3.0169506,15.141909,-0.1076707435948542,,,,,,,,,,,,False,False
65506467539939584,,,Melotte22,60.10899434707535,23.438034039043742,3.1084614,14.751467000000002,0.1003531222473771,,,,,,,,,,,,False,False
65507807569730304,,,Melotte22,60.16778031372114,23.44816967272641,3.3524837,15.656887,-0.1186476021648688,,,,,,,,,,,,False,False
63410622280810368,,,Melotte22,55.212854271741854,20.687988090540305,3.5184326,16.7227,-0.3440084758273674,,,,,,,,,,,,False,False
67034994860213888,,,Melotte22,59.419527320136034,25.26769486416804,2.5566254,14.301279,-0.056919416682398,,,,,,,,,,,,False,False
67044198973423744,,,Melotte22,59.21803142163105,25.16793472755468,3.4989185,17.03312,-0.4164892824969354,,,,,,,,,,,,False,False
63436396380626688,,,Melotte22,55.14725093305028,20.9655576338262,2.4416447,13.706804,0.1398318032074907,,,,,,,,,,,,False,False
65531515789166976,,,Melotte22,59.27594370188052,23.216762689445822,3.3997612,16.365238,-0.3022269736461213,,,,,,,,,,,,False,False
67054305033161344,,,Melotte22,59.429110157002974,25.385076110136858,2.9940977,15.259408,-0.1605549781118039,,,,,,,,,,,,False,False
65544538129847936,,,Melotte22,59.330591983935534,23.46032267502216,3.1072798,15.886567,-0.2966360600415249,,,,,,,,,,,,False,False
67069835634816896,,,Melotte22,58.74187604266361,25.24127596267843,2.7281675,14.562909,-0.0531083353404608,,,,,,,,,,,,False,False
65552681387907200,,,Melotte22,59.82917533829612,23.52319566705243,3.0648909,15.477258,-0.1963823476875209,,,,,,,,,,,,False,False
67074096242336384,,,Melotte22,58.98515881188635,25.29982950141953,2.720457,14.321079,0.0466155782279522,,,,,,,,,,,,False,False
65561099523771264,,,Melotte22,59.98542187692175,23.6708000007374,3.4479847,17.015406,-0.4294440106395912,,,,,,,,,,,,False,False
65561473183104640,,,Melotte22,59.99654739928413,23.684502413509016,3.2324677000000004,16.073645000000006,-0.2937145915163734,,,,,,,,,,,,False,False
67085641114472320,,,Melotte22,58.54794646311265,25.311734126923515,3.0865488,15.498139000000002,-0.1925348302176571,,,,,,,,,,,,False,False
69122520763444352,,,Melotte22,51.976169935588615,24.93627369748486,2.7832394,14.572138,-0.0220847140916377,,,,,,,,,,,,False,False
65576011650237440,,,Melotte22,59.73770918944594,23.70853484480381,2.3082342,13.470258,0.1529589602949558,,,,,,,,,,,,False,False
69162201965316096,,,Melotte22,52.282080128498365,25.36198200772968,3.1451588,16.403906,-0.4078105293960881,,,,,,,,,,,,False,False
45022222315428608,G17418082106889,416808160.0,Melotte22,56.11710344458422,19.184814108566588,1.1937275,10.885275,0.3078173665266996,67.30898,39.723057,0.5901598419705661,5649.41,38.18,4.497,0.053,0.167,0.032,-3.83736,0.03856,True,False
70761063671155072,,,Melotte22,56.881471980342674,27.449461721049104,3.6014595000000003,17.420012,-0.4579195145256892,,,,,,,,,,,,False,False
70768554094282368,,,Melotte22,57.23966398530854,27.64035648870488,3.3325748,16.454395,-0.3490872840621686,,,,,,,,,,,,False,False
70794396915576448,,,Melotte22,57.726777106584905,27.436826792117948,3.3485546000000004,16.748142,-0.4084708016767223,,,,,,,,,,,,False,False
70847512772943488,,,Melotte22,57.86621334558817,27.982004470341742,3.3527546000000004,16.393206,-0.3269412631413571,,,,,,,,,,,,False,False
70934649068656896,,,Melotte22,54.98818361370311,26.11654322312821,3.425232,16.286818,-0.2724430290373754,,,,,,,,,,,,False,False
70938810893886208,,,Melotte22,54.843464358032406,26.19321979914525,2.9238424,15.333885999999998,-0.2206911469546333,,,,,,,,,,,,False,False
70948534699826816,,,Melotte22,54.94599529040382,26.35383893121537,3.0279598,15.421692000000002,-0.1967534653719271,,,,,,,,,,,,False,False
71020067378507776,,,Melotte22,54.31511046382963,26.49149552815108,3.497633,16.84526,-0.3781233779260647,,,,,,,,,,,,False,False
71021927100882560,,,Melotte22,54.40012598188154,26.54668044544479,2.1377773,13.142597,0.1781895586816514,,,,,,,,,,,,False,False
71036358190950528,,,Melotte22,54.45395435496845,26.86241472790667,3.018568,15.247957,-0.1440382008858411,,,,,,,,,,,,False,False
71042439864623104,,,Melotte22,54.82633071571328,26.793219430085944,1.7291327,12.58259,0.0570396379992654,,,,,,,,,,,,False,False
71042641727187968,,,Melotte22,54.81489397592178,26.80090721474697,3.2931805,16.198095000000002,-0.3014605503483036,,,,,,,,,,,,False,False
71056252479453056,,,Melotte22,54.61606337251374,26.856931797117696,3.1598673,15.645228,-0.2037393368707894,,,,,,,,,,,,False,False
71059138697443200,,,Melotte22,54.76699956276234,27.001232560752424,2.8034115,14.791262,-0.09751443989601,,,,,,,,,,,,False,False
71078483230315520,,,Melotte22,55.45026051976445,26.788980392843428,2.6198578,14.404604,-0.0578124953038812,,,,,,,,,,,,False,False
71079441007018880,,,Melotte22,55.55263764668938,26.829034565564307,3.2139988,15.227144,-0.0352924806123946,,,,,,,,,,,,False,False
71100404743364992,,,Melotte22,55.48542356521949,27.04930066773015,3.013709,15.583213,-0.2531640789696203,,,,,,,,,,,,False,False
71103428400426368,,,Melotte22,55.47107818958821,27.07846998058609,3.1388922000000004,15.606235,-0.2014950697652732,,,,,,,,,,,,False,False
71108440625265280,,,Melotte22,55.91215268739028,27.016893441093693,3.4504242,16.463943,-0.3075570057180085,,,,,,,,,,,,False,False
71151841271691904,,,Melotte22,55.38995793567585,27.163795344499512,3.432293,16.016985000000002,-0.1952456314870037,,,,,,,,,,,,False,False
71160121968494976,,,Melotte22,55.34848946796134,27.404591040781703,3.2406673,16.099321,-0.2970837170508896,,,,,,,,,,,,False,False
71161771235981312,,,Melotte22,54.95066129651742,27.189358701917826,2.750224,14.587102,-0.0491027124364148,,,,,,,,,,,,False,False
71202831123254272,,,Melotte22,55.411707788725614,27.685221686060128,2.5328293,13.666117000000002,0.2386501178621531,,,,,,,,,,,,False,False
71205133225715328,,,Melotte22,55.603929869899815,27.7042302361442,3.1433315,16.676445,-0.4654531048897604,,,,,,,,,,,,False,False
71262410909499264,,,Melotte22,54.61277310383994,27.27048534523257,2.540924,13.963917000000002,0.0869329736150965,,,,,,,,,,,,False,False
71292986780551424,,,Melotte22,54.00817012473715,27.184545882836304,3.8352451,17.1918,-0.3427305318488223,,,,,,,,,,,,False,False
71309655549854080,,,Melotte22,53.592239416975325,27.395839443149352,2.7572842,14.352819,0.0571163696469507,,,,,,,,,,,,False,False
71351883668034048,,,Melotte22,54.1695397555478,27.832176380231715,1.7107391,12.523065,0.069669662257256,,,,,,,,,,,,False,False
71371262561007232,,,Melotte22,55.0129470950241,27.74031646414061,0.66483593,9.089918,0.0415995822005124,69.9889,3.893131,0.05562497767503132,,,,,,,,,True,False
71409985986006016,,,Melotte22,55.06948247876081,27.922631045395285,2.644207,14.271985999999998,0.0164224009344768,,,,,,,,,,,,False,False
69962719446879232,,,Melotte22,57.1904090545785,25.70026259761734,2.7173166,14.370494,0.0221586573739922,,,,,,,,,,,,False,False
69964879813013248,,,Melotte22,56.83709232128784,25.52563883889348,0.7528343000000001,9.23546,0.2476027221845136,,,,,,,,,,,,False,False
69968113925681408,,,Melotte22,56.88781044276308,25.63831243312497,3.0747108,15.329647,-0.1432113123773502,,,,,,,,,,,,False,False
69974504837007232,,,Melotte22,56.89244548480664,25.71816482563068,2.8864403,15.032873,-0.1393290993554205,,,,,,,,,,,,False,False
69977597213945984,,,Melotte22,56.84292958110824,25.72068541952273,3.5313435,17.173481,-0.4335847661850561,,,,,,,,,,,,False,False
69983369649631872,,,Melotte22,57.30272250751296,25.70187044642743,2.91811,14.390305,0.147600924089871,,,,,,,,,,,,False,False
69985499953396480,,,Melotte22,57.34233213174778,25.793689824375647,2.9829655,15.274624,-0.1713801282002174,,,,,,,,,,,,False,False
69985637392346496,,,Melotte22,57.38677013764583,25.796211207355967,2.9255428,15.296162,-0.2077886477942043,,,,,,,,,,,,False,False
69988489250631680,,,Melotte22,57.33572618441402,25.81781951369322,1.7197398999999998,12.421041,0.1432240814667038,,,,,,,,,,,,False,False
69990241597280640,,,Melotte22,57.28688342330232,25.89671500101408,2.4943686,13.861417,0.1021663644806308,,,,,,,,,,,,False,False
71452282823829632,,,Melotte22,54.44623904090004,28.065817462618853,1.4976788,12.110759,0.035199699665032,7.004112,8.602819,1.228252632168075,,,,,,,,,True,False
69992371901046400,,,Melotte22,57.494286068504046,25.8960342142153,3.17352,15.901604999999998,-0.272168785715374,,,,,,,,,,,,False,False
69996976105980800,,,Melotte22,57.39710417795448,25.99281163335771,3.0908432,15.437561,-0.1710203127099046,,,,,,,,,,,,False,False
70010303387697024,,,Melotte22,57.40139002110188,26.03772788872704,3.5320568,16.391683999999998,-0.2587454470929017,,,,,,,,,,,,False,False
71468294461982592,,,Melotte22,55.02594184109184,28.142135847471145,3.249115,16.311163,-0.346768016831425,,,,,,,,,,,,False,False
70019378655328768,,,Melotte22,56.66784383600049,25.73135614781764,2.7353716,14.620584,-0.0719675960805981,,,,,,,,,,,,False,False
70028170451469312,,,Melotte22,56.84109229961472,25.897739265702647,2.1702852000000004,13.333762,0.1012079831655665,,,,,,,,,,,,False,False
70036695963457792,,,Melotte22,56.51536449392528,25.87451805538177,3.0286245,15.376298,-0.1818043756662296,,,,,,,,,,,,False,False
70042743277270016,,,Melotte22,56.429965320202406,26.04058588587512,2.9062061000000003,14.96501,-0.1037040099297634,,,,,,,,,,,,False,False
70044456967585280,,,Melotte22,56.54213467684922,26.00237239619901,3.1881866000000003,16.040962,-0.3034210120076352,,,,,,,,,,,,False,False
70044628765739776,,,Melotte22,56.58103788137984,26.043073251837463,1.992032,13.097936,0.0560814522711558,,,,,,,,,,,,False,False
70049477786093056,,,Melotte22,56.53968722097999,26.138648534145087,1.2716522,10.807908,0.5116845926772828,16.754423,7.803498,0.46575748982820836,,,,,,,,,True,False
70060610341280128,,,Melotte22,56.93293309774499,26.2240117157646,3.0454922000000004,15.541569,-0.2256528908182578,,,,,,,,,,,,False,False
70072773688658432,,,Melotte22,56.87751552406312,26.278915634638096,2.7274551,14.594682999999998,-0.0664934820024435,,,,,,,,,,,,False,False
70077270518065920,,,Melotte22,56.84147827794629,26.37966852781977,2.9439450000000003,15.22555,-0.1751215461756224,,,,,,,,,,,,False,False
70087612798384384,,,Melotte22,55.514847498807256,25.321460335837315,3.882164,16.632174,-0.1936985043089729,,,,,,,,,,,,False,False
70091259227969920,,,Melotte22,55.65988578713487,25.47884835305841,3.4304466,16.52448,-0.329487942303427,,,,,,,,,,,,False,False
70097581419826944,,,Melotte22,55.68259731255876,25.53492479218305,2.634223,14.344953,-0.0227214976117577,,,,,,,,,,,,False,False
70098612211973248,,,Melotte22,55.78162924002444,25.57459869043617,2.8966007,14.855719,-0.0677757036650471,,,,,,,,,,,,False,False
70118197262752768,,,Melotte22,55.47596879894866,25.729606115398568,2.6319199,14.379108,-0.0389718256967522,,,,,,,,,,,,False,False
70121805035254144,,,Melotte22,55.51973531138045,25.88567302607641,1.3656206,11.657304,0.1174701695279005,,,,,,,,,,,,False,False
70123003329050880,,,Melotte22,55.93374708446591,25.66362571551907,3.116231,15.906257,-0.2980796945279043,,,,,,,,,,,,False,False
70125000491024128,G17525819156989,480716219.0,Melotte22,55.95431715608065,25.72941113715992,1.1455383,11.079909,0.0938963427178013,21.235907,11.301384,0.5321827789130928,5152.99,37.6,4.675,0.049,0.105,0.027,-4.16009,0.03015,True,False
70127955428529536,,,Melotte22,55.77098887380925,25.742928469245964,3.0445175,15.255199,-0.1331384026124642,,,,,,,,,,,,False,False
70129050643128832,,,Melotte22,55.90286954300196,25.78335142207825,2.7681246,14.571174,-0.0312348035371025,,,,,,,,,,,,False,False
70129913933603328,,,Melotte22,55.92880322489148,25.860127088313533,3.2661495,16.045652,-0.2723603565691352,,,,,,,,,,,,False,False
70132658415356672,,,Melotte22,56.01878964027544,25.85610373779405,1.4363918,11.725962,0.186854955801689,,,,,,,,,,,,False,False
70138881823528832,,,Melotte22,56.11018086631819,26.041466166309377,2.540966,13.430862,0.3873407990957043,,,,,,,,,,,,False,False
70146853284493312,,,Melotte22,55.73631518443276,25.980494465508183,3.0539446,14.697469,0.091508061931416,,,,,,,,,,,,False,False
70152144684310144,,,Melotte22,55.94626178163878,26.076352389033648,2.7806025,14.617805,-0.0426684844114802,,,,,,,,,,,,False,False
70153484713977472,,,Melotte22,55.82948712890788,26.078747132934307,2.9240837,15.013962,-0.1117459312296698,,,,,,,,,,,,False,False
70150357977789056,,,Melotte22,55.85925726123208,26.04171814484886,2.7230577,14.481426999999998,-0.0223644783330425,,,,,,,,,,,,False,False
70158977974956672,G17525847940673,100916151.0,Melotte22,55.17747786165172,25.705268325833632,1.3088255,11.586379,0.0689769272604403,18.567501,16.946465,0.9126949824857961,4709.34,39.56,4.545,0.056,-0.102,0.033,-4.06493,0.03553,True,False
70160287942261376,,,Melotte22,55.29287492170479,25.76541903413525,2.8925896,14.802626,-0.0493129629404625,,,,,,,,,,,,False,False
70165476262750976,,,Melotte22,55.168079441605656,25.846594275332407,2.8320007,14.792357999999998,-0.0810388848253936,,,,,,,,,,,,False,False
70169251536714624,,,Melotte22,55.49621763545559,25.92071760336797,1.3623419,11.700975,0.0844561812026249,22.290577,11.65049,0.5226643527442112,,,,,,,,,True,False
70175474946486784,,,Melotte22,55.04463153936919,25.82483063726839,3.09622,15.896719,-0.3041369409314562,,,,,,,,,,,,False,False
70176265220466048,,,Melotte22,55.04973603282433,25.875505203755026,3.3076363,16.64254,-0.4003873763464964,,,,,,,,,,,,False,False
70180216590377600,,,Melotte22,54.9911090865652,25.9247610146248,3.3874664,16.2685,-0.2824074142507803,,,,,,,,,,,,False,False
70189837317110016,,,Melotte22,55.04559055682499,26.111210301978826,3.0388546,15.480249,-0.2099167782976618,,,,,,,,,,,,False,False
70200935512668800,,,Melotte22,55.4953184075574,26.205753750089364,2.6919975,14.480289,-0.0420730005518042,,,,,,,,,,,,False,False
70201725786644608,,,Melotte22,55.72508427907328,26.13767341055589,3.0683346,15.538092,-0.2137252521846375,,,,,,,,,,,,False,False
70215705904150272,,,Melotte22,55.29810728691408,26.271804077321683,3.2153034,16.223965,-0.3388186742044892,,,,,,,,,,,,False,False
70224643732103680,,,Melotte22,55.49900192093821,26.46087417730985,3.0489187,15.406732,-0.1816209021721886,,,,,,,,,,,,False,False
70230652389756928,,,Melotte22,56.33901866387601,26.09026884500205,3.5836277,16.82049,-0.3435917552410636,,,,,,,,,,,,False,False
70234882933734400,,,Melotte22,56.22103743980827,26.14179686806,1.2783766,11.417966,0.1235507604044547,11.714278,6.1635795,0.526159572105084,,,,,,,,,True,False
70242785673539712,G17526539575140,274607134.0,Melotte22,56.28429366184954,26.29231185969052,1.009407,10.638309,0.0848307608112342,,,,5478.08,33.64,4.602,0.043,0.093,0.022,-4.29316,0.03532,False,False
70252681278085376,,,Melotte22,56.064126288551066,26.33102087357953,0.9226103,10.3244095,0.0705483789445787,7.8285832,5.7212768,0.7308189303014625,,,,,,,,,True,False
70271854012150912,,,Melotte22,56.598957675441206,26.57294021230501,3.099907,15.556267000000002,-0.2043636394660716,,,,,,,,,,,,False,False
70274190474468864,,,Melotte22,56.86843160831548,26.53476462462205,2.9357967,15.083654,-0.1304525212034867,,,,,,,,,,,,False,False
70286319462343808,G17526524532759,100911204.0,Melotte22,56.30808797509741,26.58821402348753,1.1114073,11.110926,0.0110398195634068,7.3419433,13.058156,1.7785694422347285,5143.57,35.8,4.611,0.051,0.045,0.031,-4.18672,0.07339,True,False
70294733301751680,,,Melotte22,56.56302634719172,26.78010011132353,3.533287,17.741285,-0.5307231798847101,,,,,,,,,,,,False,False
70313016978627584,,,Melotte22,55.90868834592439,26.612313861082,1.6709251,12.515962,0.0245123992660176,,,,,,,,,,,,False,False
70334384440377472,,,Melotte22,56.267614732161,26.67893635265186,3.0470924,15.463856,-0.2007784738403274,,,,,,,,,,,,False,False
70356580830628864,,,Melotte22,56.02056349331565,26.969464509217147,3.2657604,16.001133,-0.2603989899156724,,,,,,,,,,,,False,False
71723862196809856,,,Melotte22,56.41992682270785,28.5348260802802,3.3200226,16.009106,-0.2398947882845343,,,,,,,,,,,,False,False
70376097161725952,,,Melotte22,57.71749255722641,26.194354601008204,3.618557,16.887493,-0.3466952373934573,,,,,,,,,,,,False,False
70377510209693568,,,Melotte22,57.663934862297,26.267579819782032,3.4977875,17.111012,-0.4321254222703908,,,,,,,,,,,,False,False
71729531553625984,,,Melotte22,56.3648514370726,28.66848397177053,0.16549778,7.278972,0.110861370679775,308.12866,7.7310743,0.025090409636026715,,,,,,,,,True,True
70387057918968064,,,Melotte22,57.56656469007029,26.193510714125857,3.5772285000000004,17.164362,-0.4175019221388767,,,,,,,,,,,,False,False
70403589251055232,,,Melotte22,57.6655165305666,26.57215264765905,2.9548206,15.191341,-0.1578599388791392,,,,,,,,,,,,False,False
70404894921335936,,,Melotte22,58.05086694633157,26.36901020529036,2.824129,14.014311,0.2755697210542359,,,,,,,,,,,,False,False
70426507196531456,,,Melotte22,57.79406565213056,26.58748706098972,1.6936665000000002,12.572135,0.0200110951543811,,,,,,,,,,,,False,False
70426782074435584,,,Melotte22,57.77125635675894,26.61410783608932,3.25877,16.332497,-0.3481574185411383,,,,,,,,,,,,False,False
70433241705178240,,,Melotte22,58.17431918431463,26.76946175996553,3.1805716,15.808114000000002,-0.2427456949471722,,,,,,,,,,,,False,False
70453303494018432,,,Melotte22,57.45072259099455,26.62974817689401,3.4555397000000005,16.895070999999998,-0.4027190609513347,,,,,,,,,,,,False,False
70457671479120000,,,Melotte22,57.17979485408405,26.53902530024909,2.9179583,15.044213,-0.1260760402127836,,,,,,,,,,,,False,False
70457877637565824,,,Melotte22,57.06939334323902,26.50311188523005,3.0225697,15.256958,-0.1450559140050028,,,,,,,,,,,,False,False
70461554129560448,,,Melotte22,57.05197215631193,26.58360374254647,1.6358708999999998,12.313316,0.1008351307695122,,,,,,,,,,,,False,False
70462688000922880,,,Melotte22,56.99008522853177,26.629052685628,1.0760059,10.843832,0.1010707847077868,,,,,,,,,,,,False,False
70462928519077632,,,Melotte22,57.08124849197461,26.64967318022078,3.3448982000000003,17.329546,-0.518564958515247,,,,,,,,,,,,False,False
70472789763930496,,,Melotte22,57.370072346549605,26.847497554346603,3.3762760000000003,16.56267,-0.3580811847991275,,,,,,,,,,,,False,False
70493268167993984,,,Melotte22,57.4094039434294,26.851435079305364,2.8489628,14.864273,-0.0986339906824285,,,,,,,,,,,,False,False
70495707709395584,,,Melotte22,57.526829832795535,26.97174736066095,3.0636816,15.639234,-0.2463887745390456,,,,,,,,,,,,False,False
71873842454589568,,,Melotte22,55.23361984768232,28.727395631145097,2.0599356,13.331574,-0.0016548186421854,,,,,,,,,,,,False,False
71917685480203136,,,Melotte22,56.27610473519979,28.70518773605144,3.0075455,15.452663,-0.2165089323709889,,,,,,,,,,,,False,False
72023341675567360,,,Melotte22,56.26688321935137,29.407111654291896,1.8094702,12.642019,0.1181660715771954,,,,,,,,,,,,False,False
50429650564234880,,,Melotte22,60.296544963449534,19.400336042951235,3.3827991,16.441359,-0.3272664785416721,,,,,,,,,,,,False,False
50649832062271360,,,Melotte22,60.26727827622592,20.37238261481197,2.376544,13.301442000000002,0.3155431112282052,,,,,,,,,,,,False,False
50691613506647680,,,Melotte22,57.45275630140584,18.63644905171531,3.3368626000000003,16.690266,-0.400299389017361,,,,,,,,,,,,False,False
50706216395526144,,,Melotte22,57.88447801323068,18.666049046961483,3.1795816,15.903632,-0.2701199623224025,,,,,,,,,,,,False,False
50804377871163008,,,Melotte22,57.62395286762945,19.350311960568707,3.4662952000000007,17.36346,-0.4879967380798777,,,,,,,,,,,,False,False
52707671154543360,,,Melotte22,62.16183729761432,21.793829141216595,3.4719657999999995,16.643,-0.3421652826552853,,,,,,,,,,,,False,False
50856471531291648,,,Melotte22,58.80686451438621,19.504492522181536,2.7025805,14.277171,0.0545227969110714,,,,,,,,,,,,False,False
50905056201179520,,,Melotte22,58.00344896750895,19.59667781774052,0.84440804,9.815068,0.148128521128486,18.704332,4.3301086,0.23150298016523657,,,,,,,,,True,False
50907014706346624,,,Melotte22,58.12729393760701,19.67758093413939,3.1838894,15.386656,-0.1080747826738681,,,,,,,,,,,,False,False
50940034414875392,,,Melotte22,58.37823369974323,19.90658528222613,2.625514,14.422875,-0.061692761586694,,,,,,,,,,,,False,False
50976077779666688,,,Melotte22,57.04311923768382,19.30230212368997,1.4955025,11.913653,0.1556203771576798,17.764723,18.243626,1.026958089917867,,,,,,,,,True,False
51020711079738496,,,Melotte22,56.636689414744,19.29162466608064,3.0768595000000003,15.179951999999998,-0.0896523666554184,,,,,,,,,,,,False,False
51083653824730880,,,Melotte22,56.83536423710482,19.90701445762345,3.7316475,18.00392,-0.5182908699386414,,,,,,,,,,,,False,False
53014881576687872,,,Melotte22,60.13999258701869,21.45269913101329,3.1868534,16.15116,-0.3321450165315101,,,,,,,,,,,,False,False
53029278307021696,,,Melotte22,60.358621002820136,21.585596506405725,2.8763561,14.863558,-0.0825184334656908,,,,,,,,,,,,False,False
53049516189920384,,,Melotte22,60.4409579001784,21.73459210982908,3.4297333,17.636201999999994,-0.5431511695499662,,,,,,,,,,,,False,False
51284971828429440,,,Melotte22,59.28591236867919,20.12841693850144,3.410511,16.595748999999998,-0.3532869122978644,,,,,,,,,,,,False,False
51287273930914176,,,Melotte22,59.15097440145334,20.11843368658516,3.3951492,16.397379,-0.311937131940701,,,,,,,,,,,,False,False
51303388648134400,,,Melotte22,58.65845264627161,19.90616835738241,3.047719,15.089496,-0.0719779821718438,,,,,,,,,,,,False,False
53105728725582976,,,Melotte22,61.73353518257704,22.03444817317888,2.134594,13.181704000000002,0.1522262849373817,,,,,,,,,,,,False,False
51363067217150592,,,Melotte22,59.13974718269218,20.555538468781307,3.5924606,17.451320000000006,-0.4661146435098924,,,,,,,,,,,,False,False
51365476695288064,,,Melotte22,59.04727946958244,20.574821548169727,2.736967,14.364595,0.0380388292184052,,,,,,,,,,,,False,False
51373546936573440,,,Melotte22,59.8479576157197,20.33793476133345,3.4091206,16.82316,-0.4034100992421355,,,,,,,,,,,,False,False
53140397701490176,,,Melotte22,61.14502945132946,22.04606676888461,3.0386314,15.320143,-0.1582423569857491,,,,,,,,,,,,False,False
51391418298186368,,,Melotte22,59.53209112589058,20.39380158998501,2.9978695,15.57638,-0.2585990876584882,,,,,,,,,,,,False,False
51391658816356608,,,Melotte22,59.49378311107562,20.405297383236228,3.1411257000000004,15.6474905,-0.2130796791637032,,,,,,,,,,,,False,False
51398595186022400,,,Melotte22,59.87260145061245,20.57467250146336,3.478899,17.641575,-0.5302292058436856,,,,,,,,,,,,False,False
51408529447927296,,,Melotte22,60.19008341113653,20.62490184325688,3.043518,15.529936,-0.2230389629879706,,,,,,,,,,,,False,False
53174379482675456,,,Melotte22,61.307231147033065,22.30491933601149,3.275464,15.337592,-0.0448157915386055,,,,,,,,,,,,False,False
51460756250025088,,,Melotte22,59.271597297744655,20.73776594461001,3.426075,17.042345,-0.4417586936417907,,,,,,,,,,,,False,False
53206780715340032,,,Melotte22,59.70862006322247,21.614559731661807,3.8060455,16.288429999999998,-0.1249106889455133,,,,,,,,,,,,False,False
53212205256173824,,,Melotte22,59.8722449430996,21.66544844649712,3.2932549,16.542946,-0.3837775635039444,,,,,,,,,,,,False,False
51474495848610432,,,Melotte22,59.40462608487908,21.0298658464983,3.5393848,16.574253,-0.3018215674974214,,,,,,,,,,,,False,False
53227396558316416,,,Melotte22,59.86223074756722,21.80505089232369,3.2947426,15.477419,-0.08520415633913,,,,,,,,,,,,False,False
51492264130122496,,,Melotte22,59.92782200109493,21.204034312938816,3.2557192,15.921906,-0.2425561444811486,,,,,,,,,,,,False,False
51493432361309184,,,Melotte22,59.54272897641185,20.948665290850546,3.4004974000000003,16.992922,-0.4404683781912437,,,,,,,,,,,,False,False
51497864767442176,,,Melotte22,59.4681481337614,21.037611616353225,3.2207775,15.560354,-0.1484850245817471,,,,,,,,,,,,False,False
51505217751483392,,,Melotte22,59.88117801955308,21.271636177026604,2.680128,14.348566,0.0068059058060425,,,,,,,,,,,,False,False
53251517094713728,,,Melotte22,60.29744591699833,22.177070954011388,3.1966543,15.984422,-0.2848808844472907,,,,,,,,,,,,False,False
53255434104774272,,,Melotte22,60.042971386536856,22.03793942713796,3.0165490000000004,15.231114000000002,-0.1392901683677957,,,,,,,,,,,,False,False
53258732639653760,,,Melotte22,59.999466894486105,22.09136400754777,3.0790740000000003,15.667684,-0.2476527442501153,,,,,,,,,,,,False,False
53296592774129920,,,Melotte22,59.45576360635641,22.141790980091187,3.6547413,17.131638,-0.3866664093378154,,,,,,,,,,,,False,False
51577476281360512,,,Melotte22,58.56814025300253,20.92982058927158,3.432211,16.592676,-0.3447853417137636,,,,,,,,,,,,False,False
53332571717238400,,,Melotte22,59.77944268357541,22.46327548321841,3.373067,15.530801,-0.0662054952078038,,,,,,,,,,,,False,False
53335045618385536,,,Melotte22,59.84548312183912,22.57116993056076,1.9050522,12.791234,0.1391692961076022,,,,,,,,,,,,False,False
51609980593783424,,,Melotte22,58.04683041911643,20.875822870368648,3.062271,15.3376255,-0.152173020752264,,,,,,,,,,,,False,False
53341642688604416,,,Melotte22,60.45493832359936,22.16793887585808,2.9110298,14.88261,-0.0698343118582047,,,,,,,,,,,,False,False
51616268426009472,,,Melotte22,58.4293157676786,20.83327996686479,1.9914875,12.978091,0.1233880091292242,,,,,,,,,,,,False,False
51677669278703104,,,Melotte22,59.09302532017072,21.12119347943441,2.7979155,14.609020999999998,-0.0282433588210892,,,,,,,,,,,,False,False
51693337319356032,,,Melotte22,59.42338944281365,21.30421442147548,3.8873577,17.256752,-0.3404103841854814,,,,,,,,,,,,False,False
53416031520105088,,,Melotte22,60.03406958175285,22.53350003400772,3.410759,17.44709,-0.5184994688109806,,,,,,,,,,,,False,False
51717114258148864,,,Melotte22,59.312036777552976,21.51690519775812,2.7192078,14.445028,-0.0092935139951445,,,,,,,,,,,,False,False
51717114258149120,G17406891228278,426915106.0,Melotte22,59.313195564587296,21.51558090270107,1.1049604,10.858039,0.1498501638282462,7.6674953,5.74006,0.7486225651810964,5192.85,38.55,4.663,0.05,0.162,0.026,-4.70327,0.13456,True,False
53449635344328064,,,Melotte22,60.41602110141787,22.7981591251435,3.6576176,17.567861999999998,-0.4676747658883975,,,,,,,,,,,,False,False
51750748145042176,,,Melotte22,58.7651139873509,21.51922943290343,3.3178883000000003,16.28206,-0.3129774652379588,,,,,,,,,,,,False,False
51760270089541504,,,Melotte22,59.1615557151752,21.585508415753093,3.0914402,15.759974,-0.2686167468709212,,,,,,,,,,,,False,False
53465573967635456,,,Melotte22,60.46233984710202,22.98754147358761,3.576971,17.247227,-0.4334986540604322,,,,,,,,,,,,False,False
51765595848971648,,,Melotte22,59.29092419571437,21.60740677159657,3.0679607000000004,15.392765,-0.1676452854562387,,,,,,,,,,,,False,False
51874997255145728,,,Melotte22,61.61932701510079,20.043644862217864,2.9549513,15.114007,-0.1308886077224547,,,,,,,,,,,,False,False
49809495943068288,,,Melotte22,59.457286848533286,18.562181636825176,1.025466,10.607082,0.135179214912619,15.398351,9.156843,0.5946638701767482,,,,,,,,,True,False
53758254515062784,,,Melotte22,62.515941756162135,23.812034656729068,2.0500717,13.172983,0.0732023724360848,,,,,,,,,,,,False,False
52135925109792000,,,Melotte22,61.45996719973194,20.83291170773939,3.36236,16.390320000000006,-0.32260718078929,,,,,,,,,,,,False,False
53864804065393536,,,Melotte22,60.70828661507775,23.510605573585625,2.659916,14.5944,-0.1087678241374994,,,,,,,,,,,,False,False
53892669813156736,,,Melotte22,60.95658084758279,23.720358358753003,3.0650396,15.697713,-0.2627767450498133,,,,,,,,,,,,False,False
53892768594980096,,,Melotte22,60.95726709283143,23.723535890078807,3.7305317,17.757654000000006,-0.479514342331349,,,,,,,,,,,,False,False
50229028348709248,,,Melotte22,60.34956501693293,19.14215030856772,3.0455208,15.379535999999998,-0.1744507641122819,,,,,,,,,,,,False,False
50262116777529472,,,Melotte22,60.976542036481504,19.072995888886297,2.8446245,14.289924,0.1466406974790059,,,,,,,,,,,,False,False
50262185497006720,,,Melotte22,60.96244354646206,19.08012628822921,3.4340458,15.855856,-0.1458847403138227,,,,,,,,,,,,False,False
56950239849717248,,,Melotte22,54.39778041825849,18.896258602237136,2.60808,15.111760999999998,-0.3165322872989,,,,,,,,,,,,False,False
57036757670988288,,,Melotte22,56.049692565713,19.305173362845032,2.076892,13.299592,0.0310709647018167,,,,,,,,,,,,False,False
57116678420490880,,,Melotte22,55.74083104485407,19.784921709465216,3.7060356,17.804941,-0.4938892419229893,,,,,,,,,,,,False,False
57319916274721920,,,Melotte22,55.13496604273786,19.908219874017924,3.194458,16.121504,-0.3216042890605863,,,,,,,,,,,,False,False
162301763235565312,,,Melotte22,62.53671417100423,25.76440991705253,3.2325592,16.717638,-0.4424446932132022,,,,,,,,,,,,False,False
163355546348513152,,,Melotte22,60.16353910344633,26.73850580231863,2.333519,13.583851999999998,0.1134943054171128,,,,,,,,,,,,False,False
163435157863073920,,,Melotte22,61.58162387136688,27.139317253057204,2.613739,14.483234,-0.0941355966545323,,,,,,,,,,,,False,False
163647015711395584,G17527596464822,204105233.0,Melotte22,59.68636537657554,27.39527696071601,1.4954205,11.92505,0.1481174636884618,,,,4654.8,41.26,4.703,0.057,-0.071,0.034,-4.35362,0.05481,False,False
167982634875013248,,,Melotte22,58.19395106737632,30.00109445015491,2.4717293,14.0849495,-0.0223608729100367,,,,,,,,,,,,False,False
168047815299448960,,,Melotte22,56.998661564036674,29.56054641154892,3.3246727,16.153364,-0.2772248920495549,,,,,,,,,,,,False,False
117138193548596480,,,Melotte22,51.18947621283968,25.17796887124908,2.2893066,13.495401,0.1221859916588625,,,,,,,,,,,,False,False
117141354644522752,,,Melotte22,51.17604483895926,25.304564043521967,1.760191,12.751147,-0.0026165141069635,,,,,,,,,,,,False,False
119400851039785600,,,Melotte22,53.69321939546578,27.925578583449024,2.6385202000000003,14.2210455,0.0356793616827754,,,,,,,,,,,,False,False
117179356515011584,,,Melotte22,50.44783648985032,25.29600227873904,3.2087069,15.297502,-0.0639955414985593,,,,,,,,,,,,False,False
119443869432136192,,,Melotte22,53.08206830812078,28.06193552575411,3.2828064,16.15731,-0.2950996368387575,,,,,,,,,,,,False,False
117215807902051200,,,Melotte22,50.79051301897304,25.699302430279413,1.4933319,11.978669,0.1107023540523011,,,,,,,,,,,,False,False
119499665350704384,,,Melotte22,54.19371883040318,28.25155013371861,3.3247833,16.438066,-0.348161451073175,,,,,,,,,,,,False,False
119520079331712896,G17538157541438,111603181.0,Melotte22,54.18390037718593,28.550262800433693,1.295434,11.463689,0.1238816448056048,,,,4632.9,40.52,4.628,0.056,0.051,0.032,-4.3595,0.06926,False,False
119580754333554176,,,Melotte22,53.6075171717762,28.65328318356423,3.4047565000000004,16.294617000000002,-0.2824114223651517,,,,,,,,,,,,False,False
119609655169509760,,,Melotte22,53.93600549087503,28.851910673873512,3.15804,15.563615,-0.1791796969539321,,,,,,,,,,,,False,False
119610342364458112,,,Melotte22,54.00790488393718,28.91332591863869,3.0459595,15.878201999999998,-0.3209371517260566,,,,,,,,,,,,False,False
117448530705462912,,,Melotte22,49.6710815875353,25.785217853014327,2.654151,14.533359,-0.0882382622140885,,,,,,,,,,,,False,False
117517421980731776,,,Melotte22,50.57362144043759,26.055632255472805,2.7621603,14.804723,-0.1269336059991797,,,,,,,,,,,,False,False
119707889661936768,,,Melotte22,52.56631393790063,28.581671635108577,2.4980392000000005,13.937094,0.0671999712687533,,,,,,,,,,,,False,False
119776604841920896,,,Melotte22,53.63006579484967,28.841984073286376,3.2502956000000003,16.075298,-0.2868240361237075,,,,,,,,,,,,False,False
117669120225730048,,,Melotte22,52.24400231880925,26.303314281086163,2.8088741,14.512489000000002,0.0197651197344997,,,,,,,,,,,,False,False
117672075163287680,,,Melotte22,52.236369577803046,26.308416447680504,0.4247141,8.050642,0.1469774407497114,67.86142,0.8982573,0.013236641673575356,,,,,,,,,True,False
117770786396229376,,,Melotte22,52.04728336144166,26.926861777732977,3.5094510000000003,17.10083,-0.4264548944417212,,,,,,,,,,,,False,False
117846450835917568,,,Melotte22,53.23994232557782,27.288651780186445,3.3538608999999995,16.46272,-0.3431274616661324,,,,,,,,,,,,False,False
117857755189714048,,,Melotte22,52.86140388881814,27.32656005283853,2.6128826000000003,14.37014,-0.047946062375558,,,,,,,,,,,,False,False
118010205052095104,,,Melotte22,51.01224792740608,27.06352184085131,1.495883,11.878932,0.1788571303373884,,,,,,,,,,,,False,False
118078791386289920,,,Melotte22,52.046276067998285,27.307022530883003,0.89407635,10.071199,0.1341660889890417,12.203984,4.64435,0.3805601515046234,,,,,,,,,True,False
118159193173934848,,,Melotte22,51.83937776575181,27.864242661131392,2.5670366,14.068383,0.055714130581021,,,,,,,,,,,,False,False
118934207136604288,,,Melotte22,51.605097660741606,28.23054201781439,3.1277027000000004,16.05765,-0.3327420546997566,,,,,,,,,,,,False,False
51694746068624128,,,Melotte22,59.59016692868824,21.25746893772874,1.0230894,10.640917,0.111346387681175,14.713982,3.4330597,0.23331955278999253,,,,,,,,,True,False
63692475216749312,,,Melotte22,57.30516353501407,21.36675570098097,3.2886868,16.530403,-0.3826484554026897,,,,,,,,,,,,False,False
63693785181958912,,,Melotte22,57.4659251417893,21.3071308608064,2.4989653,13.360371,0.3936949272178666,,,,,,,,,,,,False,False
64095656682494720,G17407305789787,426916243.0,Melotte22,57.91274273726911,22.750074669732147,1.1647711,11.187994,0.0637497709534861,7.9748125,8.90967,1.1172262670752449,5096.28,35.77,4.703,0.049,0.081,0.028,-4.33746,0.0714,True,False
64131150292139648,,,Melotte22,57.156918510526815,22.769113512032003,1.9363937,12.827765,0.1524239766714484,,,,,,,,,,,,False,False
64449729487990912,G17419026526189,470704098.0,Melotte22,55.600196939480526,22.420941414601447,0.8412733,9.700717,0.200815829081362,39.796947,4.4232564,0.11114562129602552,6063.12,17.52,4.309,0.022,-0.009,0.011,-4.07807,0.02113,True,False
64450283540250240,G17419018947319,100902060.0,Melotte22,55.51651081923177,22.42671390761065,1.2401686,10.661607,0.5421412267045003,42.858643,16.303741,0.3804073078095356,5015.75,31.11,4.587,0.042,0.015,0.023,-4.14068,0.03488,True,False
64597927335800064,,,Melotte22,54.10151343001715,22.62359532436685,1.7697496,12.593035,0.1000287857579032,,,,,,,,,,,,False,False
64905618794174720,,,Melotte22,56.703355129215566,23.06855140288392,2.477891,13.89092,0.0743504739652318,,,,,,,,,,,,False,False
64928605459180416,G17405102219659,758705158.0,Melotte22,57.41426344137853,23.28990844525079,0.94241905,10.378372,0.0849639138039325,12.078091,6.2359715,0.5163043977727937,5613.71,20.29,4.553,0.025,0.051,0.011,-4.29272,0.0157,True,False
64929391436043264,,,Melotte22,57.42060476339698,23.341369648361887,0.27309132,7.9111433,0.0301541365515527,27.024662,1.4243503,0.052705573153884404,,,,,,,,,True,False
64933759417769984,,,Melotte22,57.18299036630866,23.2596150203104,0.38464737,8.076609,0.0867566533914622,73.23732,2.7293167,0.037266747335921085,,,,,,,,,True,False
64956123313498368,,,Melotte22,56.45303174951979,23.147850803372048,,,,,,,,,,,,,,,False,False
64981931772948480,,,Melotte22,56.57506229158631,23.486457610450035,1.1260824,9.716273,0.9187575746243456,34.747284,2.8948667,0.08331202807102851,,,,,,,,,True,False
65011412428446592,,,Melotte22,56.789425681111695,23.74197963632735,2.395114,13.048277,0.5018443931733032,,,,,,,,,,,,False,False
65173620458875008,,,Melotte22,56.462718551320094,23.62127834719625,2.724594,15.578316,-0.3877198735084317,,,,,,,,,,,,False,False
65202418214188544,,,Melotte22,56.44372984935659,23.795157132391413,2.599205,13.606966,0.3298413383159002,,,,,,,,,,,,False,False
65207709613871744,,,Melotte22,56.849928429173104,23.914271006001808,0.8328581,9.239894,0.5089509231329407,,,,,,,,,,,,False,False
65221487868870784,,,Melotte22,56.46524526083272,24.03867637774549,0.2657609,7.654846,0.1124289396817647,233.60968,8.964601,0.03837427027852613,,,,,,,,,True,True
65226092073881856,,,Melotte22,56.724915748846826,24.132370680376567,2.826087,15.999248,-0.4442328428243477,,,,,,,,,,,,False,False
65254851174771584,,,Melotte22,55.66768554509101,23.98916056381108,2.4971094,13.669749,0.2064837722536217,,,,,,,,,,,,False,False
65266494828710400,,,Melotte22,55.90298289326376,24.23211488843657,2.0962038,13.054563,0.1880350301190503,,,,,,,,,,,,False,False
65283094877491200,,,Melotte22,56.48651262988783,24.36867937846944,2.6659107,16.373842,-0.5832516219884898,,,,,,,,,,,,False,False
66451429065390080,,,Melotte22,57.37428421162854,23.648515417234577,3.176795,15.453439,-0.134291778088257,,,,,,,,,,,,False,False
66462939577861248,G17405078399912,100908054.0,Melotte22,57.66705812772511,23.93284478322192,0.7804346,9.688195,0.0504796540776062,27.1802,9.607677,0.3534807322977756,6044.24,18.03,4.348,0.023,-0.004,0.011,-4.20732,0.03356,True,False
66490977124308352,,,Melotte22,57.97466329457716,24.047512226294764,2.9833326,14.3361635,0.2184950923784282,,,,,,,,,,,,False,False
66503449709270400,G17405001152849,470712165.0,Melotte22,57.27555029668442,23.781037380088584,1.0322351,9.829401,0.5946285326031509,,,,5599.44,36.27,4.533,0.047,0.178,0.025,-3.89347,0.01983,False,False
66555573432261120,,,Melotte22,57.5542317446932,24.35181775807784,,,,,,,,,,,,,,,False,False
66565365957676416,,,Melotte22,57.58720760547455,24.466545088074653,0.9196377,10.371225,0.0405821604059656,8.377939,6.773362,0.808475927074666,,,,,,,,,True,False
66640712564777856,G17404842569259,100913078.0,Melotte22,57.97253958739888,24.386761624747308,1.330162,11.599124,0.0963161468910307,,,,4845.8,48.03,4.439,0.066,-0.064,0.038,-3.94693,0.0292,False,False
66714418501518848,,,Melotte22,56.87239647545671,24.11411246127916,2.087882,15.508355,-0.6748393117512722,,,,,,,,,,,,False,False
66720294016753280,,,Melotte22,57.105228216586056,24.24035732523089,3.0991344,14.75069,0.0951172136572144,,,,,,,,,,,,False,False
66722355601033600,,,Melotte22,57.2390534091659,24.328640616351645,2.5804596,13.530191,0.3604249834490749,,,,,,,,,,,,False,False
66728089380492160,,,Melotte22,56.799503754015504,24.23144167346539,3.3815842,16.156221,-0.2550903212952597,,,,,,,,,,,,False,False
66734720809017856,,,Melotte22,56.82535623080349,24.39056523579772,1.4832973,11.428227,0.472267260670848,18.308609,14.936463,0.8158163735977976,,,,,,,,,True,False
66771146429454592,G17404926293828,100909129.0,Melotte22,57.29898892437124,24.63638142989168,0.8060932,9.816208,0.0543967625495524,,,,5973.15,23.42,4.426,0.031,0.013,0.016,-4.28314,0.04275,False,False
66804406656115328,,,Melotte22,56.40309754227572,24.651676322824763,2.9065533,14.059534,0.312016300844809,,,,,,,,,,,,False,False
66823304512166528,G17526032921167,470612248.0,Melotte22,56.908774047786046,24.89165534984492,1.8255548,12.73635,0.0809476046249488,,,,4042.47,55.27,4.234,0.078,-0.618,0.05,-4.28025,0.04594,False,False
66828870787370624,,,Melotte22,57.084599434601714,24.91519135520049,,,,,,,,,,,,,,,False,False
66834054814431232,,,Melotte22,56.74789903405747,24.87933419480649,3.2475805,15.206267,-0.0098591754485335,,,,,,,,,,,,False,False
66837495084120320,,,Melotte22,56.66783020915378,24.93086438814965,1.8325653,12.419264,0.2888583310278551,,,,,,,,,,,,False,False
66957994687842176,G17526096656502,480715221.0,Melotte22,57.64893550920422,25.4263087706472,1.2106409,11.03897,0.2428473736617707,,,,5235.02,24.64,4.397,0.031,0.071,0.015,-3.97637,0.01405,False,False
68310359628169088,G17404419979590,470711121.0,Melotte22,56.08555902364135,24.77265650135556,1.1080551,10.209844,0.5261937355828655,,,,5341.7,37.48,4.595,0.049,0.074,0.025,-4.08322,0.02419,False,False
68325649711754880,,,Melotte22,55.773154768525,24.82441093118824,2.5223923,13.26437,0.4794901482610311,,,,,,,,,,,,False,False
68587161680620288,,,Melotte22,55.49566132294139,25.328794161469386,2.046733,12.326188,0.6355964681122239,,,,,,,,,,,,False,False
68618978798306432,,,Melotte22,54.70292014365956,25.188576550930847,1.9789305,12.401081,0.4897633060633399,,,,,,,,,,,,False,False
69250235911393408,,,Melotte22,53.50763487451828,24.88070575164937,0.8997803,10.186197,0.0902223616752022,8.6119,6.2456717,0.7252373692216584,,,,,,,,,True,False
69810093488518784,,,Melotte22,56.34798254632309,24.85060437615883,2.2317667,13.387757,0.1288829001592571,,,,,,,,,,,,False,False
69819404977607168,,,Melotte22,56.33701983849263,24.92187444148569,0.6205778,8.51024,0.2847289287286778,,,,,,,,,,,,False,False
69876923179646080,,,Melotte22,55.95194192919897,25.043404964099803,3.0450907,14.714858,0.078433032886725,,,,,,,,,,,,False,False
70035351636365824,,,Melotte22,56.46956248113335,25.861531694231783,2.306385,13.344301,0.2232453581760778,,,,,,,,,,,,False,False
70037795475083008,,,Melotte22,56.46921136036221,25.91649075166607,3.1159706,14.691559,0.1319352253846262,,,,,,,,,,,,False,False
70088819686490496,,,Melotte22,55.51430776993684,25.377406685532065,3.168581,15.2720375,-0.0752825675396539,,,,,,,,,,,,False,False
70248180152474368,,,Melotte22,56.13965790258828,26.24796151677609,2.813116,14.431259,0.058653549738899,,,,,,,,,,,,False,False
51619120284286976,,,Melotte22,58.370325759330775,20.9071653401152,1.1711817,10.985731,0.2008996988893834,,,,,,,,,,,,False,False
51742471745296768,G17406026297674,426915195.0,Melotte22,58.61605936196911,21.389535691244504,0.91490746,10.224359,0.1039823485745879,11.577529,4.1717024,0.36032752757518466,5661.01,31.43,4.543,0.045,0.132,0.027,-4.2237,0.09649,True,False
64094037476647040,,,Melotte22,57.70410557714868,22.66984055724213,2.4698553,13.789281,0.1196156638503431,,,,,,,,,,,,False,False
64172038380708224,G17404616787321,470713207.0,Melotte22,57.58886377465197,23.09614480790089,1.0253668,10.570457,0.1553964273773736,5.0741315,7.3909326,1.4565906697530406,5494.47,32.84,4.583,0.043,0.098,0.023,-4.33285,0.05173,True,False
65005846150835200,,,Melotte22,56.86159637689897,23.633878170833444,3.1281033,15.042625,-0.0102412398131967,,,,,,,,,,,,False,False
65020414679879296,,,Melotte22,56.96895425474899,23.94102406851244,0.7080078,9.328334,0.0404404113849873,20.766861,3.5366838,0.17030420726560458,,,,,,,,,True,False
65030344643851776,G17404746560148,100905081.0,Melotte22,55.74682843323108,22.90070615626523,1.1800528,11.159572,0.1094643631149125,6.1021376,6.0053625,0.984140786992414,5040.21,33.84,4.624,0.044,0.031,0.023,-4.1935,0.02535,True,False
65052953351603456,G17418847277975,100905228.0,Melotte22,55.38534473978696,23.161519816655723,1.3606424,11.663943,0.1051464045542946,12.534889,10.521788,0.8394001733880532,4542.89,41.74,4.592,0.055,-0.127,0.03,-4.28643,0.03307,True,False
65117206062341760,,,Melotte22,55.00086921866747,23.43477564837725,2.574564,13.574709,0.3280092171536014,,,,,,,,,,,,False,False
65202383854448384,,,Melotte22,56.49673767202074,23.812867344430007,2.792656,15.764448,-0.4033815491314435,,,,,,,,,,,,False,False
65212691773969280,,,Melotte22,56.82547570016037,24.03643638599481,,,,,,,,,,,,,,,False,False
65212691775922048,,,Melotte22,56.8257781580884,24.0362180652762,1.8632498,12.399113,0.3420507317169805,,,,,,,,,,,,False,False
65223583812996864,,,Melotte22,56.64813693412132,24.0263321331447,3.2613544,15.698542,-0.1736958142680623,,,,,,,,,,,,False,False
65230764996027776,,,Melotte22,56.56677710161743,24.189728475046618,0.44409132,7.6610856,0.2842089551848194,,,,,,,,,,,,False,False
65232105028172160,G17405260502988,480710066.0,Melotte22,55.88323532267292,23.673853776514,0.8891134,10.113153,0.102669701747011,15.201168,3.2979424,0.2169532235943975,5776.12,19.0,4.514,0.023,0.062,0.01,-4.27478,0.0167,True,False
65242069352190976,,,Melotte22,55.99511103368515,23.88252732507404,0.7352009,9.087022,0.3124413183821941,,,,,,,,,,,,False,False
65248151025861120,,,Melotte22,56.09618368466843,24.068094985032182,1.7458124,12.250082,0.2892138180281939,,,,,,,,,,,,False,False
65275089060719104,G17405180830149,480703052.0,Melotte22,56.1833687967795,24.231003278419283,1.007863,10.609508,0.0976805969425124,5.4432573,7.55624,1.3881835054903615,5496.24,35.47,4.611,0.043,0.121,0.02,-4.31761,0.02544,True,False
65277975278721408,,,Melotte22,56.4177969686723,24.28890740696102,2.6368952,15.497537,-0.4087097770824038,,,,,,,,,,,,False,False
65281166437426176,G17405216110506,286112011.0,Melotte22,56.387342327527634,24.303034287977688,1.5923738,12.144871,0.1473640828289797,,,,4267.13,50.36,4.406,0.068,-0.226,0.038,-4.0653,0.03612,False,False
65289279632597760,G17404464788317,631315043.0,Melotte22,55.96136666025569,24.24729269931756,0.999053,10.524111,0.1264156678198005,15.305232,11.589788,0.7572435360666209,5520.76,24.66,4.622,0.031,0.089,0.014,-4.18568,0.01529,True,False
65296357738731008,,,Melotte22,56.39368645440966,24.463106878376045,0.49812222,8.228857,0.170789264623124,90.90657,3.0894716,0.03398513000765511,,,,,,,,,True,False
65437644983223936,,,Melotte22,59.119359567338776,23.150822860501343,2.5252457,14.543722,-0.1745606944457653,,,,,,,,,,,,False,False
65641913628380288,,,Melotte22,58.48872630466153,23.34510508446438,1.8428898,12.603915,0.181613306598211,,,,,,,,,,,,False,False
65864427293364992,,,Melotte22,58.99240854019812,24.549769790101543,2.511753,14.4459915,-0.1460197980108819,,,,,,,,,,,,False,False
66167205308371328,,,Melotte22,59.73520427824232,24.30879712455181,2.9824276,15.00555,-0.0763150105459185,,,,,,,,,,,,False,False
66481837433947392,,,Melotte22,57.87484201908012,23.899035571281136,1.5706215,12.188227,0.0898189570874012,,,,,,,,,,,,False,False
66499154741977216,G17404993224686,100908139.0,Melotte22,57.369857594799285,23.71197964151732,0.99851704,10.593778,0.0871654907370313,11.974698,7.9662495,0.6652568190028676,5430.53,41.55,4.657,0.06,0.161,0.034,-4.25928,0.0218,True,False
66649409876772096,,,Melotte22,58.12888489916184,24.54417829297304,2.8775768,14.195093,0.2176775586513979,,,,,,,,,,,,False,False
66671468828544384,,,Melotte22,57.85786918508059,24.793952579097773,2.7174969,13.760519,0.337240637030038,,,,,,,,,,,,False,False
66728128034922624,,,Melotte22,56.825655460069,24.2305614540442,,,,,,,,,,,,,,,False,False
66730120901930240,G17404910763780,470712089.0,Melotte22,56.91832612972476,24.3017365454314,1.7036057,12.376759,0.1502021049924514,,,,3979.35,56.17,4.272,0.079,-0.359,0.046,-4.18112,0.04533,False,False
66739982146803456,,,Melotte22,57.07214182983378,24.504220723934463,1.8534374,12.773757,0.090980944331924,,,,,,,,,,,,False,False
66753038847347456,G17404931485062,100909012.0,Melotte22,57.3142034745513,24.567072171009944,1.7987633,12.497025,0.1951276605741096,,,,3941.3,60.16,4.36,0.085,-0.315,0.05,-4.15228,0.04801,False,False
66781316909399424,,,Melotte22,56.531386444741095,24.3741778959859,1.9702711,13.008881,0.0832893088797494,,,,,,,,,,,,False,False
66798526845337344,,,Melotte22,56.47976397387461,24.554604059172803,1.7650719,12.832641,-0.0416147879512369,,,,,,,,,,,,False,False
66801623514684416,,,Melotte22,56.54130256139035,24.67339403987,2.3838396,13.068843,0.475805811216747,,,,,,,,,,,,False,False
66832100605159424,G17526072675262,100909045.0,Melotte22,57.07381062715844,25.04764063408678,0.91848373,10.203328,0.122073212929573,12.389547,6.078858,0.4906440889243166,5706.54,21.42,4.519,0.027,0.084,0.012,-4.26509,0.01892,True,False
66847631206903040,,,Melotte22,56.857553040083815,25.14231117639311,2.9366293,14.1731,0.2714640625417042,,,,,,,,,,,,False,False
66863058730966528,,,Melotte22,57.91861505669585,24.982962928567403,0.9087715,10.166348,0.1193838941706122,25.05901,11.675803,0.46593233332043044,,,,,,,,,True,False
68259438496008832,,,Melotte22,55.54560012636088,24.0855309490162,2.507063,13.620842,0.2425814822433293,,,,,,,,,,,,False,False
68956803745067520,,,Melotte22,52.79970469586578,25.16485639370521,1.9092398,12.769683,0.1569486669465428,,,,,,,,,,,,False,False
69811639676769536,G17404420340557,100904050.0,Melotte22,56.08380493090035,24.7959610969443,0.8706722,9.955907,0.1389146145199106,,,,5898.53,24.65,4.409,0.032,0.093,0.016,-3.96712,0.01887,False,False
69859262274067584,,,Melotte22,56.488752041634456,25.18671522375928,2.7637424,14.050293,0.2108732047883942,,,,,,,,,,,,False,False
69864313155605120,,,Melotte22,56.31406723889194,25.28927622486201,1.0158415,10.41891,0.2181754678473514,11.335413,4.6213465,0.40769105633822067,,,,,,,,,True,False
69872044096705664,,,Melotte22,56.496515250865976,25.39839015777669,0.27722025,7.830856,0.0664616755922617,124.34001,3.505641,0.028193990011742796,,,,,,,,,True,False
69874243118711040,,,Melotte22,56.58319939873283,25.47535770957724,,,,,,,,,,,,,,,False,False
69876506565909632,G17525720962955,100915199.0,Melotte22,55.860998966163535,24.99413271748228,1.3596001,11.430503,0.2563014367761947,,,,4626.54,43.3,4.587,0.057,-0.086,0.031,-4.24715,0.0373,False,False
69883417170175488,G17525734649172,100915186.0,Melotte22,55.95181941670089,25.189861464713644,1.0470848,10.023461,0.50076795743001,37.451912,15.2115345,0.4061617601792934,5354.02,35.77,4.716,0.046,0.128,0.026,-4.23832,0.02819,True,False
69896473870624640,G17525732463591,100915025.0,Melotte22,55.80678409298201,25.2699292605034,1.2340412,11.258353,0.1464072081283437,,,,5048.25,39.62,4.555,0.055,0.044,0.032,-3.96071,0.03466,False,False
70114039734416128,,,Melotte22,55.52034957514179,25.66308487679759,2.562068,13.390611,0.4326990541184725,,,,,,,,,,,,False,False
71207710206088192,,,Melotte22,55.59862400564945,27.765522859590856,2.8588972,14.678687,-0.0193870520981312,,,,,,,,,,,,False,False
205289369350320896,,,NGC1664,72.69374084472656,43.43941879272461,1.9798276,18.1846125,0.1651671652488854,,,,,,,,,,,,False,False
205271571005648896,,,NGC1664,72.7186508178711,43.23507308959961,2.0903547,18.100914,0.1946282833574328,,,,,,,,,,,,False,False
205271884535519360,,,NGC1664,72.77661895751953,43.262351989746094,1.7220056,17.271741999999996,0.1861533436081512,,,,,,,,,,,,False,False
205272807952482688,,,NGC1664,72.93197631835938,43.28010940551758,0.8672889600000001,13.8071755,0.2076701233759468,,,,,,,,,,,,False,False
205273941827705984,,,NGC1664,72.89727783203125,43.34352111816406,1.4641879999999998,16.6694725,0.1558283516835867,,,,,,,,,,,,False,False
205275354873465088,,,NGC1664,73.10669708251953,43.318809509277344,1.6878837,16.3463065,0.3951217418923976,,,,,,,,,,,,False,False
205276587524051200,,,NGC1664,73.11324310302734,43.38672256469727,2.0251926,17.9933995,0.1908082366667058,,,,,,,,,,,,False,False
205279817339597952,,,NGC1664,73.10197448730469,43.43560028076172,1.5604369,17.048303,0.1516536473776228,,,,,,,,,,,,False,False
205280264016080512,,,NGC1664,72.95023345947266,43.39762115478516,1.3388289,16.2134675,0.149447858094846,,,,,,,,,,,,False,False
205280573253839232,,,NGC1664,73.05025482177734,43.436431884765625,1.5642497000000002,16.873197,0.1769862037852271,,,,,,,,,,,,False,False
205280745052550656,,,NGC1664,73.02896881103516,43.44423675537109,1.5796362000000002,16.975624,0.1692302134432869,,,,,,,,,,,,False,False
205281191729203328,,,NGC1664,73.19478607177734,43.464115142822266,2.1837214000000005,18.1485965,0.2091668219672134,,,,,,,,,,,,False,False
205281432247375104,,,NGC1664,73.15886688232422,43.4653205871582,1.8065642,17.3598825,0.2035372761933074,,,,,,,,,,,,False,False
205281573985998976,,,NGC1664,73.21123504638672,43.468170166015625,0.95087894,14.1905335,0.1912394340935268,,,,,,,,,,,,False,False
205283051454699392,,,NGC1664,73.19099426269531,43.56889343261719,1.2557746,15.8279475,0.1576798049379966,,,,,,,,,,,,False,False
205283115875907840,,,NGC1664,73.24050903320312,43.581050872802734,2.1455171,18.105435,0.2056506930195061,,,,,,,,,,,,False,False
205283120174159744,,,NGC1664,73.22671508789062,43.57572937011719,1.0233314,14.7703485,0.1022237112816523,,,,,,,,,,,,False,False
205286380049571200,,,NGC1664,72.91417694091797,43.42074203491211,1.8456801,17.507126500000002,0.1969829834071709,,,,,,,,,,,,False,False
205286586211657728,,,NGC1664,72.77413940429688,43.37778472900391,2.1418264,17.959460999999997,0.2204439993506804,,,,,,,,,,,,False,False
205287548280849664,,,NGC1664,72.88741302490234,43.48906707763672,1.7632194,17.343011500000003,0.1912462791913577,,,,,,,,,,,,False,False
205287823162008704,,,NGC1664,72.64744567871094,43.34934616088867,1.1429049999999998,15.3198865,0.1506299882612954,,,,,,,,,,,,False,False
205288033616276480,,,NGC1664,72.64942932128906,43.36610794067383,0.4871451699999999,12.6441545,0.0590954020301442,,,,,,,,,,,,False,False
205288480292858880,,,NGC1664,72.69755554199219,43.40797424316406,1.0724304,15.1004085,0.0755632878680627,,,,,,,,,,,,False,False
205288579076494208,,,NGC1664,72.73115539550781,43.4167366027832,2.0965001000000005,18.4763285,0.1660217276788815,,,,,,,,,,,,False,False
205288686446118016,,,NGC1664,72.73648834228516,43.444068908691406,2.3078763,18.9219445,0.1700997534007019,,,,,,,,,,,,False,False
205289300630836352,,,NGC1664,72.69129943847656,43.424598693847656,1.3010709,16.0893255,0.1410883108979989,,,,,,,,,,,,False,False
205289442365516416,,,NGC1664,72.73932647705078,43.46546936035156,0.7905181,13.7406055,0.0259214444584776,,,,,,,,,,,,False,False
205289541149177344,,,NGC1664,72.67378997802734,43.4520378112793,2.0842149,18.2162655,0.1832022503112228,,,,,,,,,,,,False,False
205289579804478080,,,NGC1664,72.68936157226562,43.45881652832031,1.7159007000000002,17.236120500000002,0.1886240561883071,,,,,,,,,,,,False,False
205289785957719168,,,NGC1664,72.72955322265625,43.49449157714844,2.1904071,18.5343425,0.1776984599404033,,,,,,,,,,,,False,False
205289889042116352,,,NGC1664,72.77154541015625,43.43998336791992,1.7312944,16.904414999999997,0.2508663959640976,,,,,,,,,,,,False,False
205289987825627776,,,NGC1664,72.8231430053711,43.45959854125977,2.0415914,17.760554999999997,0.2200194580543177,,,,,,,,,,,,False,False
205290125264578560,,,NGC1664,72.77999114990234,43.45304489135742,0.92292554,14.2518965,0.0819033780197335,,,,,,,,,,,,False,False
205290198279756160,,,NGC1664,72.76880645751953,43.46542739868164,1.1867144,15.699285500000002,0.0959750480171187,,,,,,,,,,,,False,False
205290232639490048,,,NGC1664,72.7990951538086,43.47124099731445,0.5080363999999999,12.706748,0.0752264143843498,,,,,,,,,,,,False,False
205290335718700288,,,NGC1664,72.80681610107422,43.49114608764648,1.3284469,15.7029715,0.3128450762994159,,,,,,,,,,,,False,False
205290644956342528,,,NGC1664,72.82831573486328,43.493595123291016,0.5915056,12.9641795,0.1252993575215691,,,,,,,,,,,,False,False
205290743740050304,,,NGC1664,72.85526275634766,43.5228271484375,1.0240675,14.743709499999998,0.1181439122833394,,,,,,,,,,,,False,False
205290743740115840,,,NGC1664,72.85396575927734,43.52355194091797,1.2658257999999998,15.2295575,0.4995040468828463,,,,,,,,,,,,False,False
205290812456062848,,,NGC1664,72.88037109375,43.52474212646485,1.2482582,15.935614,0.1190174611348039,,,,,,,,,,,,False,False
205290915538573568,,,NGC1664,72.75692749023438,43.475868225097656,1.5811751,16.9516085,0.1732921638358879,,,,,,,,,,,,False,False
205291224776236544,,,NGC1664,72.76875305175781,43.50865173339844,1.8703212,16.916132,0.3131759285158891,,,,,,,,,,,,False,False
205291229071900032,,,NGC1664,72.76765441894531,43.50318908691406,0.9760007,14.5529485,0.0785139175732204,,,,,,,,,,,,False,False
205291332151112448,,,NGC1664,72.77873229980469,43.51129150390625,0.8952563,14.103285500000002,0.0840703278170817,,,,,,,,,,,,False,False
205291499654152448,,,NGC1664,72.84728240966797,43.53660202026367,1.8803469,17.575948,0.1988618741545657,,,,,,,,,,,,False,False
205291607029003776,,,NGC1664,72.85904693603516,43.53950500488281,0.5258919000000001,12.83897,0.0534941052078989,,,,,,,,,,,,False,False
205291637090233600,,,NGC1664,72.88545989990234,43.55315017700195,1.7472364,16.546523,0.3584358961648826,,,,,,,,,,,,False,False
205291641388734592,,,NGC1664,72.87605285644531,43.56074523925781,1.4129562,16.462168,0.1584611217473684,,,,,,,,,,,,False,False
205291641388737408,,,NGC1664,72.87559509277344,43.54702377319336,1.0477501,14.86594,0.1237746771427094,,,,,,,,,,,,False,False
205291430934677888,,,NGC1664,72.78800964355469,43.54259872436523,2.1272106,18.030865,0.20939439829607,,,,,,,,,,,,False,False
205291710108208768,,,NGC1664,72.88524627685547,43.56890869140625,1.229332,15.086405,0.5107266520490693,,,,,,,,,,,,False,False
205291877611482112,,,NGC1664,72.86084747314453,43.57878494262695,2.1939182,18.364233,0.1914177460416654,,,,,,,,,,,,False,False
205291916266637952,,,NGC1664,72.86830139160156,43.58329772949219,1.2460546,15.230838,0.4495862125591783,,,,,,,,,,,,False,False
205291946327516416,,,NGC1664,72.85667419433594,43.59037780761719,2.0555178,18.186996,0.1799876879565948,,,,,,,,,,,,False,False
205291950626380032,,,NGC1664,72.84992218017578,43.57577896118164,0.970781,14.514593,0.0831058469356447,,,,,,,,,,,,False,False
205293565534073472,,,NGC1664,72.98548126220703,43.54207229614258,0.96468415,13.701631,0.608259255557942,,,,,,,,,,,,False,False
205294012210665472,,,NGC1664,73.00170135498047,43.56348037719727,1.1589705,15.54928,0.0941678675114532,,,,,,,,,,,,False,False
205294317149416320,,,NGC1664,73.1137466430664,43.543941497802734,2.0018306,17.9842125,0.1864887976054096,,,,,,,,,,,,False,False
205294317149418368,,,NGC1664,73.10685729980469,43.54547882080078,2.2211452,18.5218185,0.1836878955360318,,,,,,,,,,,,False,False
205294527607350528,,,NGC1664,73.10187530517578,43.555477142333984,1.1044822,15.0281025,0.201065405992029,,,,,,,,,,,,False,False
205294626387091968,,,NGC1664,73.12000274658203,43.56962585449219,1.30295,16.071265500000003,0.1472005393969236,,,,,,,,,,,,False,False
205294626387094272,,,NGC1664,73.12227630615234,43.57221221923828,1.1803523000000002,15.578475999999998,0.1227411961857253,,,,,,,,,,,,False,False
205295420959925504,,,NGC1664,73.09371185302734,43.5903434753418,1.3630943000000002,16.174128,0.1805130412556956,,,,,,,,,,,,False,False
205295519741506944,,,NGC1664,73.11644744873047,43.60209274291992,1.7957878,17.397026,0.1951206542928914,,,,,,,,,,,,False,False
205295798917037952,,,NGC1664,73.09781646728516,43.63265609741211,0.8236882999999999,13.326071999999998,0.5001622061931763,,,,,,,,,,,,False,False
205296069496630656,,,NGC1664,73.18721771240234,43.66177749633789,2.4682768000000004,18.576179,0.2195280593174354,,,,,,,,,,,,False,False
205296211233886208,,,NGC1664,73.14387512207031,43.6555290222168,1.2515867,16.030214,0.1022310596348217,,,,,,,,,,,,False,False
205296589191048320,,,NGC1664,72.97124481201172,43.5562744140625,0.94836296,14.317727,0.120304715318793,,,,,,,,,,,,False,False
205296726630005888,,,NGC1664,72.92829132080078,43.56023788452149,1.1030358999999998,15.337718,0.0526348936240829,,,,,,,,,,,,False,False
205296795349482112,,,NGC1664,72.92427825927734,43.56549453735352,1.1245184,15.436782,0.0644653028575239,,,,,,,,,,,,False,False
205296967142921216,,,NGC1664,72.98130798339844,43.568058013916016,2.4928424,18.390201,0.2423102536150217,,,,,,,,,,,,False,False
205297619983199488,,,NGC1664,72.91576385498047,43.588077545166016,1.2603767,15.466439,0.3247486015723451,,,,,,,,,,,,False,False
205297753123645312,,,NGC1664,72.9476318359375,43.6236686706543,2.4214897,18.654728,0.2053213552794811,,,,,,,,,,,,False,False
205297787486491392,,,NGC1664,72.89625549316406,43.601898193359375,1.5390873,16.814398,0.1736282461993752,,,,,,,,,,,,False,False
205297856202530816,,,NGC1664,72.89161682128906,43.61293029785156,1.3399410000000005,16.205658,0.1521145896807731,,,,,,,,,,,,False,False
205297890562271616,,,NGC1664,72.8941650390625,43.61725234985352,1.8499362,17.619966,0.1852470715751833,,,,,,,,,,,,False,False
205297993641491840,,,NGC1664,72.92640686035156,43.631324768066406,1.6846121000000005,17.111583,0.1940705785779046,,,,,,,,,,,,False,False
205298101019519744,,,NGC1664,72.9913558959961,43.6364631652832,0.82200215,13.853366,0.034089450718873,,,,,,,,,,,,False,False
205298440319459328,,,NGC1664,72.96935272216797,43.66733551025391,2.0961244000000003,17.727804,0.2383258592072096,,,,,,,,,,,,False,False
205298444616899584,,,NGC1664,72.98350524902344,43.66565704345703,1.0358868,14.87086,0.0865945744956137,,,,,,,,,,,,False,False
205299372329803520,,,NGC1664,73.1775894165039,43.7061653137207,1.2809181,15.94677,0.1547578412799896,,,,,,,,,,,,False,False
205306308699277184,,,NGC1664,73.2723159790039,43.56775665283203,1.2711742,15.246349,0.4998165441386465,,,,,,,,,,,,False,False
205318609485872896,,,NGC1664,73.27572631835938,43.65803909301758,1.174589,15.5987825,0.1059734720218048,,,,,,,,,,,,False,False
205318579424088704,,,NGC1664,73.30148315429688,43.65930557250977,1.0268429,14.805489999999995,0.0941777860764065,,,,,,,,,,,,False,False
205320464912081152,,,NGC1664,73.32343292236328,43.76842880249024,2.0254104,17.457585,0.2590906325900991,,,,,,,,,,,,False,False
205322835732861056,,,NGC1664,73.22335052490234,43.72053527832031,2.4854418000000003,18.743451,0.2077668973702442,,,,,,,,,,,,False,False
205323179331389696,,,NGC1664,73.22016143798828,43.76246643066406,1.3410823,16.347089,0.1260089986428985,,,,,,,,,,,,False,False
205323213691126016,,,NGC1664,73.23829650878906,43.761714935302734,1.2174060000000002,15.753028,0.1266664389904226,,,,,,,,,,,,False,False
205324008262199168,,,NGC1664,73.20264434814453,43.78828048706055,1.4385898,16.593616,0.152628317207979,,,,,,,,,,,,False,False
205324278843174016,,,NGC1664,73.20779418945312,43.82084274291992,1.064161,14.324989,0.4455110779742484,,,,,,,,,,,,False,False
206039717315452160,,,NGC1664,72.61467742919922,43.43212890625,1.870281,17.8912245,0.1646218076570145,,,,,,,,,,,,False,False
206039859052520832,,,NGC1664,72.6495132446289,43.46281051635742,0.51648973,12.7101575,0.089755581923652,,,,,,,,,,,,False,False
206039889114245376,,,NGC1664,72.62670135498047,43.46228408813477,2.1253837,18.1388415,0.19827197349448,,,,,,,,,,,,False,False
206039893412242176,,,NGC1664,72.61466217041016,43.44660186767578,1.4794352000000002,16.6840345,0.162232190085498,,,,,,,,,,,,False,False
206040065210933504,,,NGC1664,72.59741973876953,43.473236083984375,1.0931767999999995,15.120798000000002,0.1216226012594627,,,,,,,,,,,,False,False
206040370150503040,,,NGC1664,72.6973648071289,43.49696350097656,1.7134459000000002,17.2449595,0.1865673838477369,,,,,,,,,,,,False,False
206040370150509952,,,NGC1664,72.69758605957031,43.49408721923828,1.2815278,16.0169995,0.1374791214405303,,,,,,,,,,,,False,False
206040541949204480,,,NGC1664,72.67412567138672,43.51609420776367,1.5104831,16.7508765,0.1687104904813357,,,,,,,,,,,,False,False
206040988625794688,,,NGC1664,72.60598754882812,43.50145721435547,2.3135604,18.659407,0.1882626147774703,,,,,,,,,,,,False,False
206041229143979008,,,NGC1664,72.62145233154297,43.52918243408203,1.5603294,16.863146,0.1766285707639117,,,,,,,,,,,,False,False
206041508319915520,,,NGC1664,72.68781280517578,43.55636596679688,1.2384620999999998,15.887177,0.1188271768085827,,,,,,,,,,,,False,False
206041680118619136,,,NGC1664,72.62508392333984,43.5510139465332,1.1414604000000002,14.733326000000002,0.4618247973247721,,,,,,,,,,,,False,False
206041989356299008,,,NGC1664,72.7465591430664,43.549461364746094,1.3768367,15.675997,0.4036890206180429,,,,,,,,,,,,False,False
206042225576410880,,,NGC1664,72.72386169433594,43.56071472167969,0.925058,14.133069999999998,0.1502663728736251,,,,,,,,,,,,False,False
206042264234146816,,,NGC1664,72.73667907714844,43.565860748291016,1.3116137,16.172418,0.1333739476608574,,,,,,,,,,,,False,False
206042298594046080,,,NGC1664,72.76337432861328,43.56623458862305,1.4072607999999998,15.736687,0.4126827647024706,,,,,,,,,,,,False,False
206042470392546432,,,NGC1664,72.8243408203125,43.58421325683594,0.7983804999999999,13.758397,0.0356665170725835,,,,,,,,,,,,False,False
206042500454392320,,,NGC1664,72.79743194580078,43.57180404663086,0.5284044000000001,12.376417,0.1881721521125028,,,,,,,,,,,,False,False
206042504752300800,,,NGC1664,72.79844665527344,43.57032012939453,1.1258708999999998,15.543957,0.0353234549959221,,,,,,,,,,,,False,False
206042126791067520,,,NGC1664,72.7906265258789,43.56962203979492,2.3467032,18.543068,0.202683689132548,,,,,,,,,,,,False,False
206042539112018944,,,NGC1664,72.81714630126953,43.59534454345703,1.4409997,16.398557,0.1914227247839938,,,,,,,,,,,,False,False
206042569173868416,,,NGC1664,72.8354263305664,43.59008407592773,0.36479822,11.546204,0.0150992415976991,,,,,,,,,,,,False,True
206042607831470336,,,NGC1664,72.86921691894531,43.61002349853516,0.92767333,14.3223875,0.059165050264355,,,,,,,,,,,,False,False
206042642192544512,,,NGC1664,72.83739471435547,43.60910415649414,1.6864803,17.291497,0.1712249250866695,,,,,,,,,,,,False,False
206042672252285568,,,NGC1664,72.8667221069336,43.61914443969727,0.9097259,13.933929,0.2346283604471686,,,,,,,,,,,,False,False
206042672252306944,,,NGC1664,72.86605072021484,43.61703109741211,2.0444228000000004,17.891357000000003,0.2055792690263242,,,,,,,,,,,,False,False
206042745270446976,,,NGC1664,72.81655883789062,43.60051727294922,1.1028248,15.318829999999998,0.0591161180810242,,,,,,,,,,,,False,False
206042878410711552,,,NGC1664,72.85719299316406,43.63722610473633,0.6069393,13.096498,0.076639905301866,,,,,,,,,,,,False,False
206042882709364992,,,NGC1664,72.85909271240234,43.63694381713867,1.2413578,16.783027,0.0237303732252072,,,,,,,,,,,,False,False
206042882709372288,,,NGC1664,72.84734344482422,43.6300163269043,1.0958881,15.29964,0.0502606975606727,,,,,,,,,,,,False,False
206042917069233664,,,NGC1664,72.82395935058594,43.620365142822266,0.5659090999999999,11.022118,0.1316874750867036,241.10289,21.738173,0.09016139541089697,,,,,,,,,True,True
206042985788654080,,,NGC1664,72.71420288085938,43.57431411743164,1.2646567000000002,15.913434999999998,0.1443761108949582,,,,,,,,,,,,False,False
206043015850405632,,,NGC1664,72.72943878173828,43.58314895629883,1.2797986,15.9894255,0.1423092503946265,,,,,,,,,,,,False,False
206043088867857536,,,NGC1664,72.73309326171875,43.59794616699219,1.126885,15.427899000000002,0.0723416459626078,,,,,,,,,,,,False,False
206043118929625472,,,NGC1664,72.75912475585938,43.59202194213867,1.9452993,17.823415,0.1888952265969105,,,,,,,,,,,,False,False
206043118929627648,,,NGC1664,72.76136016845703,43.597450256347656,1.745764,17.346149,0.1849796788535536,,,,,,,,,,,,False,False
206043157587315328,,,NGC1664,72.77488708496094,43.60993576049805,0.8026520399999999,13.57162,0.2180276542441711,,,,,,,,,,,,False,False
206043222008848640,,,NGC1664,72.76718139648438,43.611915588378906,1.5786702,16.966768000000002,0.170026179315906,,,,,,,,,,,,False,False
206043226306789120,,,NGC1664,72.76624298095703,43.62093734741211,1.2851396000000002,15.328335,0.4704297519644201,,,,,,,,,,,,False,False
206043256368625664,,,NGC1664,72.71795654296875,43.59541702270508,2.4819218,18.333303,0.2466946879255011,,,,,,,,,,,,False,False
206043359447805568,,,NGC1664,72.72005462646484,43.621673583984375,1.1374031000000002,15.2947175,0.1494962020392905,,,,,,,,,,,,False,False
206043363745759488,,,NGC1664,72.72237396240234,43.61640548706055,1.0860411,14.491032,0.422452244399018,,,,,,,,,,,,False,False
206043393807588352,,,NGC1664,72.74644470214844,43.61860275268555,0.62883336,12.916304,0.2288068707242976,,,,,,,,,,,,False,False
206043398105484160,,,NGC1664,72.7461929321289,43.6264533996582,0.7461458,13.410361000000002,0.1990712090341566,,,,,,,,,,,,False,False
206043432465215360,,,NGC1664,72.76301574707031,43.62948226928711,0.5661922,12.822361,0.1412513957657991,,,,,,,,,,,,False,False
206043501184685568,,,NGC1664,72.75931549072266,43.64377975463867,1.0454442000000002,14.948328,0.0745137283882653,,,,,,,,,,,,False,False
206043565606279808,,,NGC1664,72.81079864501953,43.629581451416016,0.5881601999999999,12.792131,0.1963324744089953,,,,,,,,,,,,False,False
206043599965975936,,,NGC1664,72.78677368164062,43.62819290161133,1.950708,17.831129,0.1894381404562571,,,,,,,,,,,,False,False
206043604263902848,,,NGC1664,72.78633880615234,43.62384414672852,0.9171588,14.248594,0.0673787695179529,,,,,,,,,,,,False,False
206043638623627520,,,NGC1664,72.79667663574219,43.64213562011719,0.5504947999999998,10.148051,0.0069673620480544,167.67548,13.759464,0.08206008415780291,,,,,,,,,True,False
206043638623629568,,,NGC1664,72.7994384765625,43.63788604736328,1.4196803,15.866824,0.3563181194716803,,,,,,,,,,,,False,False
206043638623633024,,,NGC1664,72.79750061035156,43.6319465637207,0.44113127,11.302692,0.0731696860186202,132.21146,79.14328,0.5986113457940787,,,,,,,,,True,True
206043672983361152,,,NGC1664,72.82249450683594,43.63481140136719,1.3983867,16.411643,0.1575066691932701,,,,,,,,,,,,False,False
206043703044449408,,,NGC1664,72.84483337402344,43.65629196166992,1.7041569,17.229101,0.1852673583832667,,,,,,,,,,,,False,False
206043703044450432,,,NGC1664,72.84354400634766,43.659324645996094,1.8326489000000004,17.534501,0.1898485738984735,,,,,,,,,,,,False,False
206043741702824832,,,NGC1664,72.82373809814453,43.65630722045898,0.62352084,13.013776,0.1691018569418713,,,,,,,,,,,,False,False
206043806124415872,,,NGC1664,72.79070281982422,43.6446418762207,1.8565604,16.832847,0.3291743897997241,,,,,,,,,,,,False,False
206043840485271808,,,NGC1664,72.80596923828125,43.66232299804688,1.911943,17.851692,0.1780379273107425,,,,,,,,,,,,False,False
206043844782055040,,,NGC1664,72.7953109741211,43.6478271484375,1.1468331,15.398234999999998,0.1253401426244648,,,,,,,,,,,,False,False
206043874843888768,,,NGC1664,72.77915954589844,43.654029846191406,1.5343948,16.795774,0.1741559802125847,,,,,,,,,,,,False,False
206043874843924608,,,NGC1664,72.77112579345703,43.64824676513672,0.46905104,11.475773,0.1119226591203733,,,,,,,,,,,,False,True
206043909203628544,,,NGC1664,72.79142761230469,43.663387298583984,1.5857026,17.056545,0.1612098014804937,,,,,,,,,,,,False,False
206043913501522304,,,NGC1664,72.79605102539062,43.66226577758789,1.6310441,16.957502,0.1949175661742445,,,,,,,,,,,,False,False
206043913501523712,,,NGC1664,72.79365539550781,43.66096496582031,1.6731660000000002,16.639423,0.2838124287234181,,,,,,,,,,,,False,False
206043943562600832,,,NGC1664,72.82465362548828,43.67204284667969,0.5777002999999999,11.759909,0.2428822611583406,,,,,,,,,,,,False,False
206043943562624512,,,NGC1664,72.81993103027344,43.67300415039063,1.3714042000000002,16.130716,0.1999084036988024,,,,,,,,,,,,False,False
206043977922362496,,,NGC1664,72.8322982788086,43.675872802734375,1.09055,15.120265,0.1148512685273799,,,,,,,,,,,,False,False
206043982220970368,,,NGC1664,72.83740997314453,43.68456268310547,1.506352,16.7271655,0.1702710722417514,,,,,,,,,,,,False,False
206043982220971776,,,NGC1664,72.83545684814453,43.68312454223633,1.0468433,13.996717,0.5826887726618689,,,,,,,,,,,,False,False
206044016580715392,,,NGC1664,72.8179931640625,43.68540191650391,1.6961219,17.249187,0.1797727127692404,,,,,,,,,,,,False,False
206044016580722688,,,NGC1664,72.81475067138672,43.67628479003906,1.2922264,16.051105,0.1408321167559409,,,,,,,,,,,,False,False
206044016580726784,,,NGC1664,72.8068618774414,43.67413330078125,1.0801378,14.370778,0.4679998150468193,,,,,,,,,,,,False,False
206044050940449408,,,NGC1664,72.823486328125,43.68822479248047,0.8704820400000001,13.987310499999998,0.0841196226380197,,,,,,,,,,,,False,False
206044184082440448,,,NGC1664,72.57437896728516,43.54864501953125,2.0214771,17.821737499999998,0.2077643470996108,,,,,,,,,,,,False,False
206044321521402624,,,NGC1664,72.60850524902344,43.57282257080078,1.5038659,16.152973,0.318671690164265,,,,,,,,,,,,False,False
206044390240871552,,,NGC1664,72.5566635131836,43.554595947265625,1.3016932,16.158664499999997,0.1269129363073617,,,,,,,,,,,,False,False
206044424600614400,,,NGC1664,72.5461654663086,43.5655517578125,1.6697581,17.1208535,0.1868328874519313,,,,,,,,,,,,False,False
206044493320094208,,,NGC1664,72.58161163330078,43.572601318359375,1.1427764,15.555732000000004,0.0628405219172061,,,,,,,,,,,,False,False
206044630759031168,,,NGC1664,72.63606262207031,43.5703125,0.44308535,11.833578,0.0969851669873624,,,,,,,,,,,,False,True
206044699478525952,,,NGC1664,72.6214828491211,43.57443618774414,1.3353516,16.245075000000003,0.1399329530026644,,,,,,,,,,,,False,False
206044836917492352,,,NGC1664,72.65934753417969,43.5990104675293,1.8148038,17.557519000000003,0.1820330594065032,,,,,,,,,,,,False,False
206044836917497600,,,NGC1664,72.64942932128906,43.60725402832031,1.8610455,17.826854,0.1679313495085135,,,,,,,,,,,,False,False
206044841214530048,,,NGC1664,72.6511459350586,43.599609375,1.3232681,16.2782385,0.1235503417237072,,,,,,,,,,,,False,False
206044978653493760,,,NGC1664,72.60458374023438,43.596778869628906,0.5684556399999999,12.790536,0.1585422831625101,,,,,,,,,,,,False,False
206045008716202496,,,NGC1664,72.63878631591797,43.62600326538086,1.0536947,14.906992,0.1197250424232103,,,,,,,,,,,,False,False
206045047372955776,,,NGC1664,72.6518325805664,43.61171722412109,0.47162977,12.275892,0.1137808579359813,,,,,,,,,,,,False,True
206045111795366400,,,NGC1664,72.65538787841797,43.6422119140625,0.4415053699999999,11.443612,0.08429158235611,42.72749,102.02823,2.3878826020437893,,,,,,,,,True,True
206045253531417728,,,NGC1664,72.52120971679688,43.58131408691406,1.0175126,14.474176500000002,0.2364854768908607,,,,,,,,,,,,False,False
206045317953822720,,,NGC1664,72.56975555419922,43.58712387084961,1.2782136999999998,15.768588,0.2090840283404645,,,,,,,,,,,,False,False
206045356610617088,,,NGC1664,72.59139251708984,43.60036087036133,0.8255939,13.805463,0.0816177830955889,,,,,,,,,,,,False,False
206045386673311744,,,NGC1664,72.56229400634766,43.60789489746094,1.1768845,14.879043,0.493604582744606,,,,,,,,,,,,False,False
206045700207986560,,,NGC1664,72.58424377441406,43.64525604248047,1.1898211,15.555509999999998,0.147929659950301,,,,,,,,,,,,False,False
206045798990194304,,,NGC1664,72.60465240478516,43.63857269287109,1.8548498,17.222029000000003,0.2415927390194491,,,,,,,,,,,,False,False
206045798990324096,,,NGC1664,72.61042785644531,43.63677215576172,2.3631505000000006,18.246794,0.2341623625819878,,,,,,,,,,,,False,False
206045803287202688,,,NGC1664,72.60617065429688,43.62929153442383,0.9168777,14.190686,0.0964522140189916,,,,,,,,,,,,False,False
206045872007957632,,,NGC1664,72.65055084228516,43.65240478515625,2.3890886,18.535572,0.2102852206885448,,,,,,,,,,,,False,False
206045902069418880,,,NGC1664,72.65950775146484,43.65092849731445,2.2300728000000003,17.994585,0.2360197745211836,,,,,,,,,,,,False,False
206045902069430912,,,NGC1664,72.6705093383789,43.65873718261719,0.7367324,13.325669,0.2468138919133521,,,,,,,,,,,,False,False
206045936429163136,,,NGC1664,72.6510009765625,43.65643310546875,1.7311381,17.051619000000002,0.2226507055409839,,,,,,,,,,,,False,False
206045970789022208,,,NGC1664,72.65218353271484,43.66544723510742,2.4272021,18.437926,0.2258383172111552,,,,,,,,,,,,False,False
206046112520718080,,,NGC1664,72.61868286132812,43.67029571533203,1.9821834,17.002877,0.3404513111003898,,,,,,,,,,,,False,False
206046181244297728,,,NGC1664,72.65003204345703,43.673927307128906,1.2049741,15.685171,0.1285513862283966,,,,,,,,,,,,False,False
206046284323527168,,,NGC1664,72.69454193115234,43.6143684387207,0.6813151,13.316637,0.0935382878556978,,,,,,,,,,,,False,False
206046314385305856,,,NGC1664,72.71696472167969,43.62310409545898,1.9421803,16.973707,0.3307107429349762,,,,,,,,,,,,False,False
206046318683251584,,,NGC1664,72.71844482421875,43.632659912109375,1.3280431,16.151138000000003,0.1533160542324041,,,,,,,,,,,,False,False
206046353042999424,,,NGC1664,72.6951675415039,43.62735748291016,0.67460054,13.198154000000002,0.1743557125260651,,,,,,,,,,,,False,False
206046383105745280,,,NGC1664,72.71156311035156,43.63490295410156,2.0896627,17.907548,0.2143784253678312,,,,,,,,,,,,False,False
206046387402718592,,,NGC1664,72.72294616699219,43.64635467529297,1.5193134,16.871136999999997,0.1555854831384107,,,,,,,,,,,,False,False
206046421762452480,,,NGC1664,72.74363708496094,43.64301300048828,1.2117382,15.758833,0.1167841082537129,,,,,,,,,,,,False,False
206046451825232000,,,NGC1664,72.74723052978516,43.64767456054688,1.2415071,15.566022,0.2363520693633877,,,,,,,,,,,,False,False
206046451825244544,,,NGC1664,72.75996398925781,43.66047668457031,1.8659893,17.574258999999998,0.1949362735649607,,,,,,,,,,,,False,False
206046456122177408,,,NGC1664,72.75877380371094,43.65822219848633,1.3750168,16.244399,0.1741188477085336,,,,,,,,,,,,False,False
206046490481922688,,,NGC1664,72.7375259399414,43.65776443481445,0.48511655,12.2790955,0.1332536849557959,,,,,,,,,,,,False,True
206046520544720512,,,NGC1664,72.7431411743164,43.65657043457031,1.0009132,14.245177000000002,0.3042350116839847,,,,,,,,,,,,False,False
206046559201425792,,,NGC1664,72.69330596923828,43.6372184753418,1.2365236000000002,15.824909500000002,0.1327664321595579,,,,,,,,,,,,False,False
206046559201427840,,,NGC1664,72.68827819824219,43.63572311401367,0.9404057999999998,13.854568,0.3887945087005787,,,,,,,,,,,,False,False
206046589264194048,,,NGC1664,72.7108154296875,43.65657806396485,1.3525826,16.188484000000003,0.1673886486649574,,,,,,,,,,,,False,False
206046589264203648,,,NGC1664,72.70985412597656,43.65131378173828,1.3909089,16.417856,0.1509268264024358,,,,,,,,,,,,False,False
206046593561149696,,,NGC1664,72.70682525634766,43.654972076416016,0.9544503,14.377637,0.1067920999000257,,,,,,,,,,,,False,False
206046696640350080,,,NGC1664,72.72683715820312,43.67010498046875,0.6554537,13.251407,0.0787903499029234,,,,,,,,,,,,False,False
206046731000068992,,,NGC1664,72.74907684326172,43.68843078613281,1.2112796,15.750268,0.118542559202427,,,,,,,,,,,,False,False
206046731000070784,,,NGC1664,72.75003814697266,43.68492889404297,0.46491978,12.665846,0.0108728987262014,,,,,,,,,,,,False,False
206046731000072448,,,NGC1664,72.74646759033203,43.68474197387695,1.9503046,17.5030905,0.2290194727323644,,,,,,,,,,,,False,False
206046864141132032,,,NGC1664,72.79776763916016,43.679344177246094,1.1879431,15.627404,0.1194517097263945,,,,,,,,,,,,False,False
206046932860664192,,,NGC1664,72.78612518310547,43.69865417480469,1.6889636,17.310054,0.1699394516735133,,,,,,,,,,,,False,False
206047001579509888,,,NGC1664,72.83331298828125,43.70088958740234,1.6212755,17.1377625,0.1655116870690374,,,,,,,,,,,,False,False
206047001579510016,,,NGC1664,72.83223724365234,43.70921325683594,1.6230684000000002,17.0525445,0.177327324763203,,,,,,,,,,,,False,False
206047005873697664,,,NGC1664,72.8353500366211,43.70635223388672,2.0729892,18.716177,0.1480410377180148,,,,,,,,,,,,False,False
206047005877936768,G17467632041077,39103020.0,NGC1664,72.83224487304688,43.70454788208008,1.3492181000000003,10.243607,0.3352451180975019,,,,5154.13,28.21,2.69,0.037,-0.006,0.02,-5.55192,,False,False
206047035936260864,,,NGC1664,72.81446838378906,43.70986557006836,0.6717908,12.3409415,0.4106810738847742,,,,,,,,,,,,False,False
206047070296001920,,,NGC1664,72.82392883300781,43.72090148925781,0.6376667,13.082755,0.1609758115381342,,,,,,,,,,,,False,False
206047070296002944,,,NGC1664,72.82898712158203,43.72688293457031,1.7808594999999998,17.491476499999997,0.1792122613203673,,,,,,,,,,,,False,False
206047104660188544,,,NGC1664,72.77381134033203,43.694480895996094,0.5263964999999999,11.691139000000002,0.1831607715699903,116.09555,109.28323,0.9413214373849816,,,,,,,,,True,True
206047104660305280,,,NGC1664,72.7623519897461,43.68768310546875,1.7460743,17.483954999999998,0.1694252939888847,,,,,,,,,,,,False,False
206046799719550592,,,NGC1664,72.7387924194336,43.68707656860352,1.1332603,15.395722499999998,0.0974097783988103,,,,,,,,,,,,False,False
206046799719551872,,,NGC1664,72.73725891113281,43.686954498291016,0.9124704,14.0981655,0.1349983075578953,,,,,,,,,,,,False,False
206046829782283008,,,NGC1664,72.7696762084961,43.67139053344727,0.4583690000000001,11.36082,0.0931863790578734,149.0521,147.20721,0.9876225158853851,,,,,,,,,True,True
206047104660400000,,,NGC1664,72.7701187133789,43.69485473632813,1.1765648,15.635357,0.0980487875996566,,,,,,,,,,,,False,False
206047108957178752,,,NGC1664,72.76875305175781,43.69871139526367,0.45378945,12.528702,0.0365343904020178,,,,,,,,,,,,False,False
206047143316901888,,,NGC1664,72.79098510742188,43.70835113525391,0.4813924499999999,10.583263,0.0186690262707963,,,,,,,,,,,,False,False
206047143316908544,,,NGC1664,72.77493286132812,43.70652389526367,0.43349144,11.159514,0.053209304957817,163.73622,74.58635,0.45552749416103533,,,,,,,,,True,True
206047143316914560,,,NGC1664,72.77499389648438,43.699195861816406,1.0075489,14.7278585,0.0787271220946366,,,,,,,,,,,,False,False
206047173378832128,,,NGC1664,72.76671600341797,43.70881271362305,0.8782574999999999,14.012379,0.0904645028973324,,,,,,,,,,,,False,False
206047173379791616,,,NGC1664,72.75497436523438,43.69650268554688,1.5339695,16.842651,0.1667821071768681,,,,,,,,,,,,False,False
206047177672472192,,,NGC1664,72.75694274902344,43.69637298583984,2.3227154,18.613586,0.1931468222646309,,,,,,,,,,,,False,False
206047177676649088,,,NGC1664,72.76533508300781,43.7096061706543,1.1468980000000002,15.452648,0.1043611847962205,,,,,,,,,,,,False,False
206047212036382080,,,NGC1664,72.7756576538086,43.711822509765625,1.1248691,14.693427,0.4326947333230639,,,,,,,,,,,,False,False
206047246396116352,,,NGC1664,72.79373931884766,43.708309173583984,0.87641294,14.0058145,0.089326570168824,,,,,,,,,,,,False,False
206047276454433920,,,NGC1664,72.81460571289062,43.73065948486328,1.5626736,16.968406,0.1626549471461324,,,,,,,,,,,,False,False
206047349475308928,,,NGC1664,72.81037902832031,43.73909378051758,1.1238640000000002,15.3946075,0.0777659693008585,,,,,,,,,,,,False,False
206047418194857856,,,NGC1664,72.70435333251953,43.67829513549805,1.2911125,16.019572999999998,0.147270425656025,,,,,,,,,,,,False,False
206047418194857984,,,NGC1664,72.69414520263672,43.683860778808594,0.6312834399999999,12.990168,0.1992663009713353,,,,,,,,,,,,False,False
206047448257677056,,,NGC1664,72.66656494140625,43.67925643920898,1.1061181,15.186463000000002,0.1236920905503988,,,,,,,,,,,,False,False
206047448257679616,,,NGC1664,72.67738342285156,43.68104553222656,1.5891636999999998,16.983677,0.1723298994145456,,,,,,,,,,,,False,False
206047486915653504,,,NGC1664,72.6943130493164,43.69778442382813,0.7400537999999999,13.476903999999998,0.1154644973562423,,,,,,,,,,,,False,False
206047521271764992,,,NGC1664,72.7254638671875,43.69543838500977,2.1525612,18.716144,0.1599968922594607,,,,,,,,,,,,False,False
206047555633777024,,,NGC1664,72.7440185546875,43.7139892578125,0.54708353,12.6579565,0.163537599290909,,,,,,,,,,,,False,False
206047585696651904,,,NGC1664,72.70976257324219,43.69748306274414,0.9494453,13.803628,0.4620507650363428,,,,,,,,,,,,False,False
206047585696663168,,,NGC1664,72.7153091430664,43.70894241333008,2.1193309999999994,17.870722999999998,0.2256836509977474,,,,,,,,,,,,False,False
206047589993535616,,,NGC1664,72.70692443847656,43.70177459716797,1.0780417,14.937094,0.1745509547620135,,,,,,,,,,,,False,False
206047624353252096,,,NGC1664,72.73582458496094,43.72168350219727,0.64808826,12.542414,0.3655430999717913,,,,,,,,,,,,False,False
206047658713024768,,,NGC1664,72.68128967285156,43.69508361816406,0.9744374,14.508162,0.0967500097905734,,,,,,,,,,,,False,False
206047693072744064,,,NGC1664,72.69871520996094,43.716453552246094,1.3212651,15.403764,0.4923117586267075,,,,,,,,,,,,False,False
206047723135479040,,,NGC1664,72.66009521484375,43.6977424621582,0.47883955,12.156635,0.1342296396045388,,,,,,,,,,,,False,True
206047761792225664,,,NGC1664,72.68714141845703,43.71632385253906,0.77690876,13.5493275,0.1586860719717988,,,,,,,,,,,,False,False
206047796151959936,,,NGC1664,72.70866394042969,43.70927429199219,2.0525606,16.980331000000003,0.3777763697315618,,,,,,,,,,,,False,False
206047826213867776,,,NGC1664,72.72799682617188,43.72641754150391,0.95116595,13.542785,0.7081323979118709,,,,,,,,,,,,False,False
206047830511682688,,,NGC1664,72.72769927978516,43.72586441040039,1.218314,15.688995,0.1481760347032358,,,,,,,,,,,,False,False
206047860573609856,,,NGC1664,72.70313262939453,43.73131942749024,1.3521152,16.0732435,0.1971314819278913,,,,,,,,,,,,False,False
206047894937339904,,,NGC1664,72.71955108642578,43.73332977294922,0.6360376,12.937159499999998,0.234940622376656,,,,,,,,,,,,False,False
206047899226923776,,,NGC1664,72.73373413085938,43.746238708496094,1.0502499,14.189183999999996,0.4686961143264994,,,,,,,,,,,,False,False
206047899231148288,,,NGC1664,72.72479248046875,43.74263381958008,1.6401383,17.104778000000003,0.1772180873025629,,,,,,,,,,,,False,False
206047899231152000,,,NGC1664,72.71969604492188,43.73957824707031,0.7923113399999999,13.668671,0.0946656204244953,,,,,,,,,,,,False,False
206048002310367616,,,NGC1664,72.74588012695312,43.72354888916016,0.8985545999999999,13.9613895,0.1824221277558275,,,,,,,,,,,,False,False
206048071027518464,,,NGC1664,72.78977966308594,43.74567031860352,2.1642379000000003,18.6260615,0.1672936286798262,,,,,,,,,,,,False,False
206048101088162688,,,NGC1664,72.8123550415039,43.75161361694336,1.9337958,17.6795325,0.2015187885186256,,,,,,,,,,,,False,False
206048174109296256,,,NGC1664,72.81172180175781,43.764305114746094,1.0918146000000002,15.210913499999998,0.0762701171864467,,,,,,,,,,,,False,False
206048208468786304,,,NGC1664,72.748291015625,43.741302490234375,1.3071058,16.103424,0.1439165389031029,,,,,,,,,,,,False,False
206048311547987328,,,NGC1664,72.75672912597656,43.76178741455078,1.2852375,15.4367275,0.3935900489491452,,,,,,,,,,,,False,False
206048341611003264,,,NGC1664,72.7801742553711,43.76595687866211,1.3657575,16.397850499999997,0.1360767061773571,,,,,,,,,,,,False,False
206048380263152640,,,NGC1664,72.81197357177734,43.77999496459961,2.2177999,18.434707,0.1898723546734635,,,,,,,,,,,,False,False
206048380267436544,,,NGC1664,72.8046875,43.78063201904297,1.2942913,15.812161999999995,0.2150558423172109,,,,,,,,,,,,False,False
206048547767548416,,,NGC1664,72.8786849975586,43.62612915039063,1.3991286,16.390096,0.162209690362145,,,,,,,,,,,,False,False
206048620785648128,,,NGC1664,72.91432189941406,43.64190673828125,1.4960276,15.911905,0.4270669515621815,,,,,,,,,,,,False,False
206048925724844544,,,NGC1664,72.93070220947266,43.68463897705078,1.9009703,17.758513999999998,0.1843698310317667,,,,,,,,,,,,False,False
206048930023266560,,,NGC1664,72.93522644042969,43.67869186401367,0.5461176,12.175437,0.2262580553642459,,,,,,,,,,,,False,False
206048960084575872,,,NGC1664,72.89833068847656,43.673606872558594,1.0653377999999998,14.993941,0.1083282352799007,,,,,,,,,,,,False,False
206048964383008000,,,NGC1664,72.90719604492188,43.68782424926758,1.1062409,14.967403999999998,0.2394489668321532,,,,,,,,,,,,False,False
206049063163798784,,,NGC1664,72.98269653320312,43.687259674072266,1.2222507,15.910316000000002,0.093395703901355,,,,,,,,,,,,False,False
206049131883281408,,,NGC1664,72.9662094116211,43.69405746459961,1.6172206000000002,17.008841999999998,0.1810106296213124,,,,,,,,,,,,False,False
206049170541412608,,,NGC1664,72.98721313476562,43.68547439575195,1.0702483,15.034993,0.1014036301389901,,,,,,,,,,,,False,False
206049338041723264,,,NGC1664,72.96875,43.714881896972656,1.4238129000000002,15.798429,0.3993609650099259,,,,,,,,,,,,False,False
206049617218045824,,,NGC1664,72.8906021118164,43.68269348144531,1.2193238,15.597146,0.1837727422925355,,,,,,,,,,,,False,False
206049647281056768,,,NGC1664,72.85504150390625,43.680171966552734,1.061327,14.95438,0.1172097244567155,,,,,,,,,,,,False,False
206049651577796224,,,NGC1664,72.86289978027344,43.67682647705078,1.0661917,15.042573,0.0862890760939775,,,,,,,,,,,,False,False
206049651577796992,,,NGC1664,72.85638427734375,43.6801986694336,0.9878044,13.939079,0.4586926939612238,,,,,,,,,,,,False,False
206049651577800448,,,NGC1664,72.85102844238281,43.67695999145508,1.2898483,16.020737,0.1456105664974055,,,,,,,,,,,,False,False
206049651577800960,,,NGC1664,72.8573989868164,43.67290496826172,0.7233505,13.181587,0.3147821171350821,,,,,,,,,,,,False,False
206049789016726400,,,NGC1664,72.888671875,43.70449447631836,0.45264218,11.779543,0.1073288954196284,113.7614,169.68748,1.49160857725028,,,,,,,,,True,True
206049887797530368,,,NGC1664,72.8709487915039,43.70698547363281,1.6564452,17.079141,0.1873860287973193,,,,,,,,,,,,False,False
206049926455684480,,,NGC1664,72.85762023925781,43.713829040527344,1.0158134,14.3617795,0.2895649361906873,,,,,,,,,,,,False,False
206049926455692672,,,NGC1664,72.8505630493164,43.70192337036133,1.2725845,15.9688355,0.1392948080528582,,,,,,,,,,,,False,False
206050063894618240,,,NGC1664,72.88787841796875,43.72955322265625,0.9893427,14.516725,0.1347058103863027,,,,,,,,,,,,False,False
206050098254350080,,,NGC1664,72.90180969238281,43.73301315307617,1.0718981,14.9924155,0.1277985151229409,,,,,,,,,,,,False,False
206050197035151488,,,NGC1664,72.9244613647461,43.73027420043945,0.65554714,13.335452,0.0004376305373448,,,,,,,,,,,,False,False
206049720297257984,,,NGC1664,72.89167785644531,43.68820190429688,0.86605433,13.86016,0.1611483492300441,,,,,,,,,,,,False,False
206050201333549696,,,NGC1664,72.94147491455078,43.73555755615234,1.4544468,16.658684,0.1518738157552231,,,,,,,,,,,,False,False
206050815510491008,,,NGC1664,73.05628967285156,43.7419319152832,1.4253616,16.506475000000002,0.1589051154120838,,,,,,,,,,,,False,False
206051365266140160,,,NGC1664,73.14293670654297,43.79796600341797,2.2338124,18.490207,0.1882159384296711,,,,,,,,,,,,False,False
206051537065037312,,,NGC1664,73.10636138916016,43.80250930786133,2.0428027,18.0042585,0.1936515465936431,,,,,,,,,,,,False,False
206051674504013056,,,NGC1664,73.15557098388672,43.83183288574219,2.1320945,18.2811285,0.1869667378574993,,,,,,,,,,,,False,False
206052056759369984,,,NGC1664,72.99767303466797,43.79298782348633,1.0586042000000002,15.0713585,0.0514183339857762,,,,,,,,,,,,False,False
206052155540341120,,,NGC1664,73.02015686035156,43.82043838500977,1.3266632,16.2879295,0.1246522750108907,,,,,,,,,,,,False,False
206052877094770560,,,NGC1664,72.83982849121094,43.70769500732422,1.016608,14.698969000000002,0.1196700304214308,,,,,,,,,,,,False,False
206053087551574272,,,NGC1664,72.88613891601562,43.765724182128906,1.8804779000000005,17.110702,0.2724669944818579,,,,,,,,,,,,False,False
206053087551587968,,,NGC1664,72.8732681274414,43.75016021728516,1.1027412,15.329958,0.054794530581486,,,,,,,,,,,,False,False
206053156271075712,,,NGC1664,72.84378814697266,43.74802017211914,1.3608671,16.2553485,0.1595856366173035,,,,,,,,,,,,False,False
206053190630804224,,,NGC1664,72.85717010498047,43.756324768066406,0.8802186599999999,13.8915295,0.1793766011313946,,,,,,,,,,,,False,False
206053220689180544,,,NGC1664,72.83418273925781,43.75622940063477,1.8210689,17.4665585,0.1944415020577168,,,,,,,,,,,,False,False
206053358132806016,,,NGC1664,72.86396026611328,43.76836013793945,2.3538666000000004,18.242868,0.2328129589874751,,,,,,,,,,,,False,False
206053529931498240,,,NGC1664,72.9288101196289,43.78340148925781,1.4592342000000005,16.709568,0.1470445588528089,,,,,,,,,,,,False,False
206053701725529728,,,NGC1664,72.91031646728516,43.78352355957031,1.0265227999999995,14.8161155,0.0877218576300469,,,,,,,,,,,,False,False
206053740386565760,,,NGC1664,72.92325592041016,43.80681228637695,0.9217282999999998,14.4346865,-0.0156395570307434,,,,,,,,,,,,False,False
206053980904791424,,,NGC1664,72.82972717285156,43.76454925537109,1.2562229,14.9751985,0.6648277938106296,,,,,,,,,,,,False,False
206054079682654080,,,NGC1664,72.84842681884766,43.79011535644531,1.5190849000000002,16.772054,0.1699336181675367,,,,,,,,,,,,False,False
206054255782683648,,,NGC1664,72.82083129882812,43.79576873779297,1.464522,16.6314705,0.1621130845505574,,,,,,,,,,,,False,False
206054290142407296,,,NGC1664,72.84921264648438,43.80356216430664,0.6238266,12.8366805,0.2503051393360756,,,,,,,,,,,,False,False
206054324502159744,,,NGC1664,72.80864715576172,43.805572509765625,1.0908049,14.883479,0.2401837302838088,,,,,,,,,,,,False,False
206054530660543744,,,NGC1664,72.91360473632812,43.82036209106445,0.57760524,12.992459,0.0780612030903724,,,,,,,,,,,,False,False
206054874257920000,,,NGC1664,72.89010620117188,43.850318908691406,1.323867,16.108543500000003,0.1593105642837419,,,,,,,,,,,,False,False
206055316636304256,,,NGC1664,73.03849029541016,43.8686752319336,1.1681977999999995,15.6634935,0.0764899292963337,,,,,,,,,,,,False,False
206057412581765760,,,NGC1664,72.55450439453125,43.64196014404297,1.0396865000000002,14.8192685,0.1244707629760391,,,,,,,,,,,,False,False
206057481301400960,,,NGC1664,72.54383087158203,43.65933227539063,1.6692809000000002,16.478316000000003,0.3306798657025829,,,,,,,,,,,,False,False
206057584380464128,,,NGC1664,72.52532196044922,43.65261459350586,1.8464107,17.482171,0.2002942414271384,,,,,,,,,,,,False,False
206057726116410240,,,NGC1664,72.55992889404297,43.67516326904297,1.6262229,16.7593425,0.2288268147482383,,,,,,,,,,,,False,False
206057756179284864,,,NGC1664,72.53227996826172,43.67791366577149,1.612205,17.0176005,0.1775992784707306,,,,,,,,,,,,False,False
206057829195621248,,,NGC1664,72.595458984375,43.66638946533203,0.87916935,13.862673,0.1984779858292477,,,,,,,,,,,,False,False
206057966634558720,,,NGC1664,72.62738800048828,43.68546295166016,0.75647156,13.513957,0.1295171673774856,,,,,,,,,,,,False,False
206058031057124352,,,NGC1664,72.63288116455078,43.70661163330078,1.2943858,16.075781000000003,0.1373762145841188,,,,,,,,,,,,False,False
206058065416875904,,,NGC1664,72.6430435180664,43.721187591552734,1.2405214000000002,15.743029000000002,0.1636209210424251,,,,,,,,,,,,False,False
206058099776584320,,,NGC1664,72.57794189453125,43.69353103637695,1.8712802,16.806569500000002,0.3442782459066604,,,,,,,,,,,,False,False
206058138433244288,,,NGC1664,72.60227966308594,43.709999084472656,0.79939544,13.724828,0.0671248925562876,,,,,,,,,,,,False,False
206058138433251072,,,NGC1664,72.60059356689453,43.699501037597656,1.35922,16.272660499999997,0.154533992697095,,,,,,,,,,,,False,False
206058168496080128,,,NGC1664,72.57978820800781,43.71027755737305,1.5984168,17.028304499999997,0.1702287303667571,,,,,,,,,,,,False,False
206058310231927424,,,NGC1664,72.60598754882812,43.7234992980957,0.7688921999999999,13.633946,0.0525998491498357,,,,,,,,,,,,False,False
206058413307097600,,,NGC1664,72.51100158691406,43.68296813964844,2.2428832,18.6315585,0.1792636336097652,,,,,,,,,,,,False,False
206058550750121856,,,NGC1664,72.56059265136719,43.70265197753906,0.8790450000000002,14.0610995,0.0631585243186408,,,,,,,,,,,,False,False
206058791268294528,,,NGC1664,72.52440643310547,43.71082305908203,1.318085,16.1035045,0.1547992212494325,,,,,,,,,,,,False,False
206058859987763712,,,NGC1664,72.52729034423828,43.72895812988281,1.4374119,16.587683000000002,0.1528608664639985,,,,,,,,,,,,False,False
206058890050616192,,,NGC1664,72.54762268066406,43.753517150878906,1.5387703,16.881909,0.1634563553915734,,,,,,,,,,,,False,False
206059164927521408,,,NGC1664,72.62188720703125,43.76848602294922,0.5186852,11.6217915,0.1705668023118001,227.36641,126.2964,0.5554751909044084,,,,,,,,,True,True
206059203585131520,,,NGC1664,72.5553970336914,43.74105453491211,1.2748752,16.0788565,0.1168000762188339,,,,,,,,,,,,False,False
206059478463020416,,,NGC1664,72.66239166259766,43.71100997924805,1.2285451,15.401572000000002,0.2973166577811083,,,,,,,,,,,,False,False
206059512822736256,,,NGC1664,72.68283081054688,43.737525939941406,0.48161747,11.3786805,0.1153297156955578,232.35388,90.38145,0.3889818840124383,,,,,,,,,True,True
206059512822746240,,,NGC1664,72.67789459228516,43.72303009033203,1.0171469,14.566733,0.1882135560560521,,,,,,,,,,,,False,False
206059581542208256,,,NGC1664,72.68893432617188,43.74232482910156,1.0781445999999997,15.0339085,0.1240804776167306,,,,,,,,,,,,False,False
206059650261660160,,,NGC1664,72.72395324707031,43.75983810424805,1.4147823,15.702402,0.445942734427609,,,,,,,,,,,,False,False
206059749043087232,,,NGC1664,72.64590454101562,43.73968505859375,2.1316566,18.267607,0.1880174261085807,,,,,,,,,,,,False,False
206059753340906752,,,NGC1664,72.66219329833984,43.74636459350586,1.5360429999999998,16.534636000000003,0.2257794779277094,,,,,,,,,,,,False,False
206059856420097920,,,NGC1664,72.67743682861328,43.77480697631836,0.55824655,12.910133000000002,0.083503284066587,,,,,,,,,,,,False,False
206059886482055168,,,NGC1664,72.69087219238281,43.75888442993164,1.3806456,16.201975,0.1894028373782979,,,,,,,,,,,,False,False
206059890775611392,,,NGC1664,72.69503021240234,43.77141952514648,1.6665076,16.910609,0.2192553056747826,,,,,,,,,,,,False,False
206059993859025664,,,NGC1664,72.71530151367188,43.79754257202149,0.48647297,11.334546,0.1151141778508097,251.1592,88.8139,0.35361595354659514,,,,,,,,,True,True
206059993859035392,,,NGC1664,72.69583892822266,43.79117584228516,0.9936179,14.568097000000002,0.1208115081040707,,,,,,,,,,,,False,False
206060028218779264,,,NGC1664,72.73480987548828,43.75910186767578,1.1010233,15.147328,0.1294019455249026,,,,,,,,,,,,False,False
206060161359992704,,,NGC1664,72.76754760742188,43.78899002075195,1.4934631,15.9504565,0.4023729208373279,,,,,,,,,,,,False,False
206060195716086528,,,NGC1664,72.7906494140625,43.79762649536133,2.1094747000000003,18.0612245,0.2024844748794597,,,,,,,,,,,,False,False
206060195716089984,,,NGC1664,72.79671478271484,43.80302047729492,1.8863741,17.6652995,0.1903330863723446,,,,,,,,,,,,False,False
206060303096663040,,,NGC1664,72.73429870605469,43.80270767211914,1.1084943,15.097145499999998,0.1750066312525322,,,,,,,,,,,,False,False
206060406171580160,,,NGC1664,72.74559783935547,43.81964874267578,1.8712755,17.0628745,0.2788106569349066,,,,,,,,,,,,False,False
206060406175860864,,,NGC1664,72.74346160888672,43.82428741455078,0.97393164,14.445779500000002,0.1271889309123146,,,,,,,,,,,,False,False
206060436237941376,,,NGC1664,72.76848602294922,43.82260894775391,1.6383512000000002,16.60373,0.2726112562924596,,,,,,,,,,,,False,False
206060504957421952,,,NGC1664,72.76296997070312,43.82447814941406,1.0140646,14.502793,0.2119920475509402,,,,,,,,,,,,False,False
206060509255075200,,,NGC1664,72.75471496582031,43.820011138916016,0.7999587,13.560576499999998,0.2199969774660415,,,,,,,,,,,,False,False
206060543614784384,,,NGC1664,72.78292846679688,43.850399017333984,1.307529,16.0518065,0.1567157482708414,,,,,,,,,,,,False,False
206060577974610944,,,NGC1664,72.65495300292969,43.775657653808594,0.9995819,14.433569999999998,0.2064354590415684,,,,,,,,,,,,False,False
206060642396312832,,,NGC1664,72.63309478759766,43.77414321899414,1.9393004,17.610778000000003,0.2113268724027044,,,,,,,,,,,,False,False
206060681053817344,,,NGC1664,72.65494537353516,43.79091644287109,1.1719244999999998,15.575204,0.1089580891291944,,,,,,,,,,,,False,False
206060784133017088,,,NGC1664,72.68118286132812,43.80051803588867,1.3053708,15.527288499999996,0.3741621905735235,,,,,,,,,,,,False,False
206060848554700544,,,NGC1664,72.63880920410156,43.78849029541016,0.3957852,11.853297,0.042865980868658,9.045259,87.88785,9.716454774816288,,,,,,,,,True,True
206061054716661504,,,NGC1664,72.66172790527344,43.82997131347656,1.8683828,17.7277065,0.1790553205989247,,,,,,,,,,,,False,False
206061089072991232,,,NGC1664,72.68328094482422,43.84273147583008,1.5082215,16.7312165,0.1706342005946773,,,,,,,,,,,,False,False
206061467030124928,,,NGC1664,72.70298767089844,43.85310745239258,2.0795583,18.1804245,0.1853119605315051,,,,,,,,,,,,False,False
206061638825165312,,,NGC1664,72.76341247558594,43.885013580322266,1.504722,16.506461499999997,0.2117208909484526,,,,,,,,,,,,False,False
206061780566822272,,,NGC1664,72.49989318847656,43.73800277709961,1.0699660999999998,15.1114635,0.0637592652708769,,,,,,,,,,,,False,False
206061814925255424,,,NGC1664,72.5261459350586,43.74567031860352,1.0726509000000002,14.980986499999998,0.1358906008471371,,,,,,,,,,,,False,False
206061265169310592,,,NGC1664,72.7487564086914,43.83780288696289,0.41405615,11.5930335,0.0641587748554408,,,,,,,,,,,,False,True
206061986723954304,,,NGC1664,72.49261474609375,43.75090789794922,1.0348473,14.9882095,0.0242737254361165,,,,,,,,,,,,False,False
206061986723958400,,,NGC1664,72.4857406616211,43.74632263183594,1.7690197999999997,17.353340499999998,0.1918733859307748,,,,,,,,,,,,False,False
206062021083698688,,,NGC1664,72.46466064453125,43.75236892700195,0.7377374,12.7893615,0.4884848258460529,,,,,,,,,,,,False,False
206062154224809216,,,NGC1664,72.51187133789062,43.78384399414063,1.2905484,15.9454125,0.1664565993394231,,,,,,,,,,,,False,False
206062227242089216,,,NGC1664,72.56424713134766,43.76902770996094,1.2751387,15.868151,0.1706061629066713,,,,,,,,,,,,False,False
206062330321291776,,,NGC1664,72.56988525390625,43.78713989257813,0.9210248,14.0866895,0.1655724322906119,,,,,,,,,,,,False,False
206062433400482944,,,NGC1664,72.59548950195312,43.810096740722656,0.8647037000000001,13.9938295,0.0634061946812266,,,,,,,,,,,,False,False
206062811357668864,,,NGC1664,72.47551727294922,43.77265930175781,0.5342112,10.7372965,0.0657528710747887,186.30383,12.793652,0.06867090172005588,,,,,,,,,True,False
206062845717408384,,,NGC1664,72.45851135253906,43.77989196777344,1.6342011,16.2891855,0.3768307929763703,,,,,,,,,,,,False,False
206063253736493056,,,NGC1664,72.49796295166016,43.830078125,1.1299644000000002,15.02385,0.275119355637925,,,,,,,,,,,,False,False
206063326749508480,,,NGC1664,72.54088592529297,43.81863403320313,2.3601585,18.8603645,0.1811579978292941,,,,,,,,,,,,False,False
206063635991323008,,,NGC1664,72.5437240600586,43.845924377441406,0.6885123400000001,13.309992499999998,0.1204243876089067,,,,,,,,,,,,False,False
206063940931251200,,,NGC1664,72.6221923828125,43.82209014892578,0.9138236,14.275936499999998,0.0439341801954473,,,,,,,,,,,,False,False
206064151387382272,,,NGC1664,72.61235809326172,43.83319091796875,1.5727592,16.928303500000002,0.1727997847198728,,,,,,,,,,,,False,False
206064421967637248,,,NGC1664,72.70303344726562,43.86219787597656,1.6737371,17.2191125,0.1753782459702091,,,,,,,,,,,,False,False
206064735502854528,,,NGC1664,72.7199935913086,43.908470153808594,0.5480221000000001,12.7632075,0.1295709160805317,,,,,,,,,,,,False,False
206064976021080832,,,NGC1664,72.61579895019531,43.87219619750977,0.8964763,14.0819645,0.0997514983125216,,,,,,,,,,,,False,False
206065147815412224,,,NGC1664,72.67243957519531,43.90828323364258,1.8739923,17.6969415,0.1836470976305131,,,,,,,,,,,,False,False
206065285258707840,,,NGC1664,72.61906433105469,43.899505615234375,0.92142727,14.101788499999998,0.1578788172343047,,,,,,,,,,,,False,False
206065663215770240,,,NGC1664,72.71910095214844,43.94454956054688,1.2391002999999998,15.5636265,0.2331697670844414,,,,,,,,,,,,False,False
206065663215776640,,,NGC1664,72.71368408203125,43.93429183959961,1.7634189999999998,16.4369545,0.4121872969016714,,,,,,,,,,,,False,False
206066109892402304,,,NGC1664,72.82430267333984,43.82270431518555,0.7588041,13.474058,0.176006852371009,,,,,,,,,,,,False,False
206066522209222016,,,NGC1664,72.85546875,43.87862014770508,0.4342443,12.3501835,0.0464896774021661,,,,,,,,,,,,False,True
206067106324734080,,,NGC1664,72.90727233886719,43.92189407348633,1.1411487,15.3296415,0.1421998180161435,,,,,,,,,,,,False,False
206068167175572096,,,NGC1664,72.9201889038086,43.9798469543457,1.6246031,17.081193,0.1740763681793392,,,,,,,,,,,,False,False
206068308915545856,,,NGC1664,72.9801025390625,43.93609237670898,2.0246162,17.762686,0.2154341434899942,,,,,,,,,,,,False,False
206068579492403840,,,NGC1664,72.97940826416016,43.95828247070313,2.2176132,18.448597,0.1887311917925481,,,,,,,,,,,,False,False
206068755592117120,,,NGC1664,72.99524688720703,43.97957229614258,0.6685127,13.2832265,0.0871689277377975,,,,,,,,,,,,False,False
206069408427154432,,,NGC1664,72.96440887451172,43.979400634765625,1.0456851,14.3298495,0.3906368430972523,,,,,,,,,,,,False,False
206070022601534208,,,NGC1664,73.0232925415039,44.0336799621582,0.99947676,13.3945525,0.9771781411246424,,,,,,,,,,,,False,False
206070537997443456,,,NGC1664,72.76342010498047,43.9238395690918,1.969281,17.8291875,0.1941729579680074,,,,,,,,,,,,False,False
206071087753337728,,,NGC1664,72.84991455078125,43.98420715332031,1.628017,17.0318195,0.1823293778647353,,,,,,,,,,,,False,False
206071225192328448,,,NGC1664,72.87578582763672,44.00503158569336,1.6303515999999998,17.0199405,0.1850492282237668,,,,,,,,,,,,False,False
206071500070259968,,,NGC1664,72.87550354003906,44.02260208129883,1.841188,17.5741185,0.1878221745521468,,,,,,,,,,,,False,False
206071912387092992,,,NGC1664,72.74656677246094,44.0079345703125,2.0424832,17.868898499999997,0.2075785310713433,,,,,,,,,,,,False,False
206073772109383296,,,NGC1664,72.90702056884766,44.06609344482422,2.309566,18.6064885,0.1916101887406436,,,,,,,,,,,,False,False
206074905985310464,,,NGC1664,73.1895751953125,43.818058013916016,1.0985925,15.263292,0.0709268160862545,,,,,,,,,,,,False,False
206075490100814848,,,NGC1664,73.25108337402344,43.87422943115234,1.5502765,16.739963000000003,0.1919305107135868,,,,,,,,,,,,False,False
206110227796555008,,,NGC1664,72.50532531738281,43.85976028442383,0.8610137,13.7768515,0.2142638006716342,,,,,,,,,,,,False,False
206110704535251200,,,NGC1664,72.53329467773438,43.89433288574219,1.8433679,17.5312795,0.1933928382340803,,,,,,,,,,,,False,False
206111254291584256,,,NGC1664,72.438720703125,43.887786865234375,2.1744743,18.752533,0.1611394113593549,,,,,,,,,,,,False,False
206111327308158720,,,NGC1664,72.48487854003906,43.91010665893555,1.5274213,16.793121499999998,0.1709790656606472,,,,,,,,,,,,False,False
206111975845620352,,,NGC1664,72.4930191040039,43.93472671508789,2.0052162,17.626648,0.2276573602594264,,,,,,,,,,,,False,False
206112147644366080,,,NGC1664,72.55870056152344,43.98084259033203,2.0234426,18.0518875,0.1850116374843812,,,,,,,,,,,,False,False
206112392459986048,,,NGC1664,72.62432098388672,43.93654251098633,0.7219891700000001,13.3092835,0.217767341943101,,,,,,,,,,,,False,False
206113010935212800,,,NGC1664,72.69612121582031,44.00782012939453,1.6318715999999998,17.0188045,0.1858681623144526,,,,,,,,,,,,False,False
206113075357747584,,,NGC1664,72.65265655517578,43.97960662841797,2.4166447,18.6281355,0.2067707817059421,,,,,,,,,,,,False,False
206113285813112320,,,NGC1664,72.68921661376953,44.0251579284668,0.72811446,13.3574265,0.1938009849528272,,,,,,,,,,,,False,False
206115244317579648,,,NGC1664,72.52521514892578,44.01587677001953,1.2022431,14.8929085,0.5598154919866517,,,,,,,,,,,,False,False
203785928933280768,,,NGC1664,72.5216293334961,43.26992034912109,1.8542554,16.5667325,0.4187168582269068,,,,,,,,,,,,False,False
203787646920183680,,,NGC1664,72.54423522949219,43.36204147338867,1.87846,17.5667275,0.1994236403479787,,,,,,,,,,,,False,False
203787848782612608,,,NGC1664,72.56837463378906,43.39178085327149,1.5059452,16.8121355,0.1571576239763769,,,,,,,,,,,,False,False
204537651290120064,,,NGC1664,72.40103149414062,43.38513565063477,0.6512897,13.0876595,0.1909707328678381,,,,,,,,,,,,False,False
204538544643258112,,,NGC1664,72.55867767333984,43.42089080810547,1.2431262,15.813001500000002,0.1451283759763639,,,,,,,,,,,,False,False
204538613362750080,,,NGC1664,72.5307846069336,43.40719985961914,0.63940147,13.2176285,0.0641753938570254,,,,,,,,,,,,False,False
204539399336373376,,,NGC1664,72.50325775146484,43.42353057861328,1.9294243000000004,17.269383499999996,0.260109772510553,,,,,,,,,,,,False,False
204540498850044672,,,NGC1664,72.33223724365234,43.36532974243164,1.65921,17.0016295,0.2003195870118782,,,,,,,,,,,,False,False
204541495282703232,,,NGC1664,72.2858657836914,43.43240356445313,2.0897334,18.1058885,0.1940348041545367,,,,,,,,,,,,False,False
204541632721646464,,,NGC1664,72.33821868896484,43.42911911010742,1.9767917,17.9660625,0.1825627374636077,,,,,,,,,,,,False,False
204542049336603264,,,NGC1664,72.3556137084961,43.47467041015625,1.2846549000000005,15.865907500000002,0.1835164892635989,,,,,,,,,,,,False,False
204542148119853824,,,NGC1664,72.39933013916016,43.42129898071289,2.0431327,17.2971455,0.294696040641163,,,,,,,,,,,,False,False
204543080128699392,,,NGC1664,72.48992919921875,43.51713562011719,1.2112243,15.512605499999998,0.2053473644568753,,,,,,,,,,,,False,False
204543453788100864,,,NGC1664,72.42595672607422,43.51469039916992,2.239111,17.8203635,0.2613871719340785,,,,,,,,,,,,False,False
204543591227021568,,,NGC1664,72.37039947509766,43.50706481933594,1.6863006,17.1352385,0.1913254428817686,,,,,,,,,,,,False,False
204543900464787584,,,NGC1664,72.47140502929688,43.53706741333008,1.7064512,17.3147515,0.1754121576582306,,,,,,,,,,,,False,False
204555754575941888,,,NGC1664,72.40540313720703,43.57868194580078,2.3713438999999994,18.6192915,0.2003725745115223,,,,,,,,,,,,False,False
204555827591632000,,,NGC1664,72.3879165649414,43.578800201416016,1.1612456000000002,15.558058000000004,0.0954644426615521,,,,,,,,,,,,False,False
204555861951364480,,,NGC1664,72.40645599365234,43.58558654785156,1.2112067000000002,15.7391415,0.1216464015804467,,,,,,,,,,,,False,False
204555995092900480,,,NGC1664,72.45085906982422,43.59387588500977,1.6557639000000002,17.1499715,0.1774036630198586,,,,,,,,,,,,False,False
204556033750038528,,,NGC1664,72.48189544677734,43.5967025756836,1.3124202000000005,16.0742345,0.1561947773736784,,,,,,,,,,,,False,False
204556579208458880,,,NGC1664,72.3958740234375,43.59748840332031,1.7175372000000002,17.352956499999998,0.1747038116250561,,,,,,,,,,,,False,False
204556682287768448,,,NGC1664,72.40961456298828,43.62507247924805,1.6756724,17.17281,0.1820522288378125,,,,,,,,,,,,False,False
204556824024036864,,,NGC1664,72.36437225341797,43.61917495727539,1.6497344,17.313546,0.1560463159376027,,,,,,,,,,,,False,False
204556922805947520,,,NGC1664,72.37919616699219,43.62932968139648,1.9281234,18.059739,0.1640071033194264,,,,,,,,,,,,False,False
204557030182450048,,,NGC1664,72.43341827392578,43.62980651855469,0.8256462999999999,13.786899,0.0967204810743226,,,,,,,,,,,,False,False
204557197685031296,,,NGC1664,72.46272277832031,43.66474914550781,2.10054,18.849782,0.1452905613667535,,,,,,,,,,,,False,False
204557266400829312,,,NGC1664,72.42120361328125,43.653358459472656,0.403942,12.32754,0.0046640839715654,,,,,,,,,,,,False,True
204557884878363648,,,NGC1664,72.17955017089844,43.55642318725586,1.6280368,17.353430499999998,0.1447252716222342,,,,,,,,,,,,False,False
204557992255187456,,,NGC1664,72.23562622070312,43.58290100097656,1.5075991000000002,16.6255955,0.1887997261213719,,,,,,,,,,,,False,False
204558262835672704,,,NGC1664,72.31977081298828,43.60873794555664,1.9901297,17.307058499999997,0.2743569387799789,,,,,,,,,,,,False,False
204558610730433408,,,NGC1664,72.30834197998047,43.64612197875977,1.0738191,15.143383,0.0595600281787223,,,,,,,,,,,,False,False
204559053109685632,,,NGC1664,72.18830871582031,43.619102478027344,1.3579381,15.9158145,0.2570532092585555,,,,,,,,,,,,False,False
204558950030426752,,,NGC1664,72.19107055664062,43.60575866699219,1.4647351,16.580193499999996,0.1710715264684513,,,,,,,,,,,,False,False
204560053836589312,,,NGC1664,72.35415649414062,43.657901763916016,2.1457108000000003,18.647106,0.1630807012529675,,,,,,,,,,,,False,False
204560466151902080,,,NGC1664,72.46049499511719,43.70065307617188,1.7451194000000003,17.2667845,0.1950168841847125,,,,,,,,,,,,False,False
204560599298207232,,,NGC1664,72.42533111572266,43.71442031860352,2.0635167,18.0107515,0.1975651929841904,,,,,,,,,,,,False,False
204560706674430208,,,NGC1664,72.43936920166016,43.71651077270508,1.3661003000000005,16.112315499999998,0.1999439044977417,,,,,,,,,,,,False,False
204560981552357632,,,NGC1664,72.34683990478516,43.69401550292969,1.2573485999999998,16.1163055,0.0922766846616477,,,,,,,,,,,,False,False
204561595730744064,,,NGC1664,72.42510986328125,43.75997161865234,1.4376886,16.337199499999997,0.2032858668613905,,,,,,,,,,,,False,False
204561668747104896,,,NGC1664,72.37940216064453,43.74843215942383,1.8360937,17.6005495,0.1834599877398705,,,,,,,,,,,,False,False
204561801889191168,,,NGC1664,72.41921997070312,43.76715087890625,1.8125665,17.537193499999997,0.1836202130678885,,,,,,,,,,,,False,False
204561806186050944,,,NGC1664,72.42819213867188,43.77085113525391,1.0899025999999998,15.0255595,0.1614402547139236,,,,,,,,,,,,False,False
204606332109822976,,,NGC1664,72.18264770507812,43.66393280029297,1.3060735,16.0014835,0.1684108148232345,,,,,,,,,,,,False,False
204608054393434240,,,NGC1664,72.23091888427734,43.78079605102539,2.3159063,18.4007635,0.2099468853699591,,,,,,,,,,,,False,False
204608775948398848,,,NGC1664,72.39100646972656,43.80085754394531,1.6871415000000003,17.081811499999997,0.1995438780806731,,,,,,,,,,,,False,False
204609802440375936,,,NGC1664,72.37952423095703,43.8376350402832,1.9931263,17.773452000000002,0.2061798810745591,,,,,,,,,,,,False,False
204610936315082112,,,NGC1664,72.18534088134766,43.77996063232422,1.8805749,17.5031455,0.20798966884155,,,,,,,,,,,,False,False
204612551222898304,,,NGC1664,72.28953552246094,43.82889175415039,1.2353885,15.8733635,0.1184020771298741,,,,,,,,,,,,False,False
204612864756773760,,,NGC1664,72.25184631347656,43.85658264160156,1.4574315,16.489845499999998,0.1835740202968904,,,,,,,,,,,,False,False
204613758109950848,,,NGC1664,72.27680969238281,43.89251708984375,1.0756779,14.860223500000002,0.2082805241340003,,,,,,,,,,,,False,False
204613895548913152,,,NGC1664,72.24028778076172,43.89014053344727,1.3515534,16.270573,0.1485580988151532,,,,,,,,,,,,False,False
204614097407763200,,,NGC1664,72.26923370361328,43.93369674682617,2.1192265,18.0289815,0.2078608669308668,,,,,,,,,,,,False,False
204626501273415936,,,NGC1664,72.35039520263672,44.00740432739258,2.1514278000000004,18.554062,0.1699530205777508,,,,,,,,,,,,False,False
205291052977696000,,,NGC1664,72.78380399497004,43.49445972915228,0.62895775,12.5076885,0.3367753014471401,,,,,,,,,,,,False,False
206042195514728704,,,NGC1664,72.75199253689668,43.55733780206119,1.2469225,15.256629,0.4331733194100222,,,,,,,,,,,,False,False
206042500454326784,,,NGC1664,72.79498721439518,43.57318379933883,1.1520729,15.559187,0.078590205784725,,,,,,,,,,,,False,False
206043153289420544,,,NGC1664,72.76767000400636,43.59524507334316,0.47822952,12.627276,0.0487325532687222,,,,,,,,,,,,False,False
206043501184686592,,,NGC1664,72.76014104337284,43.64078502418635,0.9412241,13.692191,0.5434220716942952,,,,,,,,,,,,False,False
206043771763908736,,,NGC1664,72.84998276988995,43.675147264564096,0.61516,12.559056,0.3066563610128668,,,,,,,,,,,,False,False
206044669415847424,,,NGC1664,72.6424706141698,43.57684712328325,1.2023153,15.158338,0.3886433444365579,,,,,,,,,,,,False,False
206044875574256896,,,NGC1664,72.67948765580245,43.61640261786579,1.1558065,15.264716,0.2080767279958416,,,,,,,,,,,,False,False
206046318683249024,,,NGC1664,72.72894469960252,43.63099281069648,0.97644424,14.100279,0.3121475612962002,,,,,,,,,,,,False,False
206046348745948416,,,NGC1664,72.69118221552286,43.62608212486807,0.39276314,11.731667,0.0425696830060454,,,,,,,,,,,,False,True
206046696640349696,,,NGC1664,72.72569100089434,43.67187104386423,0.81553173,13.759243,0.0882764923755178,,,,,,,,,,,,False,False
206046795422657536,,,NGC1664,72.7321477227582,43.68822327084442,1.081749,15.073715,0.1139605341992333,,,,,,,,,,,,False,False
206047035939879040,,,NGC1664,72.80403444403203,43.70028063583055,0.5284958,12.098388,0.2023381840884419,,,,,,,,,,,,False,False
206047349475302528,,,NGC1664,72.81993138855148,43.74438291935425,0.6724024,12.944073,0.3100250246240795,,,,,,,,,,,,False,False
206054049624556288,,,NGC1664,72.8241010962572,43.7767560368678,0.73083115,13.455081,0.1089029371404777,,,,,,,,,,,,False,False
206055213557066240,,,NGC1664,73.03118209189358,43.83520918912055,0.9630537,13.816381,0.4916097733604561,,,,,,,,,,,,False,False
206057687459607040,,,NGC1664,72.54244978519355,43.67156017768137,0.7781935,12.94127,0.5380547291418472,,,,,,,,,,,,False,False
206059478463012736,,,NGC1664,72.66550154734253,43.722811714923054,1.1625414,15.609387,0.0820999828636666,,,,,,,,,,,,False,False
206062433400496512,,,NGC1664,72.5786481759212,43.80037144293588,1.3144455,12.810026,1.6191009365657687,,,,,,,,,,,,False,False
206066243030005632,,,NGC1664,72.87328799829494,43.85187485615964,0.47402096,10.840759,0.0444957853829238,117.39587,39.565826,0.33702911354547654,,,,,,,,,True,False
3451226468259869184,,,NGC2099,88.25816345214844,32.844730377197266,1.9871441,17.919569000000003,0.2203135433323858,,,,,,,,,,,,False,False
3451226644357383424,,,NGC2099,88.2223892211914,32.847301483154304,0.9804665,14.56951,0.1224372521806155,,,,,,,,,,,,False,False
3451227228472862464,,,NGC2099,88.28532409667969,32.90036773681641,0.67980465,13.376493,0.1598893178978527,,,,,,,,,,,,False,False
3451227365911898880,,,NGC2099,88.20011138916016,32.85376739501953,1.5511126,17.0846445,0.1536870475314406,,,,,,,,,,,,False,False
3451227602142140928,,,NGC2099,88.22720336914062,32.90098190307617,2.0451549000000004,18.274562,0.1863185974719861,,,,,,,,,,,,False,False
3451227709509273344,,,NGC2099,88.1725082397461,32.888870239257805,1.2881388,16.201580500000002,0.1198671872817156,,,,,,,,,,,,False,False
3451227812588446080,,,NGC2099,88.2159423828125,32.90692138671875,1.1082949,15.099597500000002,0.2665145623484232,,,,,,,,,,,,False,False
3451227877009243520,,,NGC2099,88.1988296508789,32.9208869934082,1.7709593,17.489006500000002,0.2027852671492141,,,,,,,,,,,,False,False
3451227881307927040,,,NGC2099,88.19347381591797,32.92056655883789,1.0086979,14.747131500000002,0.1217337246481333,,,,,,,,,,,,False,False
3451227911368950400,,,NGC2099,88.24295043945312,32.89733123779297,2.0347751,17.599511,0.3089260742745059,,,,,,,,,,,,False,False
3451227984387131136,,,NGC2099,88.22872924804688,32.907169342041016,1.8719142,17.795989,0.1942598193829011,,,,,,,,,,,,False,False
3451228018746857728,,,NGC2099,88.24174499511719,32.91606903076172,1.278168,16.093291,0.1416274103807179,,,,,,,,,,,,False,False
3451230694509959552,,,NGC2099,88.16133880615234,32.907825469970696,1.4685902,16.804243,0.1522339616689367,,,,,,,,,,,,False,False
3451230904964891648,,,NGC2099,88.176513671875,32.952354431152344,0.9401496,14.381533,0.0916006293020239,,,,,,,,,,,,False,False
3451230973684408576,,,NGC2099,88.1474838256836,32.92465209960937,0.9689249,14.535247500000002,0.1004590440213827,,,,,,,,,,,,False,False
3451231209903887232,,,NGC2099,88.20297241210938,32.944534301757805,1.3594263000000002,16.42007,0.1448805288707018,,,,,,,,,,,,False,False
3451231454720668800,,,NGC2099,88.21885681152344,32.98004531860352,1.2762559,15.96114,0.191614764922936,,,,,,,,,,,,False,False
3451231725300021376,,,NGC2099,88.20218658447266,33.00736618041992,1.2518219,15.678647500000002,0.2927569126316915,,,,,,,,,,,,False,False
3451231763959081344,,,NGC2099,88.11845397949219,32.93970489501953,1.9431299,18.0523625,0.1823470326117121,,,,,,,,,,,,False,False
3451231867037593344,,,NGC2099,88.11792755126953,32.966259002685554,0.99527206,14.7937235,0.0400325917220646,,,,,,,,,,,,False,False
3451231867037593600,,,NGC2099,88.11712646484375,32.966426849365234,0.9619135,14.5613995,0.0588077057611041,,,,,,,,,,,,False,False
3451232348073880192,,,NGC2099,88.1678695678711,32.99776840209961,1.0574945,14.8160155,0.2677981845812131,,,,,,,,,,,,False,False
3451232618655681792,,,NGC2099,88.14523315429688,33.018497467041016,1.8597197,16.9844585,0.4013978962864605,,,,,,,,,,,,False,False
3451232618655693440,,,NGC2099,88.13899993896484,33.0225830078125,1.5259309,16.946147,0.1652253826101558,,,,,,,,,,,,False,False
3451233207067305472,,,NGC2099,88.20931243896484,33.02431106567383,0.93715324,14.1051285,0.28389596339484,,,,,,,,,,,,False,False
3451233756823077376,,,NGC2099,88.24935150146484,33.067840576171875,1.0162051,13.872677,0.7731539734286955,,,,,,,,,,,,False,False
3451235646609410560,,,NGC2099,87.59258270263672,32.50581741333008,1.3263877,16.328016,0.1321010771893706,,,,,,,,,,,,False,False
3451237398956021632,,,NGC2099,87.64022064208984,32.564361572265625,1.2182647,15.9653475,0.0874720218409531,,,,,,,,,,,,False,False
3451237600815920128,,,NGC2099,87.60359191894531,32.57526016235352,0.9152194,14.3572665,0.0200300463475637,,,,,,,,,,,,False,False
3451238219291378816,,,NGC2099,87.67251586914062,32.62639617919922,1.3350433,16.258379,0.1656734194078379,,,,,,,,,,,,False,False
3451238326668897920,,,NGC2099,87.66462707519531,32.656776428222656,1.388654,16.348173,0.2031526036560325,,,,,,,,,,,,False,False
3451238940845916160,,,NGC2099,87.63678741455078,32.64268112182617,2.1623214,18.326649,0.2164247659297717,,,,,,,,,,,,False,False
3451239220022109952,,,NGC2099,87.6181411743164,32.66995620727539,0.6255468,12.645238,0.3046668213070472,,,,,,,,,,,,False,False
3451239357461048704,,,NGC2099,87.6324462890625,32.684036254882805,1.1252860000000002,15.223336000000002,0.2390112863711215,,,,,,,,,,,,False,False
3451239666698821376,,,NGC2099,87.46099853515625,32.56918716430664,0.4679478999999999,12.427832,0.0983244186352818,,,,,,,,,,,,False,True
3451240418314621184,,,NGC2099,87.50210571289062,32.62707901000977,1.5655669,17.306704,0.1229893614242165,,,,,,,,,,,,False,False
3451240594411760768,,,NGC2099,87.42314910888672,32.593521118164055,1.1911945000000002,16.046229,0.0172976007562419,,,,,,,,,,,,False,False
3451240727552260352,,,NGC2099,87.44361114501953,32.62595367431641,1.2755241,15.981469,0.1814337035288125,,,,,,,,,,,,False,False
3451240972368867328,,,NGC2099,87.4078369140625,32.63900375366211,1.0808188,15.253453,0.0708655766113628,,,,,,,,,,,,False,False
3451241139869150592,,,NGC2099,87.46764373779297,32.63653945922852,1.2443196,15.894369,0.1627235027814247,,,,,,,,,,,,False,False
3451241586545840896,,,NGC2099,87.4433364868164,32.68675994873047,1.3182682,16.055657000000004,0.2205741658447302,,,,,,,,,,,,False,False
3451242617338376320,,,NGC2099,87.58679962158203,32.71950149536133,1.8687957,17.7870345,0.194436008319423,,,,,,,,,,,,False,False
3451243854288485504,,,NGC2099,87.716796875,32.632461547851555,1.2134756,15.789844999999998,0.1482237651775459,,,,,,,,,,,,False,False
3451243923007262208,,,NGC2099,87.70056915283203,32.64353561401367,0.5184634699999999,12.057847,0.1843064632332419,,,,,,,,,,,,False,True
3451244541483678080,,,NGC2099,87.78506469726562,32.70159149169922,1.3588859,15.6464305,0.5693941253453012,,,,,,,,,,,,False,False
3451244545781464192,,,NGC2099,87.78507995605469,32.69164657592773,1.4046098,15.0103115,1.446582103509539,,,,,,,,,,,,False,False
3451244782001904896,,,NGC2099,87.73678588867188,32.71686553955078,2.0136207,18.1682975,0.1906280826496018,,,,,,,,,,,,False,False
3451244855019087232,,,NGC2099,87.77629089355469,32.731578826904304,0.7058935999999999,13.402904500000002,0.2016071939361658,,,,,,,,,,,,False,False
3451244992458116224,,,NGC2099,87.67999267578125,32.693225860595696,1.2674421,15.7813095,0.2656724260519305,,,,,,,,,,,,False,False
3451245331757445504,,,NGC2099,87.64191436767578,32.721378326416016,0.51798283,12.4175415,0.1682453169583765,,,,,,,,,,,,False,True
3451245640995465984,,,NGC2099,87.73225402832031,32.73695755004883,1.9661695,17.802466499999998,0.2331148571901928,,,,,,,,,,,,False,False
3451245881513712640,,,NGC2099,87.69982147216797,32.762866973876946,1.1826917,16.594795499999996,-0.0762001230795358,,,,,,,,,,,,False,False
3451245915873458944,,,NGC2099,87.72505187988281,32.76456069946289,1.8512982,17.6634325,0.208562450325053,,,,,,,,,,,,False,False
3451246057609921024,,,NGC2099,87.79857635498047,32.723526000976555,1.2367679,15.2607225,0.5816061158302184,,,,,,,,,,,,False,False
3451246087672016768,,,NGC2099,87.81855010986328,32.7301025390625,1.5722402999999998,17.144534,0.1558247272453969,,,,,,,,,,,,False,False
3451246332487829632,,,NGC2099,87.77283477783203,32.742786407470696,1.3838216000000003,16.1475895,0.2797070857297235,,,,,,,,,,,,False,False
3451246603068219392,,,NGC2099,87.84209442138672,32.76013565063477,2.2068775,18.3046645,0.2339821273590295,,,,,,,,,,,,False,False
3451246671787738752,,,NGC2099,87.83931732177734,32.770999908447266,2.2627304,18.7400475,0.1901190380273725,,,,,,,,,,,,False,False
3451246950963048192,,,NGC2099,87.82170104980469,32.79802703857422,0.9486819,14.4494965,0.079468803765483,,,,,,,,,,,,False,False
3451247118464608896,,,NGC2099,87.84465789794922,32.837833404541016,1.7145349,17.327054000000004,0.2052672746378348,,,,,,,,,,,,False,False
3451247191481262336,,,NGC2099,87.77376556396484,32.77787399291992,1.2080811,15.3930455,0.3784515318087746,,,,,,,,,,,,False,False
3451247358982029824,,,NGC2099,87.76445770263672,32.79761505126953,0.5151089,12.7080055,0.1254763128213439,,,,,,,,,,,,False,True
3451247775596776192,,,NGC2099,87.78865814208984,32.816898345947266,2.2273857,18.3274175,0.2368638102221116,,,,,,,,,,,,False,False
3451247809956497152,,,NGC2099,87.80579376220703,32.82477188110352,0.7031611000000001,13.5016655,0.1259822916190178,,,,,,,,,,,,False,False
3451248016114918528,,,NGC2099,87.79984283447266,32.842483520507805,1.1669434,15.5634685,0.1522438284222481,,,,,,,,,,,,False,False
3451248149256850304,,,NGC2099,87.81831359863281,32.862350463867195,1.5553611,17.0577615,0.1621492832624725,,,,,,,,,,,,False,False
3451248394072205824,,,NGC2099,87.64046478271484,32.742549896240234,1.3432885,15.7878695,0.4204982614682302,,,,,,,,,,,,False,False
3451248497151406720,,,NGC2099,87.6490478515625,32.7559814453125,1.2125747999999998,15.9594575,0.0794223052749689,,,,,,,,,,,,False,False
3451248531511177728,,,NGC2099,87.59980773925781,32.74315643310547,0.5490199,13.1017505,0.0512823288226596,,,,,,,,,,,,False,False
3451248905170778624,,,NGC2099,87.66658782958984,32.78601837158203,1.8060599,17.731796499999998,0.1762708471412032,,,,,,,,,,,,False,False
3451249081266937984,,,NGC2099,87.65008544921875,32.788558959960945,1.0712186,15.2698555,0.0300419251044119,,,,,,,,,,,,False,False
3451249111329271808,,,NGC2099,87.65433502197266,32.80175018310547,1.1940757,15.824997500000002,0.0935059562263228,,,,,,,,,,,,False,False
3451249493583817856,,,NGC2099,87.61203002929688,32.789047241210945,1.2573024,15.6032225,0.3564106955231795,,,,,,,,,,,,False,False
3451249729804589952,,,NGC2099,87.5622787475586,32.811805725097656,1.2601518999999997,16.0669175,0.122526411144408,,,,,,,,,,,,False,False
3451249970322764544,,,NGC2099,87.61966705322266,32.81208038330078,1.7096433999999998,17.6898615,0.1394427980969298,,,,,,,,,,,,False,False
3451250245200814720,,,NGC2099,87.59567260742188,32.84785842895508,1.4440811,17.059564499999997,0.0846363401077551,,,,,,,,,,,,False,False
3451250313930500352,,,NGC2099,87.62586212158203,32.853134155273445,2.0024993,18.0042665,0.2118626028027147,,,,,,,,,,,,False,False
3451250902332977024,,,NGC2099,87.7242431640625,32.85836410522461,1.036257,14.672966999999998,0.272337333226994,,,,,,,,,,,,False,False
3451250971053185152,,,NGC2099,87.71512603759766,32.883174896240234,0.59550746,13.1230805,0.1274709394037358,,,,,,,,,,,,False,False
3451251035474872320,,,NGC2099,87.77796936035156,32.86293792724609,1.6943024,17.2145615,0.2183119916909506,,,,,,,,,,,,False,False
3451251172913926016,,,NGC2099,87.79280090332031,32.890567779541016,1.2666095,16.045347500000002,0.1407813293320278,,,,,,,,,,,,False,False
3451251653950201600,,,NGC2099,87.67243194580078,32.875186920166016,0.82363303,13.8685765,0.12633878425648,,,,,,,,,,,,False,False
3451251997547707392,,,NGC2099,87.68878173828125,32.910091400146484,1.6224659,17.2603625,0.1647374167335745,,,,,,,,,,,,False,False
3451252375504874368,,,NGC2099,87.68360137939453,32.920459747314446,1.2946460999999998,16.163133499999997,0.1418896309838559,,,,,,,,,,,,False,False
3451252753460750592,,,NGC2099,87.36643981933594,32.65245819091797,1.8375813,17.789545,0.1806841411146699,,,,,,,,,,,,False,False
3451253165777686912,,,NGC2099,87.3642349243164,32.705921173095696,1.4706291,16.530467,0.2325463809690494,,,,,,,,,,,,False,False
3451253204431835392,,,NGC2099,87.40889739990234,32.681320190429695,2.0078395,18.273274,0.1743644757403561,,,,,,,,,,,,False,False
3451253376234374400,,,NGC2099,87.4359359741211,32.708419799804695,1.2402395,15.318848,0.5397333072506306,,,,,,,,,,,,False,False
3451254922422592896,,,NGC2099,87.43315887451172,32.72769927978516,0.6198760999999999,13.126865,0.1712365588171599,,,,,,,,,,,,False,False
3451255708399006720,,,NGC2099,87.47342681884766,32.797286987304695,1.4071656,16.2590575,0.2620590785119468,,,,,,,,,,,,False,False
3451256880927615488,,,NGC2099,87.43294525146484,32.85126495361328,1.428958,16.6509085,0.1545416711184858,,,,,,,,,,,,False,False
3451261519492272000,,,NGC2099,87.52941131591797,32.81768035888672,0.7092782000000001,13.684644500000005,-0.034832554645232,,,,,,,,,,,,False,False
3451262511626620928,,,NGC2099,87.57463073730469,32.91863250732422,0.4517019599999999,11.3905775,0.0903014034985222,230.31886,148.8923,0.6464616054455984,,,,,,,,,True,True
3451262584644142592,,,NGC2099,87.50686645507812,32.868087768554695,1.121461,15.5054625,0.061108255983755,,,,,,,,,,,,False,False
3451262619003895424,,,NGC2099,87.47981262207031,32.866283416748054,1.0949288,15.3260885,0.0755378807378475,,,,,,,,,,,,False,False
3451262820865135616,,,NGC2099,87.46621704101562,32.87148666381836,1.4637929,16.7450375,0.1624725148447192,,,,,,,,,,,,False,False
3451262855224950912,,,NGC2099,87.48223876953125,32.893539428710945,2.3106557,18.4558095,0.2420270414171849,,,,,,,,,,,,False,False
3451262889583743872,,,NGC2099,87.46463012695312,32.89221572875977,0.5397473399999999,12.9661075,0.0923564369175994,,,,,,,,,,,,False,False
3451262893881798656,,,NGC2099,87.46817016601562,32.88283157348633,1.2479249,15.656704500000002,0.2975494124653783,,,,,,,,,,,,False,False
3450957637668238976,,,NGC2099,88.3470230102539,31.95368957519531,1.5948406,17.255996,0.1489335738679248,,,,,,,,,,,,False,False
3451264027753051264,,,NGC2099,87.60137939453125,32.938308715820305,1.1606491,15.7785275,0.0420133449203183,,,,,,,,,,,,False,False
3451264474429601536,,,NGC2099,87.64340209960938,32.96619033813477,0.8676985,13.5368545,0.5199844369138431,,,,,,,,,,,,False,False
3451264985529063424,,,NGC2099,87.60974884033203,32.984142303466804,1.7288038,16.994646,0.3021448373272659,,,,,,,,,,,,False,False
3451265088610155648,,,NGC2099,87.54147338867188,32.97274780273437,1.5026939999999998,17.613456499999998,0.0522538480344595,,,,,,,,,,,,False,False
3450959699250638464,,,NGC2099,88.1392593383789,31.941783905029297,1.3503924,16.1488925,0.2295158178550599,,,,,,,,,,,,False,False
3451266016321032832,,,NGC2099,87.4797134399414,32.93520355224609,1.608925,17.4714805,0.1218305630967646,,,,,,,,,,,,False,False
3450960940499818880,,,NGC2099,88.2931137084961,32.00333023071289,0.7980972000000001,13.843406,0.0677497320531617,,,,,,,,,,,,False,False
3450961176721370368,,,NGC2099,88.30066680908203,32.02410888671875,1.2059875000000002,15.83748,0.1124034165853187,,,,,,,,,,,,False,False
3450961520318740992,,,NGC2099,88.22570037841797,32.014602661132805,1.5063970999999998,17.000008,0.139309564913414,,,,,,,,,,,,False,False
3450961593334887424,,,NGC2099,88.18197631835938,32.007431030273445,1.0518308,14.450971,0.4462921528113707,,,,,,,,,,,,False,False
3451268185280821760,,,NGC2099,87.55943298339844,32.99950790405273,1.3128201999999998,15.5626275,0.5293504212855776,,,,,,,,,,,,False,False
3450963444464118528,,,NGC2099,88.46122741699219,32.03329086303711,1.9615351,18.3327565,0.1522645132453167,,,,,,,,,,,,False,False
3451270281225331968,,,NGC2099,87.90300750732422,32.824413299560554,1.2595819,15.866057,0.2050093731740682,,,,,,,,,,,,False,False
3451270281225332480,,,NGC2099,87.90705108642578,32.820831298828125,1.2345183,15.787883,0.1931093704584184,,,,,,,,,,,,False,False
3451270418664261376,,,NGC2099,87.92721557617188,32.836669921875,1.1135201,15.187233,0.2236315727525218,,,,,,,,,,,,False,False
3451270418664265856,,,NGC2099,87.92491912841797,32.83365631103516,0.98560945,14.435163,0.2193698469122429,,,,,,,,,,,,False,False
3451270517446417408,,,NGC2099,87.86993408203125,32.83150100708008,1.3712392,16.43615,0.1537651662886057,,,,,,,,,,,,False,False
3451270590462995584,,,NGC2099,87.85148620605469,32.84402084350586,1.2418998,16.0391215,0.1024948708610673,,,,,,,,,,,,False,False
3451270723604963328,,,NGC2099,87.87195587158203,32.861618041992195,1.4714846,16.855666,0.1429256132498908,,,,,,,,,,,,False,False
3450963757998354688,,,NGC2099,88.35028839111328,31.98275947570801,0.9477411,14.579343,-0.0048588350511129,,,,,,,,,,,,False,False
3450963891140687616,,,NGC2099,88.3681869506836,32.008956909179695,1.7112186,17.5210015,0.1664563923837692,,,,,,,,,,,,False,False
3451271239001195776,,,NGC2099,87.9423828125,32.903980255126946,1.9945414,17.287412,0.3789818462895463,,,,,,,,,,,,False,False
3451271243297915648,,,NGC2099,87.95208740234375,32.90680694580078,1.1846488,15.565004,0.1970396141466201,,,,,,,,,,,,False,False
3450963994219944448,,,NGC2099,88.3753890991211,32.043407440185554,1.4938208,16.751869499999998,0.1871228669065553,,,,,,,,,,,,False,False
3451271479523559936,,,NGC2099,87.87147521972656,32.87236785888672,2.0187152,18.056293,0.2094312529384745,,,,,,,,,,,,False,False
3451271513878098816,,,NGC2099,87.87928771972656,32.89406967163086,0.7471524999999999,13.380143,0.3066860869030736,,,,,,,,,,,,False,False
3451271754397257728,,,NGC2099,87.85063171386719,32.902774810791016,2.1268585,18.3643685,0.199896161856727,,,,,,,,,,,,False,False
3451271994915513344,,,NGC2099,87.88905334472656,32.92616653442383,1.6408522,17.227062,0.1825531567167841,,,,,,,,,,,,False,False
3451272136651106304,,,NGC2099,87.91804504394531,32.94289016723633,1.2851479,16.135854,0.1372406701088691,,,,,,,,,,,,False,False
3451272274090093952,,,NGC2099,87.86613464355469,32.93790054321289,1.2534352,15.834238,0.2086058089945295,,,,,,,,,,,,False,False
3450964754430662528,,,NGC2099,88.53855895996094,32.05572509765625,0.71756637,13.333680499999998,0.2661835116054226,,,,,,,,,,,,False,False
3451272991347992320,,,NGC2099,88.02507019042969,32.942195892333984,2.5351614,18.2889765,0.3423277872501629,,,,,,,,,,,,False,False
3451273575463595264,,,NGC2099,87.94999694824219,32.95874786376953,2.0042039000000003,18.600352,0.1364790668794668,,,,,,,,,,,,False,False
3451273648479566592,,,NGC2099,87.9383544921875,32.96305465698242,1.5919029,17.149571,0.1676045812541256,,,,,,,,,,,,False,False
3450965471688753920,,,NGC2099,88.52383422851562,32.08860015869141,1.1117009,15.3948875,0.0893824821577896,,,,,,,,,,,,False,False
3451273957717190016,,,NGC2099,87.94361114501953,32.984825134277344,0.7811477699999999,13.7607035,0.1025248307140918,,,,,,,,,,,,False,False
3450965609128786688,,,NGC2099,88.54004669189453,32.115901947021484,1.4879149,17.0949065,0.1089422531660045,,,,,,,,,,,,False,False
3451274851070509312,,,NGC2099,87.81365203857422,32.93349075317383,1.3739884,16.221622,0.2326770783833264,,,,,,,,,,,,False,False
3450965952725082624,,,NGC2099,88.44071197509766,32.08486557006836,1.4746226,16.6603015,0.1953040028151638,,,,,,,,,,,,False,False
3450965987084828416,,,NGC2099,88.44851684570312,32.090187072753906,1.7436713,18.1169425,0.1026868988417333,,,,,,,,,,,,False,False
3451275022870034816,,,NGC2099,87.78507995605469,32.941444396972656,1.5975944,17.06937,0.1887846693328686,,,,,,,,,,,,False,False
3451275057224814336,,,NGC2099,87.8044204711914,32.934375762939446,1.1281052,14.470185,0.7098691491648942,,,,,,,,,,,,False,False
3450966197539675008,,,NGC2099,88.46269989013672,32.11676788330078,1.0153416,14.6706785,0.1938755305537647,,,,,,,,,,,,False,False
3450966369338341376,,,NGC2099,88.52497863769531,32.118370056152344,1.276718,16.192365499999998,0.1065253648885751,,,,,,,,,,,,False,False
3450966605559827072,,,NGC2099,88.48870849609375,32.151180267333984,0.4232767799999999,11.9666035,0.0739236795508137,,,,,,,,,,,,False,True
3451276564760982784,,,NGC2099,87.77378845214844,33.00656509399414,2.0517753,17.965152,0.2374090795479028,,,,,,,,,,,,False,False
3451276569057391232,,,NGC2099,87.7863998413086,33.00296401977539,1.0244268,14.902282,0.0834503037403395,,,,,,,,,,,,False,False
3451277015733894656,,,NGC2099,87.92462158203125,33.013656616210945,1.2834461,16.2865575,0.088779535908048,,,,,,,,,,,,False,False
3450967567632807936,,,NGC2099,88.39039611816406,32.1026611328125,2.1067179,17.8644855,0.2790478787973479,,,,,,,,,,,,False,False
3450967675008481280,,,NGC2099,88.34220123291016,32.09961700439453,1.2130868,15.705607,0.1885519641116702,,,,,,,,,,,,False,False
3451277389394787328,,,NGC2099,87.9383773803711,33.028488159179695,1.7514960999999998,17.516025499999998,0.1876967746200849,,,,,,,,,,,,False,False
3451277595553342208,,,NGC2099,87.95101928710938,33.064769744873054,1.149752,15.563886,0.1076824895784724,,,,,,,,,,,,False,False
3450967979949632256,,,NGC2099,88.28350067138672,32.07799530029297,1.7206550000000005,17.136751,0.254631387433317,,,,,,,,,,,,False,False
3451277939150615040,,,NGC2099,87.83999633789062,33.03481292724609,1.511246,17.123188999999996,0.1197173615965868,,,,,,,,,,,,False,False
3451278385827373056,,,NGC2099,87.86771392822266,33.08539581298828,1.2954296,16.2984335,0.1011202469055552,,,,,,,,,,,,False,False
3451278458842883584,,,NGC2099,87.8478775024414,33.10538864135742,0.8845333000000001,14.2103765,0.0168835068930788,,,,,,,,,,,,False,False
3451278183960806784,,,NGC2099,87.86493682861328,33.07122039794922,2.2934765,18.6158405,0.213940688686841,,,,,,,,,,,,False,False
3450968770223688832,,,NGC2099,88.30464935302734,32.134918212890625,2.1656997,18.1333975,0.2490324064144706,,,,,,,,,,,,False,False
3451279176101120512,,,NGC2099,88.09272003173828,33.005550384521484,2.0909094,18.3564415,0.1898147079248546,,,,,,,,,,,,False,False
3451279244825986176,,,NGC2099,88.07228088378906,33.02423477172852,1.6633715,17.2587085,0.1896526317230428,,,,,,,,,,,,False,False
3451279313540067200,,,NGC2099,88.04403686523438,33.004344940185554,1.3564663,16.449849999999998,0.1330586045492895,,,,,,,,,,,,False,False
3451279352197053184,,,NGC2099,88.05436706542969,33.027130126953125,0.41669565,12.134856,0.0562273544590656,,,,,,,,,,,,False,True
3451279420915495296,,,NGC2099,88.04351043701172,33.028091430664055,1.2744418,15.378511,0.5904646360013837,,,,,,,,,,,,False,False
3451279558354418688,,,NGC2099,88.06188201904297,33.051284790039055,0.8214397999999999,14.082947,-0.0957616617779286,,,,,,,,,,,,False,False
3450969251260011520,,,NGC2099,88.3899917602539,32.120849609375,1.4052733000000002,16.5298055,0.1638360811691745,,,,,,,,,,,,False,False
3450969423059867520,,,NGC2099,88.42151641845703,32.15774917602539,2.1694091,18.4186475,0.2053559549105565,,,,,,,,,,,,False,False
3450969732296416384,,,NGC2099,88.47542572021484,32.17533493041992,2.1343046,18.7057895,0.1606658943175044,,,,,,,,,,,,False,False
3451281035823149056,,,NGC2099,88.03583526611328,33.105926513671875,1.1372052,15.583718,0.0662432254839993,,,,,,,,,,,,False,False
3450969770952424448,,,NGC2099,88.47956085205078,32.18707656860352,1.2826973000000002,16.006657999999998,0.1829850648288594,,,,,,,,,,,,False,False
3451281138902329216,,,NGC2099,88.0808334350586,33.13178253173828,0.9842482,14.408281,0.2303018798163872,,,,,,,,,,,,False,False
3450969977110853888,,,NGC2099,88.46432495117188,32.202430725097656,0.6088787000000001,12.376413,0.2940296336084957,,,,,,,,,,,,False,False
3450970080190137728,,,NGC2099,88.37078857421875,32.14080810546875,1.0950030000000002,15.0259215,0.269708899123519,,,,,,,,,,,,False,False
3450970144613256960,,,NGC2099,88.35879516601562,32.161773681640625,1.7339941,17.2982235,0.2229011698711986,,,,,,,,,,,,False,False
3451281585578925952,,,NGC2099,88.11479187011719,33.10736083984375,1.1700135,15.406375999999998,0.255644540409562,,,,,,,,,,,,False,False
3450970350771692672,,,NGC2099,88.34280395507812,32.167190551757805,1.4319902000000002,16.6534175,0.1567763182452167,,,,,,,,,,,,False,False
3451282444572375168,,,NGC2099,88.10676574707031,33.13460922241211,0.8263538399999999,13.614576500000002,0.366910321332993,,,,,,,,,,,,False,False
3450970694377308416,,,NGC2099,88.40252685546875,32.20257568359375,1.9586512,17.6467365,0.2617198938259699,,,,,,,,,,,,False,False
3450970939180614400,,,NGC2099,88.41162109375,32.224681854248054,1.6677893,17.198117500000002,0.2055602360683545,,,,,,,,,,,,False,False
3450970973543291264,,,NGC2099,88.37600708007812,32.22214126586914,1.2714386,15.9289655,0.1975286481110337,,,,,,,,,,,,False,False
3451283608507681152,,,NGC2099,88.0091323852539,33.11008453369141,1.7582822,17.590407,0.1777806718304427,,,,,,,,,,,,False,False
3450971209762986624,,,NGC2099,88.07282257080078,31.93618011474609,1.5251495,16.7083075,0.2277230857722713,,,,,,,,,,,,False,False
3451284501861071872,,,NGC2099,88.02241516113281,33.18746566772461,1.5034428,16.990428999999995,0.1390851265739124,,,,,,,,,,,,False,False
3451285365150173824,,,NGC2099,87.95818328857422,33.186885833740234,1.222688,15.804791000000002,0.1604365027697271,,,,,,,,,,,,False,False
3450972073055127424,,,NGC2099,88.08074951171875,32.00471878051758,0.7955609499999999,13.7409185,0.1685874271151689,,,,,,,,,,,,False,False
3450972962109721728,,,NGC2099,88.08863067626953,32.02938461303711,2.1210881,17.9602325,0.2650836856171896,,,,,,,,,,,,False,False
3450973065188965504,,,NGC2099,88.09431457519531,32.051937103271484,1.8889654,17.961233999999997,0.1752588400601504,,,,,,,,,,,,False,False
3450973103846695936,,,NGC2099,88.04962921142578,32.03446578979492,0.7636440000000001,13.538882,0.2510229031572104,,,,,,,,,,,,False,False
3451288457526854912,,,NGC2099,87.7557144165039,33.044647216796875,0.8294795,13.87322,0.1411574026466259,,,,,,,,,,,,False,False
3450974856193333760,,,NGC2099,88.09556579589844,32.102489471435554,1.0845052000000002,15.1569855,0.1423990058848361,,,,,,,,,,,,False,False
3450975199790701312,,,NGC2099,88.1814193725586,32.13730239868164,1.4690337,16.809377,0.1514055867132098,,,,,,,,,,,,False,False
3450975509028348416,,,NGC2099,88.1419906616211,32.160873413085945,0.92211996,14.203872,0.1514268510993441,,,,,,,,,,,,False,False
3451289110361901824,,,NGC2099,87.70262908935547,33.06290054321289,1.1791737,15.172598,0.4630067951054635,,,,,,,,,,,,False,False
3451289690181333888,,,NGC2099,87.72814178466797,33.10377883911133,2.0969204,17.9496895,0.2577876768878862,,,,,,,,,,,,False,False
3450975985766731776,,,NGC2099,87.97257232666016,32.06063461303711,2.2560379000000004,18.5671315,0.2101614447349991,,,,,,,,,,,,False,False
3451289758900800256,,,NGC2099,87.68729400634766,33.100540161132805,1.2717098,16.106019500000002,0.1271034889472848,,,,,,,,,,,,False,False
3450976329364147072,,,NGC2099,88.03003692626953,32.08339309692383,2.0860588000000004,18.1739255,0.2146588246808907,,,,,,,,,,,,False,False
3451290690909717120,,,NGC2099,87.84574890136719,33.143096923828125,0.9985545,14.6338865,0.1519084012570292,,,,,,,,,,,,False,False
3450976947839422976,,,NGC2099,87.91004943847656,32.072799682617195,0.5652799000000001,13.1542785,0.0554383966085081,,,,,,,,,,,,False,False
3450976947843127040,,,NGC2099,87.9085693359375,32.07242584228516,1.3992891,16.0012255,0.384008564108677,,,,,,,,,,,,False,False
3450976952137405824,,,NGC2099,87.91846466064453,32.07403945922852,0.8122463,13.883232499999998,0.0720614498608499,,,,,,,,,,,,False,False
3450977261375032576,,,NGC2099,87.9881591796875,32.11325836181641,0.8029701,13.8232285,0.1059639217070204,,,,,,,,,,,,False,False
3450977261375034496,,,NGC2099,87.98296356201172,32.11243438720703,1.3336784000000002,16.4344745,0.1112414402034139,,,,,,,,,,,,False,False
3450977364454244992,,,NGC2099,88.00213623046875,32.117706298828125,1.1475899,15.6366395,0.0685533124662391,,,,,,,,,,,,False,False
3450977463235591808,,,NGC2099,88.00304412841797,32.14391326904297,2.000778,17.647609,0.2811465552234938,,,,,,,,,,,,False,False
3450977463235599232,,,NGC2099,87.9996337890625,32.148033142089844,0.88893676,14.193707,0.0448130610376029,,,,,,,,,,,,False,False
3450977806836811136,,,NGC2099,88.07025909423828,32.10918426513672,2.2020485000000005,18.5060605,0.2030441922687836,,,,,,,,,,,,False,False
3450978322229059584,,,NGC2099,88.10562133789062,32.149246215820305,1.9208977,17.7779585,0.2183769720813398,,,,,,,,,,,,False,False
3450978459668037248,,,NGC2099,88.12889099121094,32.17055511474609,1.2865215,16.125116000000002,0.1430802244995908,,,,,,,,,,,,False,False
3450978567045058944,,,NGC2099,88.14086151123047,32.18684768676758,1.0891293,14.694386000000002,0.4627178489627069,,,,,,,,,,,,False,False
3450978631466747904,,,NGC2099,88.09970092773438,32.187427520751946,1.1243282999999995,15.2211195,0.2373014787686152,,,,,,,,,,,,False,False
3450978665826478976,,,NGC2099,88.07594299316406,32.18165969848633,1.0325452999999998,14.6986605,0.2432064947314059,,,,,,,,,,,,False,False
3450979009423840128,,,NGC2099,88.04033660888672,32.161815643310554,1.7201626,17.2641245,0.2225456457619608,,,,,,,,,,,,False,False
3450979181222246784,,,NGC2099,88.01787567138672,32.179611206054695,0.47743202,12.516787999999998,0.1010030271683637,,,,,,,,,,,,False,True
3450979597837210496,,,NGC2099,88.09821319580078,32.219165802001946,1.0657527,14.8417525,0.2833033482754634,,,,,,,,,,,,False,False
3450979902777104384,,,NGC2099,88.05828094482422,32.24402618408203,1.5643912,16.967840499999998,0.1889282488094571,,,,,,,,,,,,False,False
3450979941434592640,,,NGC2099,88.06619262695312,32.256954193115234,1.1662408,15.1539225,0.4328531034521193,,,,,,,,,,,,False,False
3450980181953269632,,,NGC2099,88.25143432617188,32.127159118652344,0.8618169400000001,13.9228825,0.1994401457404165,,,,,,,,,,,,False,False
3450980250672757120,,,NGC2099,88.21765899658203,32.12723922729492,1.3659114,16.214804,0.2242461144302504,,,,,,,,,,,,False,False
3450980525550635264,,,NGC2099,88.2793197631836,32.14169692993164,1.4384599,9.967851,0.2465542807131492,7.122484,2.9953752,0.42055204336015356,,,,,,,,,True,False
3450980869147519744,,,NGC2099,88.24739074707031,32.17516326904297,0.4790063499999999,10.6893185,0.0268480839039908,71.15483,49.818474,0.7001418456062646,,,,,,,,,True,False
3450981071008121856,,,NGC2099,88.20156860351562,32.13948440551758,1.660173,17.092395,0.2259350831307192,,,,,,,,,,,,False,False
3450981448964978816,,,NGC2099,88.17550659179688,32.184139251708984,0.8701904999999999,13.966112,0.184180405905916,,,,,,,,,,,,False,False
3450981728140974592,,,NGC2099,88.23478698730469,32.20906448364258,1.065497,14.975399,0.1930403408258169,,,,,,,,,,,,False,False
3450981968659144448,,,NGC2099,88.21160125732422,32.2227783203125,0.93227964,14.3848265,0.0618992684683875,,,,,,,,,,,,False,False
3450982312256966272,,,NGC2099,88.35009002685547,32.21987533569336,1.295706,16.1365945,0.1528208265686249,,,,,,,,,,,,False,False
3450982582838626688,,,NGC2099,88.33350372314453,32.226024627685554,1.3308096,16.2048565,0.1789146762268849,,,,,,,,,,,,False,False
3450982999451718016,,,NGC2099,88.35137176513672,32.24770355224609,1.3226080000000002,16.6559315,0.0523203120136419,,,,,,,,,,,,False,False
3450983033811446528,,,NGC2099,88.35845947265625,32.263954162597656,1.2688963,16.0215195,0.1536835749808926,,,,,,,,,,,,False,False
3450983377408399360,,,NGC2099,88.2848892211914,32.256942749023445,1.3373075,16.3275185,0.1459997944931522,,,,,,,,,,,,False,False
3450983514847344128,,,NGC2099,88.3175277709961,32.278087615966804,0.81067264,13.8441965,0.1089300294557631,,,,,,,,,,,,False,False
3450983785429559680,,,NGC2099,88.27788543701172,32.29886245727539,2.0544376,18.568331,0.1536697016684074,,,,,,,,,,,,False,False
3450983824084986368,,,NGC2099,88.33379364013672,32.2845458984375,1.1045884,15.2704595,0.1391520956662369,,,,,,,,,,,,False,False
3450984098962894976,,,NGC2099,88.30940246582031,32.29589080810547,0.7396159999999999,13.478492,0.2321584125927694,,,,,,,,,,,,False,False
3450984511279790592,,,NGC2099,88.1751480102539,32.20554733276367,1.2671221,16.043461,0.1423263925475508,,,,,,,,,,,,False,False
3450984678780723584,,,NGC2099,88.1365966796875,32.221481323242195,1.2291674,15.829822,0.1620888045996216,,,,,,,,,,,,False,False
3450984713140457344,,,NGC2099,88.12532043457031,32.215518951416016,1.8259625,17.456013000000002,0.2383441616017148,,,,,,,,,,,,False,False
3450984884939179520,,,NGC2099,88.15316009521484,32.261520385742195,1.5775600000000003,17.127017,0.1628220908790952,,,,,,,,,,,,False,False
3450984889236909312,,,NGC2099,88.15768432617188,32.248828887939446,1.2405096,15.913662,0.1473529664900335,,,,,,,,,,,,False,False
3450985503414459776,,,NGC2099,88.1276626586914,32.24550247192383,2.0581908,18.37874,0.1767938286513557,,,,,,,,,,,,False,False
3450985572133945216,,,NGC2099,88.1133804321289,32.25961685180664,1.4885214,16.870950999999998,0.1532051081411941,,,,,,,,,,,,False,False
3450985606493678336,,,NGC2099,88.1368179321289,32.251495361328125,1.3541926,16.500092,0.1172913333220826,,,,,,,,,,,,False,False
3450985915731345024,,,NGC2099,88.12482452392578,32.28827667236328,1.6079405,17.159201,0.1759870739740341,,,,,,,,,,,,False,False
3450985950091083264,,,NGC2099,88.09893798828125,32.286659240722656,1.659676,17.165684,0.2078442454053684,,,,,,,,,,,,False,False
3450985984450825600,,,NGC2099,88.10736846923828,32.29469680786133,1.6808533,17.078482,0.2436268914280614,,,,,,,,,,,,False,False
3450986018810550272,,,NGC2099,88.1542739868164,32.268035888671875,1.1039453,15.315539,0.1100402124055843,,,,,,,,,,,,False,False
3450986057468005760,,,NGC2099,88.16801452636719,32.284088134765625,0.59665293,13.233942,0.0726199521979538,,,,,,,,,,,,False,False
3450986087530035456,,,NGC2099,88.14384460449219,32.283958435058594,1.3186451,16.215268000000002,0.1581456314086204,,,,,,,,,,,,False,False
3450986263626427392,,,NGC2099,88.18275451660156,32.317176818847656,1.1030341,15.2763155,0.1304769647787582,,,,,,,,,,,,False,False
3450986293688078208,,,NGC2099,88.13725280761719,32.303794860839844,2.252365,18.605106,0.2041113762001516,,,,,,,,,,,,False,False
3450986293688476672,,,NGC2099,88.13748931884766,32.30513381958008,1.9627017,17.907341,0.2127293716181908,,,,,,,,,,,,False,False
3450986328048219776,,,NGC2099,88.14151000976562,32.316619873046875,0.55746037,13.062304,0.0848386442638846,,,,,,,,,,,,False,False
3450986328048220032,,,NGC2099,88.1385498046875,32.31504440307617,2.1245898,18.258755,0.2145032703731409,,,,,,,,,,,,False,False
3450986332345912960,,,NGC2099,88.13764953613281,32.308837890625,0.5474804499999999,13.024782000000002,0.0828847791827378,,,,,,,,,,,,False,False
3450986401065387904,,,NGC2099,88.13516235351562,32.319271087646484,1.3149832,16.248815999999998,0.1418607960481582,,,,,,,,,,,,False,False
3450986401065388672,,,NGC2099,88.12480163574219,32.32484817504883,1.2098569,15.795322,0.1382246801988378,,,,,,,,,,,,False,False
3450986465486777600,,,NGC2099,88.15764617919922,32.33286666870117,0.5501469999999999,12.2353065,0.2190110453243735,,,,,,,,,,,,False,True
3450986465486777728,,,NGC2099,88.16555786132812,32.328277587890625,0.40353484,11.895101,0.0536791064535398,,,,,,,,,,,,False,True
3450986469784856064,,,NGC2099,88.16407775878906,32.34069061279297,0.9394346,14.265886,0.165704317756884,,,,,,,,,,,,False,False
3450986641583546496,,,NGC2099,88.23783874511719,32.28709030151367,0.7169958000000001,13.1515395,0.3437177680398107,,,,,,,,,,,,False,False
3450986706007319808,,,NGC2099,88.2554702758789,32.29904937744141,2.3205433,18.5132035,0.2361218374409529,,,,,,,,,,,,False,False
3450986740367069568,,,NGC2099,88.28101348876953,32.307891845703125,2.0482082,18.732923000000003,0.1356326603857204,,,,,,,,,,,,False,False
3450986156249520896,,,NGC2099,88.18583679199219,32.298145294189446,1.3814865000000005,16.425866000000003,0.1686577753913344,,,,,,,,,,,,False,False
3450986813382229888,,,NGC2099,88.26074981689453,32.315956115722656,1.004239,14.649898,0.1639393272969534,,,,,,,,,,,,False,False
3450986843446269568,,,NGC2099,88.2222900390625,32.29726028442383,2.1031037,18.0685105,0.2381495694854374,,,,,,,,,,,,False,False
3450986916461454208,,,NGC2099,88.2098159790039,32.30812454223633,1.3173890999999998,16.3081875,0.1265809043775644,,,,,,,,,,,,False,False
3450987015244318336,,,NGC2099,88.24822235107422,32.328231811523445,1.2410422,15.896849499999998,0.1554683563890257,,,,,,,,,,,,False,False
3450987019540657920,,,NGC2099,88.25809478759766,32.32818984985352,0.49385743,12.1758265,0.1498101242142178,,,,,,,,,,,,False,True
3450987019540659328,,,NGC2099,88.24970245361328,32.329540252685554,0.6702481,13.2149625,0.2275645372219925,,,,,,,,,,,,False,False
3450987118324219904,,,NGC2099,88.28612518310547,32.328147888183594,1.7154655,17.0252,0.2829808942596507,,,,,,,,,,,,False,False
3450987294418548480,,,NGC2099,88.3145751953125,32.35950469970703,0.4941888399999999,12.65614,0.103426292823076,,,,,,,,,,,,False,True
3450987328778288768,,,NGC2099,88.30157470703125,32.360427856445305,0.9726147000000002,14.5488585,0.1058211911621914,,,,,,,,,,,,False,False
3450987363138025856,,,NGC2099,88.30320739746094,32.366661071777344,1.4082905,16.453017,0.1905933565037764,,,,,,,,,,,,False,False
3450987496281377536,,,NGC2099,88.26375579833984,32.355480194091804,1.6257054000000002,17.234395,0.1717752167118629,,,,,,,,,,,,False,False
3450987496281384192,,,NGC2099,88.26140594482422,32.36008071899414,1.8250576,17.647744,0.1992868056993638,,,,,,,,,,,,False,False
3450987496281396608,,,NGC2099,88.25696563720703,32.36920928955078,1.1756654,15.668656,0.1208054214074731,,,,,,,,,,,,False,False
3450987500576986240,,,NGC2099,88.26260375976562,32.36954116821289,1.943297,17.855361000000002,0.2138954250248168,,,,,,,,,,,,False,False
3450987565000885248,,,NGC2099,88.30068969726562,32.378700256347656,1.9189395,17.926747000000002,0.192198588899737,,,,,,,,,,,,False,False
3450987771157238656,,,NGC2099,88.19927978515625,32.33770751953125,1.2269039,15.810292999999998,0.1665252969187705,,,,,,,,,,,,False,False
3450987775451725696,,,NGC2099,88.20326232910156,32.347885131835945,2.3056911,18.766843,0.1978887174856911,,,,,,,,,,,,False,False
3450987775454907136,,,NGC2099,88.19638061523438,32.350372314453125,1.342823,16.402952000000003,0.1303820019004032,,,,,,,,,,,,False,False
3450987775454907776,,,NGC2099,88.19261169433594,32.34596633911133,1.1981697,15.798842999999998,0.1124857499483706,,,,,,,,,,,,False,False
3450987874236459264,,,NGC2099,88.20646667480469,32.36063766479492,1.9223477,17.876044,0.2018034412722492,,,,,,,,,,,,False,False
3450987908598249344,,,NGC2099,88.22810363769531,32.36384963989258,1.1585584,15.646861,0.0903748233400235,,,,,,,,,,,,False,False
3450987912893856000,,,NGC2099,88.21524047851562,32.36327743530273,2.3269506,18.030618,0.3280058243620407,,,,,,,,,,,,False,False
3450987981613337600,,,NGC2099,88.1895523071289,32.35511016845703,0.9943488,14.715245,0.0862659848903197,,,,,,,,,,,,False,False
3450988119052285824,,,NGC2099,88.208984375,32.369712829589844,1.0462623,14.990803,0.1097947683359769,,,,,,,,,,,,False,False
3450988149114368768,,,NGC2099,88.1884765625,32.379684448242195,1.5901328,17.199976500000002,0.1564844138517537,,,,,,,,,,,,False,False
3450988290850972032,,,NGC2099,88.22783660888672,32.381874084472656,1.1325098,15.531833,0.078193558099238,,,,,,,,,,,,False,False
3450988320915142016,,,NGC2099,88.24310302734375,32.39044952392578,1.2472874,16.000268,0.1253055480115398,,,,,,,,,,,,False,False
3450988359570441344,,,NGC2099,88.25846099853516,32.39099884033203,1.0730776,14.371984499999998,0.5630017744348761,,,,,,,,,,,,False,False
3450988531369135488,,,NGC2099,88.2287368774414,32.40493011474609,1.0292231,14.51208,0.3332021692201775,,,,,,,,,,,,False,False
3450988531369137408,,,NGC2099,88.23365783691406,32.39172744750977,0.64117683,12.861753,0.2965844606474662,,,,,,,,,,,,False,False
3450988595793083520,,,NGC2099,88.22469329833984,32.41607666015625,1.8472652,17.832433,0.1779925758066807,,,,,,,,,,,,False,False
3450988668808081536,,,NGC2099,88.25557708740234,32.41288375854492,0.79884876,13.795694999999998,0.1220807811532122,,,,,,,,,,,,False,False
3450988698874465408,,,NGC2099,88.23780822753906,32.41869735717773,1.6240168,17.1756875,0.1828101696717741,,,,,,,,,,,,False,False
3450988703167825664,,,NGC2099,88.2223129272461,32.419708251953125,1.0756263,15.111891,0.1398997998361565,,,,,,,,,,,,False,False
3450988973750929664,,,NGC2099,88.60123443603516,32.13515090942383,1.0208188,14.8344265,0.1132824661205495,,,,,,,,,,,,False,False
3450989356003240064,,,NGC2099,88.64981842041016,32.16011428833008,1.2796631,16.2269295,0.100357259745944,,,,,,,,,,,,False,False
3450989489147123840,,,NGC2099,88.67436218261719,32.18210601806641,1.7709294000000004,17.9381835,0.1324870490710253,,,,,,,,,,,,False,False
3450990558594069760,,,NGC2099,88.61495971679688,32.215415954589844,1.2212296000000002,16.115948500000002,0.0465133371241836,,,,,,,,,,,,False,False
3450990867831709696,,,NGC2099,88.60379028320312,32.239261627197266,1.5364133000000002,17.053120500000002,0.1499343919967017,,,,,,,,,,,,False,False
3450991310213337472,,,NGC2099,88.64533996582031,32.21448135375977,1.3072663,16.3156055,0.1115032998398311,,,,,,,,,,,,False,False
3451307316725098240,,,NGC2099,88.6101303100586,32.945030212402344,1.4582765,16.662092,0.1793496123172141,,,,,,,,,,,,False,False
3450992134847140480,,,NGC2099,88.62857055664062,32.251293182373054,2.1136692,18.576764,0.169253421429221,,,,,,,,,,,,False,False
3451307832121161600,,,NGC2099,88.69891357421875,32.92938232421875,1.7753211999999996,17.2717005,0.2536717310716064,,,,,,,,,,,,False,False
3451307905138013312,,,NGC2099,88.65755462646484,32.92541885375977,1.6679584,16.4383945,0.4917864046273594,,,,,,,,,,,,False,False
3450992723257514752,,,NGC2099,88.68666076660156,32.298439025878906,1.1975705,15.797287,0.1118975870897585,,,,,,,,,,,,False,False
3450993303076986112,,,NGC2099,88.52360534667969,32.212085723876946,1.8335686,17.9052085,0.1615943361795143,,,,,,,,,,,,False,False
3450993547891350400,,,NGC2099,88.4908447265625,32.23046112060547,1.2091799000000003,15.6897115,0.1879881150203541,,,,,,,,,,,,False,False
3450994269445865216,,,NGC2099,88.46532440185547,32.23029327392578,0.45705228,12.2201945,0.1009682122306081,,,,,,,,,,,,False,True
3450994299509436544,,,NGC2099,88.47794342041016,32.243934631347656,1.5122243,16.6808365,0.2243715554528919,,,,,,,,,,,,False,False
3450994471312049536,,,NGC2099,88.48119354248047,32.263973236083984,1.807848,17.6814645,0.1854221046874917,,,,,,,,,,,,False,False
3450994780545843456,,,NGC2099,88.46746826171875,32.296825408935554,1.4214917,16.4874675,0.1941257706494215,,,,,,,,,,,,False,False
3450994952344546688,,,NGC2099,88.52481842041016,32.30490875244141,1.5302015999999998,16.822984,0.199006796138434,,,,,,,,,,,,False,False
3450994991000864000,,,NGC2099,88.53005981445312,32.30925750732422,0.57997486,11.816404,0.2549371367851752,,,,,,,,,,,,False,True
3450995162799026048,,,NGC2099,88.47516632080078,32.302295684814446,1.4903582000000002,16.704465499999998,0.1971848706401995,,,,,,,,,,,,False,False
3450995884353456896,,,NGC2099,88.594482421875,32.352970123291016,0.60037555,12.7860595,0.245306128105553,,,,,,,,,,,,False,True
3450996056152120704,,,NGC2099,88.66049194335938,32.34682464599609,0.9349792,13.7439115,0.6033784313659563,,,,,,,,,,,,False,False
3451311817849327744,,,NGC2099,88.47157287597656,33.014514923095696,0.5303161999999999,12.738838,0.1429167646756501,,,,,,,,,,,,False,True
3451312058369040768,,,NGC2099,88.60021209716797,32.99991989135742,1.8975083,18.459602,0.1195267013488567,,,,,,,,,,,,False,False
3450997155664376832,,,NGC2099,88.6232681274414,32.38727569580078,1.1310030999999998,15.4570105,0.1120958286505251,,,,,,,,,,,,False,False
3450997361822198400,,,NGC2099,88.56121063232422,32.397842407226555,1.3493560999999998,16.388720499999998,0.142227131646907,,,,,,,,,,,,False,False
3450998834996315392,,,NGC2099,88.76142120361328,32.34855270385742,2.0151508,18.051008,0.2089721337256825,,,,,,,,,,,,False,False
3451002339689739776,,,NGC2099,88.65129089355469,32.40909957885742,2.3561962,18.7786085,0.2092199434101745,,,,,,,,,,,,False,False
3451002477126518016,,,NGC2099,88.67379760742188,32.42886734008789,1.4029682,16.604423500000003,0.1412550439773962,,,,,,,,,,,,False,False
3451003610996678528,,,NGC2099,88.68141174316406,32.455162048339844,2.027375,17.822785500000002,0.2549019690043363,,,,,,,,,,,,False,False
3451003920241781248,,,NGC2099,88.67064666748047,32.483078002929695,2.02896,18.3630445,0.169723619185538,,,,,,,,,,,,False,False
3451004538709672448,,,NGC2099,88.73811340332031,32.499645233154304,1.4149043,17.110881000000003,0.0575364663974556,,,,,,,,,,,,False,False
3451004817885249792,,,NGC2099,88.810791015625,32.51456451416016,1.1072919,15.54323,0.0065111407033378,,,,,,,,,,,,False,False
3451005054104900352,,,NGC2099,88.77689361572266,32.52588653564453,0.42678045,11.9008785,0.0803752397311717,,,,,,,,,,,,False,True
3451005230202086912,,,NGC2099,88.81668853759766,32.56446075439453,1.8339062,17.5616095,0.2200032292730684,,,,,,,,,,,,False,False
3451005535142096768,,,NGC2099,88.70401763916016,32.51149368286133,1.6041457,17.638358,0.0975226823637453,,,,,,,,,,,,False,False
3451006501509726976,,,NGC2099,88.44379425048828,32.301464080810554,1.735878,17.937714500000002,0.118826437637054,,,,,,,,,,,,False,False
3451006634656848000,,,NGC2099,88.40110778808594,32.29893112182617,1.3507843000000002,16.2370225,0.1946584111716447,,,,,,,,,,,,False,False
3451006909533527296,,,NGC2099,88.45232391357422,32.32009506225586,1.1793275,15.6655375,0.1308745799133979,,,,,,,,,,,,False,False
3451323332660423040,,,NGC2099,88.41273498535156,33.022491455078125,0.7537425,13.413182,0.304239186054438,,,,,,,,,,,,False,False
3451006913829543040,,,NGC2099,88.464599609375,32.32159423828125,0.88033253,14.0064395,0.1791358384295004,,,,,,,,,,,,False,False
3451323431440981504,,,NGC2099,88.41183471679688,33.02797317504883,1.4536994,16.270926999999997,0.318650570211314,,,,,,,,,,,,False,False
3451323637599424000,,,NGC2099,88.4456787109375,33.040740966796875,1.3941138,16.069864,0.3354262037187741,,,,,,,,,,,,False,False
3451007291786249984,,,NGC2099,88.4320297241211,32.36757278442383,0.9615746,14.3034805,0.2165420042613869,,,,,,,,,,,,False,False
3451323912477353856,,,NGC2099,88.43132781982422,33.05675506591797,1.8297523,17.175244,0.3140823745182087,,,,,,,,,,,,False,False
3451007802886114560,,,NGC2099,88.34394836425781,32.36117172241211,0.6690126,12.857327,0.3439620829099316,,,,,,,,,,,,False,False
3451007871609227776,,,NGC2099,88.37479400634766,32.366744995117195,2.6927028,18.682849,0.3106333101497184,,,,,,,,,,,,False,False
3451324152995491840,,,NGC2099,88.38436889648438,33.031661987304695,1.2471249999999998,15.77305,0.227342476491514,,,,,,,,,,,,False,False
3451324152996994816,,,NGC2099,88.38225555419922,33.044204711914055,1.1087597,15.044584,0.3077314157147657,,,,,,,,,,,,False,False
3451324191653888256,,,NGC2099,88.3584213256836,33.04688262939453,0.673478,13.351848,0.1613708988339735,,,,,,,,,,,,False,False
3451007944621290880,,,NGC2099,88.36177825927734,32.37479782104492,0.9307638,14.473208,0.0005806495426445,,,,,,,,,,,,False,False
3451007978981021952,,,NGC2099,88.3810806274414,32.390586853027344,1.4799023,16.7707825,0.1700484768501071,,,,,,,,,,,,False,False
3451008013340757760,,,NGC2099,88.4174575805664,32.37271499633789,1.4803696000000002,16.7555655,0.1743552121789899,,,,,,,,,,,,False,False
3451008180843948416,,,NGC2099,88.4464340209961,32.404891967773445,0.52123617,12.3890225,0.1746874204674287,,,,,,,,,,,,False,True
3451008219499181440,,,NGC2099,88.41960144042969,32.39734649658203,0.7827554400000001,13.650096499999998,0.2157735291298653,,,,,,,,,,,,False,False
3451008283923145984,,,NGC2099,88.39543914794922,32.39532852172852,1.6678677000000002,17.2747465,0.1890031435802326,,,,,,,,,,,,False,False
3451008494377083648,,,NGC2099,88.40605163574219,32.42580795288086,1.3054637000000002,16.2534325,0.1275507737395293,,,,,,,,,,,,False,False
3451008593164812416,,,NGC2099,88.51673889160156,32.37945938110352,2.2408337,18.8283305,0.1746397051179549,,,,,,,,,,,,False,False
3451008631816420736,,,NGC2099,88.50186157226562,32.375316619873054,0.7918068999999999,13.6690365,0.2254984849048164,,,,,,,,,,,,False,False
3451008666176148096,,,NGC2099,88.51264190673828,32.388076782226555,1.3803104,16.550406499999998,0.1321333118585079,,,,,,,,,,,,False,False
3451327627627712128,,,NGC2099,88.34254455566406,33.10274887084961,1.0407155,14.871922,0.1663045003552097,,,,,,,,,,,,False,False
3451009727031458560,,,NGC2099,88.45099639892578,32.417556762695305,0.52555727,11.9961855,0.1941234868220845,23.218481,109.65348,4.722681040159346,,,,,,,,,True,True
3451009731327655808,,,NGC2099,88.4459228515625,32.424819946289055,1.6486804000000002,16.9168455,0.2666691213222115,,,,,,,,,,,,False,False
3451009971845817600,,,NGC2099,88.45975494384766,32.441131591796875,1.2520984999999998,16.0049395,0.1317492810428536,,,,,,,,,,,,False,False
3451010452882125312,,,NGC2099,88.52555847167969,32.499202728271484,1.0756633000000002,14.2535275,0.6447389020957505,,,,,,,,,,,,False,False
3451010659040554240,,,NGC2099,88.52352905273438,32.505783081054695,1.0660665,15.2571835,0.0199011655136113,,,,,,,,,,,,False,False
3451010727760029056,,,NGC2099,88.51168060302734,32.520034790039055,0.3916792,12.1675655,0.022591494629657,,,,,,,,,,,,False,True
3451010830839753600,,,NGC2099,88.31629180908203,32.36867904663086,1.0021334,14.519030499999998,0.2309840180086412,,,,,,,,,,,,False,False
3451010963982748800,,,NGC2099,88.34339141845703,32.40019989013672,1.104246,15.327844999999998,0.1038744964784356,,,,,,,,,,,,False,False
3451011204500939904,,,NGC2099,88.33246612548828,32.42044448852539,2.0820578000000003,18.616352000000003,0.1561793896090421,,,,,,,,,,,,False,False
3451011277515906176,,,NGC2099,88.3316421508789,32.427108764648445,1.5734844,17.176719000000002,0.150404778229742,,,,,,,,,,,,False,False
3451011449314582656,,,NGC2099,88.4027328491211,32.42985153198242,1.2807025000000003,16.1140305,0.138136378178196,,,,,,,,,,,,False,False
3451011483674317056,,,NGC2099,88.4025650024414,32.44620132446289,0.7630662000000001,13.6104435,0.1941237104216558,,,,,,,,,,,,False,False
3451011513738626432,,,NGC2099,88.38787841796875,32.449398040771484,1.4862574000000002,16.836083499999997,0.1594317402592928,,,,,,,,,,,,False,False
3451011552393791616,,,NGC2099,88.39806365966797,32.457141876220696,0.9111594,14.2905405,0.0507740122242712,,,,,,,,,,,,False,False
3451011621113280896,,,NGC2099,88.35877227783203,32.4447021484375,0.7894134999999999,13.7327195,0.1576652811089355,,,,,,,,,,,,False,False
3451011758552220928,,,NGC2099,88.38230895996094,32.47231292724609,0.7814176,13.770828,0.0925017035703553,,,,,,,,,,,,False,False
3451011758552221056,,,NGC2099,88.3925552368164,32.4636116027832,0.7296427600000001,13.5663125,0.1408879730629007,,,,,,,,,,,,False,False
3451011822976299264,,,NGC2099,88.379638671875,32.47131729125977,1.2951678,16.269435499999997,0.1089874545595702,,,,,,,,,,,,False,False
3451011861631476352,,,NGC2099,88.28314971923828,32.40267944335937,1.1429526,14.698123999999998,0.6672690145864042,,,,,,,,,,,,False,False
3451011964710679168,,,NGC2099,88.29328155517578,32.43450927734375,1.2909852,15.4277215,0.5928976809625004,,,,,,,,,,,,False,False
3451011994774942848,,,NGC2099,88.30911254882812,32.435306549072266,1.308323,16.0611825,0.2021065163150236,,,,,,,,,,,,False,False
3451012029134687232,,,NGC2099,88.31572723388672,32.439315795898445,1.3929926,16.514620999999998,0.1551237554851965,,,,,,,,,,,,False,False
3451012029134698240,,,NGC2099,88.32445526123047,32.44756317138672,1.2176829000000002,15.8535535,0.1289112263061971,,,,,,,,,,,,False,False
3451012029134698368,,,NGC2099,88.32062530517578,32.44805908203125,1.4774895,16.766489500000002,0.1690465716390469,,,,,,,,,,,,False,False
3451012063493493760,,,NGC2099,88.302490234375,32.44913864135742,0.47186856,12.4582275,0.1004058477881049,,,,,,,,,,,,False,True
3451012102149625216,,,NGC2099,88.30531311035156,32.45979690551758,1.1732357999999998,14.9704575,0.6070246949635435,,,,,,,,,,,,False,False
3451012132213888000,,,NGC2099,88.26285552978516,32.42940139770508,0.88716406,13.925826,0.2832986428827037,,,,,,,,,,,,False,False
3451012132213891456,,,NGC2099,88.27323150634766,32.433353424072266,2.0996266,18.8322985,0.1394610794217379,,,,,,,,,,,,False,False
3451012132213893120,,,NGC2099,88.2674789428711,32.434295654296875,1.610918,17.093693000000002,0.1923062037461985,,,,,,,,,,,,False,False
3451012136509380352,,,NGC2099,88.26764678955078,32.42526626586914,1.2277774,15.361175,0.4638950526117729,,,,,,,,,,,,False,False
3451012170869110400,,,NGC2099,88.28003692626953,32.442806243896484,1.2231255,15.964934499999998,0.0961904876875615,,,,,,,,,,,,False,False
3451012200933385088,,,NGC2099,88.2484130859375,32.44601058959961,2.0191151,18.3179705,0.1722616210495192,,,,,,,,,,,,False,False
3451012273948319872,,,NGC2099,88.29151916503906,32.457569122314446,0.85721975,13.8850895,0.2227286847436533,,,,,,,,,,,,False,False
3451012308308055552,,,NGC2099,88.30349731445312,32.46095657348633,1.1480445,15.3564425,0.2225498459415173,,,,,,,,,,,,False,False
3451012338372362368,,,NGC2099,88.27027893066406,32.466014862060554,1.3288600000000002,16.228635,0.1676274709517039,,,,,,,,,,,,False,False
3451012342667798016,,,NGC2099,88.27888488769531,32.46317672729492,0.94676936,14.259928,0.1952419051197608,,,,,,,,,,,,False,False
3451012411387265152,,,NGC2099,88.33122253417969,32.462112426757805,0.7291432,13.6061735,0.1040328254864316,,,,,,,,,,,,False,False
3451012445746998272,,,NGC2099,88.34317779541016,32.4699592590332,1.1284417,15.3869825,0.1439562124392205,,,,,,,,,,,,False,False
3451012475811324416,,,NGC2099,88.32121276855469,32.467140197753906,2.1221428,18.4344105,0.1890511434442269,,,,,,,,,,,,False,False
3451012514466478592,,,NGC2099,88.32879638671875,32.470001220703125,0.7061032000000002,13.460728500000002,0.1637787762475351,,,,,,,,,,,,False,False
3451012544530800256,,,NGC2099,88.35063934326172,32.467330932617195,1.4952716,16.8501655,0.1634615052295865,,,,,,,,,,,,False,False
3451012548826210176,,,NGC2099,88.35025024414062,32.474464416503906,0.9772088,14.605731999999998,0.0885410507835979,,,,,,,,,,,,False,False
3451012750689247232,,,NGC2099,88.29766845703125,32.48593521118164,1.3942119000000002,16.529296000000002,0.152309546521747,,,,,,,,,,,,False,False
3451012750689249280,,,NGC2099,88.3024673461914,32.4871826171875,1.3284499,16.256963,0.1573111260198212,,,,,,,,,,,,False,False
3451012789344384000,,,NGC2099,88.31057739257812,32.490447998046875,1.7280738000000002,17.397714500000003,0.1982012656960203,,,,,,,,,,,,False,False
3451012858063847040,,,NGC2099,88.34916687011719,32.508499145507805,1.2325123,15.722951,0.2228211717423075,,,,,,,,,,,,False,False
3451012858063850368,,,NGC2099,88.33824157714844,32.5048828125,2.0530006,18.14461,0.2077870353109122,,,,,,,,,,,,False,False
3451012888127382912,,,NGC2099,88.32888793945312,32.50973129272461,0.5667221,12.7286415,0.2024017112383555,,,,,,,,,,,,False,True
3451012888128234112,,,NGC2099,88.31827545166016,32.512279510498054,1.3318722,16.2293105,0.1715360379402582,,,,,,,,,,,,False,False
3451012892423594240,,,NGC2099,88.31967163085938,32.499549865722656,1.2175638,15.709656,0.1965277380773759,,,,,,,,,,,,False,False
3451012926784288896,,,NGC2099,88.33619689941406,32.52268218994141,1.4430512,16.569434,0.1913109329875322,,,,,,,,,,,,False,False
3451013059926893056,,,NGC2099,88.41920471191406,32.48282241821289,1.7912734999999995,17.6321635,0.1862527047317218,,,,,,,,,,,,False,False
3451013339100175616,,,NGC2099,88.3948745727539,32.50635528564453,1.0116217,13.9997505,0.6387843697185308,,,,,,,,,,,,False,False
3451013437884047232,,,NGC2099,88.41114044189453,32.51054000854492,0.99744497,14.537318,0.2035996784286224,,,,,,,,,,,,False,False
3451013781481438464,,,NGC2099,88.43788146972656,32.51773834228516,2.2360729000000004,18.7873795,0.1779276225482153,,,,,,,,,,,,False,False
3451014125078812288,,,NGC2099,88.35843658447266,32.50996780395508,1.6656617,17.444218,0.1559517332111446,,,,,,,,,,,,False,False
3451013884560679296,,,NGC2099,88.44586181640625,32.544933319091804,1.0333827999999998,15.050704499999998,0.0236941738616778,,,,,,,,,,,,False,False
3451014163733898112,,,NGC2099,88.3765640258789,32.514781951904304,0.8430079,13.834748,0.2267390581688142,,,,,,,,,,,,False,False
3451014228158040448,,,NGC2099,88.40645599365234,32.52294921875,1.5417179,17.017985499999998,0.1609960577740474,,,,,,,,,,,,False,False
3451014335532594944,,,NGC2099,88.35248565673828,32.51264190673828,1.5677249999999998,17.036467,0.1754155505279667,,,,,,,,,,,,False,False
3451014468676227072,,,NGC2099,88.36546325683594,32.54367828369141,2.0913495,18.847602,0.1360512228658259,,,,,,,,,,,,False,False
3451014679129958400,,,NGC2099,88.40719604492188,32.54724502563477,1.2248718,15.0871205,0.7011099222567233,,,,,,,,,,,,False,False
3451014747849424896,,,NGC2099,88.43900299072266,32.556991577148445,0.73151054,13.6000495,0.1162072351533012,,,,,,,,,,,,False,False
3451014816568899200,,,NGC2099,88.43042755126953,32.578197479248054,1.7885498,17.6453025,0.1827040650373238,,,,,,,,,,,,False,False
3451014846630360832,,,NGC2099,88.44305419921875,32.5924072265625,2.3269638,18.4326085,0.2505601941613729,,,,,,,,,,,,False,False
3451014988367596160,,,NGC2099,88.39471435546875,32.583045959472656,1.2247746,15.8737855,0.1342574766432687,,,,,,,,,,,,False,False
3451015087148532736,,,NGC2099,88.40167236328125,32.59804534912109,1.5515812,16.720072,0.2479126225166137,,,,,,,,,,,,False,False
3451015435044183296,,,NGC2099,88.576171875,32.47414016723633,0.6742923,13.4100345,0.1253301517270996,,,,,,,,,,,,False,False
3451015538123390464,,,NGC2099,88.5721435546875,32.502147674560554,1.0093677,14.688743999999998,0.1602477297559587,,,,,,,,,,,,False,False
3451015572483122304,,,NGC2099,88.59481048583984,32.50450897216797,1.1860778,15.659803999999998,0.149579716181558,,,,,,,,,,,,False,False
3451015709922395776,,,NGC2099,88.64659118652344,32.49735641479492,1.0754535,15.3044995,0.0253257175873864,,,,,,,,,,,,False,False
3451016053519450752,,,NGC2099,88.59783935546875,32.53359603881836,0.8866737,13.6085525,0.5379249324687211,,,,,,,,,,,,False,False
3451016255380452992,,,NGC2099,88.5428466796875,32.494651794433594,1.3629863000000002,16.601775500000002,0.102245992932583,,,,,,,,,,,,False,False
3451016530264519168,,,NGC2099,88.53311157226562,32.51546096801758,0.8885371599999999,14.2061285,0.0339121412247673,,,,,,,,,,,,False,False
3451016775074289024,,,NGC2099,88.55247497558594,32.56884384155273,1.1644723,15.2393845,0.3592294471897823,,,,,,,,,,,,False,False
3451016839495267200,,,NGC2099,88.60407257080078,32.544326782226555,1.714051,17.3972245,0.1906259065109014,,,,,,,,,,,,False,False
3451016873862420480,,,NGC2099,88.58993530273438,32.55474090576172,1.991759,18.654282,0.1280207257177884,,,,,,,,,,,,False,False
3451017080020652032,,,NGC2099,88.56814575195312,32.56618881225586,0.9722811999999998,14.6210125,0.0606943946522338,,,,,,,,,,,,False,False
3451017084311601280,,,NGC2099,88.5658187866211,32.564468383789055,1.0090568000000002,14.7753255,0.1053394911491614,,,,,,,,,,,,False,False
3451018454403014016,,,NGC2099,88.64598083496094,32.585216522216804,1.2363946,15.8208545,0.1808552561624218,,,,,,,,,,,,False,False
3451018321262133120,,,NGC2099,88.72269439697266,32.62788772583008,1.3130329,16.2885435,0.1268367343889075,,,,,,,,,,,,False,False
3451018488762761344,,,NGC2099,88.64254760742188,32.59525680541992,1.5053604,16.920282500000003,0.1553495584019346,,,,,,,,,,,,False,False
3451018974097177984,,,NGC2099,88.63212585449219,32.65014266967773,0.7373419,13.4943675,0.2158669970755281,,,,,,,,,,,,False,False
3451019244677067520,,,NGC2099,88.69868469238281,32.67357635498047,0.4850034999999999,12.4860805,0.1156549123623809,,,,,,,,,,,,False,True
3451019588274238976,,,NGC2099,88.51583099365234,32.559627532958984,1.0478179,14.9767915,0.1248350037674942,,,,,,,,,,,,False,False
3451019901810168704,,,NGC2099,88.47101593017578,32.57279586791992,1.1225278000000003,14.9661225,0.4169186445880228,,,,,,,,,,,,False,False
3451020039249109760,,,NGC2099,88.489990234375,32.595909118652344,1.0983843,15.2762205,0.1153472131681905,,,,,,,,,,,,False,False
3451020863879594368,,,NGC2099,88.47239685058594,32.62752151489258,2.1034937,18.8028175,0.1431466971468015,,,,,,,,,,,,False,False
3451020962663805952,,,NGC2099,88.45388793945312,32.6171875,1.1882658,15.7317075,0.1204595978278588,,,,,,,,,,,,False,False
3451021070042274944,,,NGC2099,88.46469116210938,32.63545608520508,1.5517054,16.9647185,0.1802472045903258,,,,,,,,,,,,False,False
3451021134462510848,,,NGC2099,88.44302368164062,32.642822265625,1.4756779,16.780014499999997,0.1640973615655108,,,,,,,,,,,,False,False
3451021173120465792,,,NGC2099,88.4649429321289,32.654747009277344,1.0049877,14.4534345,0.2779155281461631,,,,,,,,,,,,False,False
3451021443700170368,,,NGC2099,88.52494049072266,32.674320220947266,1.5231161,16.9669365,0.1584958691238435,,,,,,,,,,,,False,False
3451021516718872832,,,NGC2099,88.49783325195312,32.662864685058594,1.4125967,16.597506499999998,0.1526228242264403,,,,,,,,,,,,False,False
3451021959096392448,,,NGC2099,88.5980224609375,32.66419219970703,2.2422324,18.1488765,0.2729050317723113,,,,,,,,,,,,False,False
3451022337053527040,,,NGC2099,88.6437759399414,32.68613052368164,1.5420163,17.167928,0.1319133661578908,,,,,,,,,,,,False,False
3451022822387850880,,,NGC2099,88.64383697509766,32.745864868164055,1.4328568,15.961232,0.4688463902173826,,,,,,,,,,,,False,False
3451022994183324416,,,NGC2099,88.57271575927734,32.69380569458008,2.0826483,18.6935525,0.1483838118374557,,,,,,,,,,,,False,False
3451023127327355392,,,NGC2099,88.53022766113281,32.69049835205078,2.078887,18.1154205,0.221515010525349,,,,,,,,,,,,False,False
3451023165985261824,,,NGC2099,88.54161071777344,32.71491241455078,0.8455565,13.659355,0.3905898488462668,,,,,,,,,,,,False,False
3451100299300360064,,,NGC2099,88.80160522460938,32.64007568359375,1.8075797,17.424142500000002,0.235688213884885,,,,,,,,,,,,False,False
3451116345298568832,,,NGC2099,88.69940948486328,32.72876739501953,2.2148182000000003,18.425755,0.2180028743234758,,,,,,,,,,,,False,False
3451116345298596352,,,NGC2099,88.69584655761719,32.73434066772461,1.5139172,16.953070999999998,0.1546510188250789,,,,,,,,,,,,False,False
3451165411004102912,,,NGC2099,87.96435546875,32.18005752563477,2.2811334000000003,18.813578,0.1862439141079589,,,,,,,,,,,,False,False
3451165479723587584,,,NGC2099,87.952392578125,32.19021224975586,1.9740034,17.859221,0.2257997338950022,,,,,,,,,,,,False,False
3451165965056848000,,,NGC2099,87.88666534423828,32.18098831176758,1.3715989,16.116753,0.2760726459210381,,,,,,,,,,,,False,False
3451166377377251584,,,NGC2099,87.89574432373047,32.19777297973633,1.5845353,16.611223,0.318337332672637,,,,,,,,,,,,False,False
3451166407436528128,,,NGC2099,87.8820571899414,32.197471618652344,1.3415662,16.295188500000002,0.1618324599173801,,,,,,,,,,,,False,False
3451166514816190464,,,NGC2099,87.93182373046875,32.22359848022461,1.2012804,15.807061,0.1154492511742988,,,,,,,,,,,,False,False
3451166854113189504,,,NGC2099,87.89613342285156,32.25122833251953,1.4987675,16.744049,0.1936147953168951,,,,,,,,,,,,False,False
3451166995848956288,,,NGC2099,87.98568725585938,32.20913314819336,1.6689707000000005,16.513584,0.4505902725983446,,,,,,,,,,,,False,False
3451167060271581056,,,NGC2099,88.01520538330078,32.215335845947266,2.1115728,18.440891,0.1850621493484011,,,,,,,,,,,,False,False
3451167060271584512,,,NGC2099,88.0113525390625,32.21825408935547,1.4732176,16.805052,0.1559378337334414,,,,,,,,,,,,False,False
3451167305090159488,,,NGC2099,87.98190307617188,32.227230072021484,1.1618097000000005,15.3971095,0.2374640094446075,,,,,,,,,,,,False,False
3451167369509267584,,,NGC2099,87.97041320800781,32.247840881347656,1.0683506,15.031778,0.1659837608919962,,,,,,,,,,,,False,False
3451167511248580608,,,NGC2099,88.01560974121094,32.23971176147461,1.2864672,15.798222,0.2955110717386646,,,,,,,,,,,,False,False
3451167575667715584,,,NGC2099,88.0508041381836,32.26011276245117,1.3260641999999998,16.061436499999996,0.2305561401680271,,,,,,,,,,,,False,False
3451167678746955008,,,NGC2099,88.03804779052734,32.277103424072266,1.4156854,16.499616,0.1839745175965152,,,,,,,,,,,,False,False
3451167717407008384,,,NGC2099,88.0086669921875,32.256202697753906,1.6546656,17.367949,0.163337070321597,,,,,,,,,,,,False,False
3451167747466420864,,,NGC2099,88.01920318603516,32.268081665039055,1.8926805,17.832839500000002,0.1968282961031881,,,,,,,,,,,,False,False
3451167923565431168,,,NGC2099,88.00996398925781,32.283748626708984,0.8366953,13.849073,0.1908667135709462,,,,,,,,,,,,False,False
3451167987984528896,,,NGC2099,87.93144226074219,32.22858047485352,1.6967552,17.384795999999998,0.1835433576649279,,,,,,,,,,,,False,False
3451168022344294272,,,NGC2099,87.9474868774414,32.2499885559082,1.2228895,15.788992,0.1682717632964842,,,,,,,,,,,,False,False
3451168159783287936,,,NGC2099,87.96922302246094,32.27414321899414,1.6714112,17.380535,0.1703424857875143,,,,,,,,,,,,False,False
3451168194143011840,,,NGC2099,87.95592498779297,32.26659393310547,1.213888,15.826207000000002,0.132955678899428,,,,,,,,,,,,False,False
3451168331581957760,,,NGC2099,87.89801025390625,32.26279067993164,1.0037344,14.647096,0.1636856908024129,,,,,,,,,,,,False,False
3451168365941714560,,,NGC2099,87.9126968383789,32.27531051635742,2.1771962,18.552721,0.1899152223802459,,,,,,,,,,,,False,False
3451168438961517312,,,NGC2099,87.95066833496094,32.290252685546875,0.6489465999999999,13.1641065,0.2095321828667221,,,,,,,,,,,,False,False
3451168469020941952,,,NGC2099,87.92559814453125,32.28480911254883,2.3214899,18.585161000000003,0.225884804593787,,,,,,,,,,,,False,False
3451168469020946944,,,NGC2099,87.91351318359375,32.288936614990234,2.0032612,18.410404,0.1562324756978267,,,,,,,,,,,,False,False
3451168572100171904,,,NGC2099,87.98653411865234,32.29037094116211,1.1313969,15.323747,0.191899611029115,,,,,,,,,,,,False,False
3451168606459899008,,,NGC2099,87.9675521850586,32.28622817993164,2.1776551000000004,17.8591675,0.3092484944234072,,,,,,,,,,,,False,False
3451168645119938944,,,NGC2099,87.97990417480469,32.302902221679695,1.0179821,14.666397,0.2064608720393798,,,,,,,,,,,,False,False
3451168743898894208,,,NGC2099,87.98928833007812,32.313491821289055,1.6863607000000005,17.0989095,0.2419292145024637,,,,,,,,,,,,False,False
3451168778258642304,,,NGC2099,87.99559020996094,32.320068359375,1.137388,15.508877999999996,0.1026409052969242,,,,,,,,,,,,False,False
3451168782558883328,,,NGC2099,87.99978637695312,32.32998275756836,0.9212024,14.278326,0.0939857478036298,,,,,,,,,,,,False,False
3451168881337846656,,,NGC2099,87.94717407226562,32.31431198120117,1.4870651,16.792026500000002,0.1708304696289574,,,,,,,,,,,,False,False
3451169121855816192,,,NGC2099,87.80325317382812,32.20004272460937,0.5179105,12.6596365,0.1389704261538277,,,,,,,,,,,,False,True
3451169396733788416,,,NGC2099,87.79113006591797,32.21926498413086,1.4066224,16.448192499999998,0.1902778578495527,,,,,,,,,,,,False,False
3451169813347522304,,,NGC2099,87.87019348144531,32.26479339599609,1.9182931,17.9821235,0.1834208568667187,,,,,,,,,,,,False,False
3451169980849416832,,,NGC2099,87.81074523925781,32.267807006835945,1.8352929,17.5362085,0.2258845910768923,,,,,,,,,,,,False,False
3451170156948457344,,,NGC2099,87.84101867675781,32.30030059814453,1.0877302000000002,15.2447635,0.0989529924162231,,,,,,,,,,,,False,False
3451170156948458240,,,NGC2099,87.83879852294922,32.29832077026367,1.00503903,14.6563665,0.1631365232458372,,,,,,,,,,,,False,False
3451170187007778816,,,NGC2099,87.76421356201172,32.227996826171875,2.4117607,18.8676835,0.2118420658620012,,,,,,,,,,,,False,False
3451170363106907264,,,NGC2099,87.78838348388672,32.26755142211914,0.9767657,14.350860999999998,0.2388688662599893,,,,,,,,,,,,False,False
3451170397466652928,,,NGC2099,87.76551818847656,32.265060424804695,1.1824265,15.5274995,0.2133020223280514,,,,,,,,,,,,False,False
3451170534905613312,,,NGC2099,87.73102569580078,32.26374053955078,2.0581242,17.586077000000003,0.3236703440153607,,,,,,,,,,,,False,False
3451170702410030464,,,NGC2099,87.75383758544922,32.29553604125977,0.5788274,12.7611205,0.2155230426396819,,,,,,,,,,,,False,True
3451170809783500288,,,NGC2099,87.78915405273438,32.2922248840332,1.4283057,10.1845465,0.3039492969946971,6.0979447,2.5812123,0.4232921790845364,,,,,,,,,True,False
3451170977281891968,,,NGC2099,87.82849884033203,32.32106399536133,2.0362271,18.018698500000003,0.2221051298982294,,,,,,,,,,,,False,False
3451170981582172544,,,NGC2099,87.83277893066406,32.32058334350586,1.3965862000000002,16.5454435,0.15035331298209,,,,,,,,,,,,False,False
3451171149081452800,,,NGC2099,87.80309295654297,32.324172973632805,2.3122159000000004,18.2178725,0.2836403790387971,,,,,,,,,,,,False,False
3451171153380872448,,,NGC2099,87.80536651611328,32.32316207885742,0.9709235,14.5177085,0.1182300198381528,,,,,,,,,,,,False,False
3451171428258762240,,,NGC2099,87.90695190429688,32.297924041748054,1.0992027000000002,15.261607,0.1268660497241554,,,,,,,,,,,,False,False
3451171527037704448,,,NGC2099,87.9145278930664,32.3173713684082,1.7567526000000002,17.443585000000002,0.204401982072582,,,,,,,,,,,,False,False
3451171668773372160,,,NGC2099,87.86520385742188,32.317195892333984,1.5957569,16.692609,0.2976569970925051,,,,,,,,,,,,False,False
3451171767555892992,,,NGC2099,87.87352752685547,32.33182907104492,1.5313285,16.922523,0.174797902059113,,,,,,,,,,,,False,False
3451171771856140544,,,NGC2099,87.88404083251953,32.338680267333984,1.3525566,15.9491875,0.3336510792232778,,,,,,,,,,,,False,False
3451171771856142080,,,NGC2099,87.87959289550781,32.3375244140625,1.1889193999999998,15.75579,0.1112773112354339,,,,,,,,,,,,False,False
3451171874935344256,,,NGC2099,87.94894409179688,32.3338623046875,1.1262766000000002,15.516095999999996,0.0690679828922409,,,,,,,,,,,,False,False
3451171973714352000,,,NGC2099,87.95325469970703,32.3509521484375,0.7806162,13.7565825,0.1052358235158513,,,,,,,,,,,,False,False
3451172111153293696,,,NGC2099,87.90785217285156,32.345008850097656,1.134931,15.336832,0.1946101333527117,,,,,,,,,,,,False,False
3451172248592273024,,,NGC2099,87.9410400390625,32.36336898803711,1.6775099,17.225022499999998,0.2055435923010152,,,,,,,,,,,,False,False
3451172282952037248,,,NGC2099,87.94832611083984,32.384315490722656,1.9962118,17.741968,0.2582021069345043,,,,,,,,,,,,False,False
3451172287248611840,,,NGC2099,87.9515380859375,32.37194061279297,0.7473755999999999,13.076845,0.4249537237773109,,,,,,,,,,,,False,False
3451172287252195456,,,NGC2099,87.9456558227539,32.382434844970696,0.73758483,13.670983,0.0640219957775745,,,,,,,,,,,,False,False
3451172390331444992,,,NGC2099,87.8426513671875,32.314865112304695,1.1348799,15.481359,0.1100255970064176,,,,,,,,,,,,False,False
3451172424691177984,,,NGC2099,87.85409545898438,32.32723999023437,0.6667636499999999,13.338434,0.1550730475743534,,,,,,,,,,,,False,False
3451172592189387392,,,NGC2099,87.86148834228516,32.35048675537109,1.3788847000000002,10.628620000000002,0.4529614429269249,15.28768,3.2930949,0.21540841383388454,,,,,,,,,True,False
3451172660909954944,,,NGC2099,87.81689453125,32.344345092773445,0.8556018,14.052596499999998,0.04979242023059,,,,,,,,,,,,False,False
3451172940087239552,,,NGC2099,87.88188934326172,32.365020751953125,1.2504753000000002,16.128098,0.0875253493886957,,,,,,,,,,,,False,False
3451173004506524672,,,NGC2099,87.87745666503906,32.373367309570305,2.1723903,18.700715,0.1711774706240364,,,,,,,,,,,,False,False
3451173073226012288,,,NGC2099,87.91202545166016,32.380870819091804,1.2835957000000002,16.002025,0.1864879644857657,,,,,,,,,,,,False,False
3451177265114205312,,,NGC2099,88.099609375,32.473953247070305,1.1653325,14.8861995,0.6398682357483618,,,,,,,,,,,,False,False
3451173107586623616,,,NGC2099,87.9165267944336,32.402286529541016,1.4396635,16.577427,0.1854670444882394,,,,,,,,,,,,False,False
3451173279385297536,,,NGC2099,87.85470581054688,32.390731811523445,1.3645406,15.8200735,0.4409809307521927,,,,,,,,,,,,False,False
3451173313745059328,,,NGC2099,87.86752319335938,32.40719223022461,1.6850392,17.3960015,0.1749764599765879,,,,,,,,,,,,False,False
3451173313758759168,,,NGC2099,87.87371826171875,32.41282272338867,0.94866515,14.478317,0.0616539115426491,,,,,,,,,,,,False,False
3451173318040777216,,,NGC2099,87.8701171875,32.401931762695305,2.2490479000000003,18.53888,0.2120332971349766,,,,,,,,,,,,False,False
3451173318044355840,,,NGC2099,87.85894012451172,32.408641815185554,0.51206828,12.9155425,0.0629898887834744,,,,,,,,,,,,False,False
3451173386764850304,,,NGC2099,87.90181732177734,32.430912017822266,1.3786666,16.594149,0.1196230523251397,,,,,,,,,,,,False,False
3451173588621991040,,,NGC2099,88.07101440429688,32.29924774169922,1.3172643,16.2081225,0.1587008794699552,,,,,,,,,,,,False,False
3451173627281984128,,,NGC2099,88.08683013916016,32.29864501953125,1.3429334,16.3663005,0.1411463479890683,,,,,,,,,,,,False,False
3451173730361361408,,,NGC2099,88.09008026123047,32.317684173583984,1.0282350999999998,14.7051235,0.2228223351569725,,,,,,,,,,,,False,False
3451173794780444800,,,NGC2099,88.05796813964844,32.31623077392578,1.7616379000000002,16.6464445,0.4738911672889475,,,,,,,,,,,,False,False
3451173829140167680,,,NGC2099,88.02876281738281,32.309154510498054,1.9065397,17.772899,0.2131153984179707,,,,,,,,,,,,False,False
3451173902159888896,,,NGC2099,88.07087707519531,32.326221466064446,0.9930646,14.7266595,0.0741552271836611,,,,,,,,,,,,False,False
3451174005239102208,,,NGC2099,88.06787872314453,32.33815383911133,2.0410027,18.15894,0.2014432175157288,,,,,,,,,,,,False,False
3451174039598835200,,,NGC2099,88.109619140625,32.32659149169922,1.9138564,17.707392000000002,0.2286403681856809,,,,,,,,,,,,False,False
3451174108318313472,,,NGC2099,88.0942611694336,32.33247756958008,0.7016606,13.482607000000002,0.1370424002997101,,,,,,,,,,,,False,False
3451174207097351296,,,NGC2099,88.13638305664062,32.3505744934082,1.7036689,17.479972999999998,0.1696999508162633,,,,,,,,,,,,False,False
3451174207097361280,,,NGC2099,88.13570404052734,32.353652954101555,1.725117,17.54586,0.1691775357528715,,,,,,,,,,,,False,False
3451174211397698304,,,NGC2099,88.14138793945312,32.362476348876946,0.5531686000000001,13.057804,0.0790352509686804,,,,,,,,,,,,False,False
3451174275816849792,,,NGC2099,88.13606262207031,32.36890411376953,1.2835923000000002,15.5577365,0.4578529305273146,,,,,,,,,,,,False,False
3451174314476741120,,,NGC2099,88.085693359375,32.350208282470696,1.2339272,15.789749,0.1909444793427426,,,,,,,,,,,,False,False
3451174348836474752,,,NGC2099,88.101806640625,32.351009368896484,1.037217,14.735299,0.2393412893953631,,,,,,,,,,,,False,False
3451174413255802752,,,NGC2099,88.08306121826172,32.370853424072266,1.1096104,15.253707,0.1662381099959715,,,,,,,,,,,,False,False
3451174417555947904,,,NGC2099,88.093505859375,32.36959457397461,2.1099948000000004,18.405197,0.1892111054921815,,,,,,,,,,,,False,False
3451174417555952896,,,NGC2099,88.07884216308594,32.366104125976555,0.9188374,14.091215,0.2329645752333523,,,,,,,,,,,,False,False
3451174554994893312,,,NGC2099,88.1074447631836,32.38397216796875,0.7903515999999999,13.5620115,0.3047061701902315,,,,,,,,,,,,False,False
3451174726793611776,,,NGC2099,88.03733825683594,32.341270446777344,0.79094573,13.584638,0.2905675511770453,,,,,,,,,,,,False,False
3451174756852904064,,,NGC2099,88.05729675292969,32.358253479003906,0.6389915999999999,12.286558,0.3336039307739789,,,,,,,,,,,,False,False
3451174795513086208,,,NGC2099,88.0394058227539,32.35296630859375,1.298845,15.4078135,0.6351410681857919,,,,,,,,,,,,False,False
3451174967311782272,,,NGC2099,87.99430847167969,32.365371704101555,1.3819286,16.557171500000003,0.1320731720965229,,,,,,,,,,,,False,False
3451175031731097728,,,NGC2099,88.03007507324219,32.37659454345703,1.7234265,17.6503185,0.1515688569755844,,,,,,,,,,,,False,False
3451175036031249536,,,NGC2099,88.03216552734375,32.38466262817383,1.3372157,16.319394,0.1484254766158833,,,,,,,,,,,,False,False
3451175066090834304,,,NGC2099,88.01749420166016,32.37542724609375,1.9153268,17.7667605,0.2180326479843222,,,,,,,,,,,,False,False
3451175066090836352,,,NGC2099,88.00190734863281,32.377864837646484,1.8876511,17.4126065,0.2816643085946373,,,,,,,,,,,,False,False
3451175066090841472,,,NGC2099,88.00653076171875,32.379981994628906,1.534641,17.124058500000004,0.1350400265157789,,,,,,,,,,,,False,False
3451175066090842496,,,NGC2099,88.01262664794922,32.381065368652344,1.5004879999999998,16.9349165,0.1484267402516564,,,,,,,,,,,,False,False
3451175139110460288,,,NGC2099,88.07313537597656,32.36541748046875,1.6001052,16.925247,0.2268689906861516,,,,,,,,,,,,False,False
3451175139110463360,,,NGC2099,88.0692138671875,32.358238220214844,0.8668307000000002,14.061867,0.0800007163788631,,,,,,,,,,,,False,False
3451175203529798016,,,NGC2099,88.04977416992188,32.38097381591797,1.2419474,15.895562,0.1577292242238545,,,,,,,,,,,,False,False
3451175242186053888,,,NGC2099,88.06887817382812,32.39447021484375,2.1033561,18.3573315,0.1935665191973931,,,,,,,,,,,,False,False
3451175272248978048,,,NGC2099,88.08824157714844,32.38900756835937,0.44750292,10.8249595,0.0241617198374657,74.33426,21.441833,0.2884515565231967,,,,,,,,,True,False
3451175276549401216,,,NGC2099,88.08737182617188,32.393970489501946,1.8366421,17.491408500000002,0.2360984788123256,,,,,,,,,,,,False,False
3451175306617568896,,,NGC2099,88.0965805053711,32.40077590942383,2.1314852,18.158985,0.2327139231519055,,,,,,,,,,,,False,False
3451175444047668736,,,NGC2099,88.05781555175781,32.40591812133789,0.45730027,12.0179935,0.1121505851555584,,,,,,,,,,,,False,True
3451175444047978496,,,NGC2099,88.0539779663086,32.39132308959961,1.4783151,16.811413500000004,0.1587016356175752,,,,,,,,,,,,False,False
3451175444047988480,,,NGC2099,88.05970001220703,32.398895263671875,1.6854847000000002,17.291924499999997,0.195834011269817,,,,,,,,,,,,False,False
3451175444047991936,,,NGC2099,88.05130004882812,32.401878356933594,2.051282,18.199384,0.1989617724530153,,,,,,,,,,,,False,False
3451175448348099456,,,NGC2099,88.06004333496094,32.39607620239258,1.2306488,15.9424885,0.1178395841909473,,,,,,,,,,,,False,False
3451175448348101504,,,NGC2099,88.05604553222656,32.39450836181641,0.9943941,13.0325985,0.8800301370790607,,,,,,,,,,,,False,False
3451175478407731456,,,NGC2099,88.03199768066406,32.402496337890625,1.0475804999999998,14.866964500000002,0.1961961657630702,,,,,,,,,,,,False,False
3451175512767473920,,,NGC2099,88.03931427001953,32.40609359741211,1.1841030999999995,15.6826175,0.1338071786912229,,,,,,,,,,,,False,False
3451175512767484416,,,NGC2099,88.04228210449219,32.41530990600586,1.2824173999999997,16.0123825,0.1800956571964122,,,,,,,,,,,,False,False
3451175517067576320,,,NGC2099,88.04075622558594,32.411800384521484,0.5980235,13.1983575,0.0950141973283921,,,,,,,,,,,,False,False
3451175547126883328,,,NGC2099,88.0621566772461,32.411529541015625,0.5585509,12.7508785,0.1852141646634195,,,,,,,,,,,,False,True
3451175547127224576,,,NGC2099,88.0663070678711,32.41662979125977,1.7019225000000002,17.3492265,0.1934721047508244,,,,,,,,,,,,False,False
3451175585787041792,,,NGC2099,88.07363891601562,32.41732788085937,1.0441514,14.8922565,0.1663058964474832,,,,,,,,,,,,False,False
3451175620146781568,,,NGC2099,88.06473541259766,32.422348022460945,0.41683488,12.202755,0.0512572320916605,,,,,,,,,,,,False,True
3451175650217115008,,,NGC2099,88.0561752319336,32.43106460571289,0.7624019,13.512265499999998,0.2660245056419955,,,,,,,,,,,,False,False
3451175688866251520,,,NGC2099,88.15931701660156,32.36594390869141,1.1290353,15.54024,0.0650315457456354,,,,,,,,,,,,False,False
3451175753285620992,,,NGC2099,88.14287567138672,32.38249969482422,1.2139084999999998,15.861255,0.118360731297254,,,,,,,,,,,,False,False
3451175757585729152,,,NGC2099,88.14702606201172,32.373199462890625,0.8059302,13.8795645,0.0546143458484101,,,,,,,,,,,,False,False
3451175787645355520,,,NGC2099,88.15191650390625,32.382652282714844,1.2400952,15.9560865,0.1295348132463443,,,,,,,,,,,,False,False
3451175787645361664,,,NGC2099,88.15648651123047,32.3869514465332,1.2621158,16.081337,0.1206353552343564,,,,,,,,,,,,False,False
3451175787654304768,,,NGC2099,88.16007232666016,32.38478469848633,1.2545837,16.101807,0.1020217873566267,,,,,,,,,,,,False,False
3451175890724598400,,,NGC2099,88.16539001464844,32.39346694946289,0.8780604,14.015092500000002,0.1628971622402841,,,,,,,,,,,,False,False
3451175895024668544,,,NGC2099,88.16437530517578,32.402591705322266,0.5693038,10.926256,0.1108189223756561,200.60028,23.11905,0.11524934062903602,,,,,,,,,True,False
3451175925084339328,,,NGC2099,88.17622375488281,32.40884780883789,2.2792756,18.137652,0.2879997737255041,,,,,,,,,,,,False,False
3451175929384399744,,,NGC2099,88.17283630371094,32.414871215820305,0.9695081,14.593857,0.0670307597847579,,,,,,,,,,,,False,False
3451175959452840704,,,NGC2099,88.13507080078125,32.38135528564453,1.2630103,15.772183,0.2615182846473012,,,,,,,,,,,,False,False
3451176062522958592,,,NGC2099,88.12814331054688,32.41414260864258,0.45467694,12.165786,0.1013590759708963,,,,,,,,,,,,False,True
3451176101179444352,,,NGC2099,88.15487670898438,32.418670654296875,1.9481116,18.0904565,0.1786990516006801,,,,,,,,,,,,False,False
3451176131242785280,,,NGC2099,88.16255187988281,32.422908782958984,1.4561701000000002,16.7640435,0.1511346573960215,,,,,,,,,,,,False,False
3451176165602514688,,,NGC2099,88.14271545410156,32.41431427001953,2.2061949,18.7593535,0.1734548934409728,,,,,,,,,,,,False,False
3451176199962270848,,,NGC2099,88.15264892578125,32.431407928466804,1.4329158000000002,16.5334835,0.1918492591228369,,,,,,,,,,,,False,False
3451176199962277504,,,NGC2099,88.15153503417969,32.43765640258789,1.9554328,18.096477000000004,0.1804708036829369,,,,,,,,,,,,False,False
3451176204262301184,,,NGC2099,88.15709686279297,32.43953323364258,0.5216452,12.664717,0.1437895896138372,,,,,,,,,,,,False,True
3451176204262309888,,,NGC2099,88.15481567382812,32.422935485839844,0.8147221,13.8705155,0.0941595591515261,,,,,,,,,,,,False,False
3451176238622261888,,,NGC2099,88.19806671142578,32.406822204589844,0.7332736,13.5258985,0.1828054792947248,,,,,,,,,,,,False,False
3451176268681841536,,,NGC2099,88.21575927734375,32.425060272216804,0.8620023000000001,13.897307,0.2263883944413254,,,,,,,,,,,,False,False
3451176341701242624,,,NGC2099,88.19305419921875,32.43572235107422,0.8967655999999999,14.0829645,0.1641682830448888,,,,,,,,,,,,False,False
3451176341701242752,,,NGC2099,88.20053100585938,32.42888641357422,0.42212195,12.251379,0.0539383795651551,,,,,,,,,,,,False,True
3451176371761058048,,,NGC2099,88.22127532958984,32.433837890625,1.2873802,16.206793,0.1171667438763922,,,,,,,,,,,,False,False
3451176406120796928,,,NGC2099,88.23048400878906,32.43601226806641,1.0331039,14.872492,0.1363929419667429,,,,,,,,,,,,False,False
3451176406120798080,,,NGC2099,88.23690032958984,32.44443893432617,2.3033122,17.906603,0.3485878535216037,,,,,,,,,,,,False,False
3451176444780447104,,,NGC2099,88.20930480957031,32.44107437133789,0.8067369,13.702282,0.2401796921257025,,,,,,,,,,,,False,False
3451176474849401728,,,NGC2099,88.22157287597656,32.44464492797852,2.0284518,18.030695,0.2171956178431884,,,,,,,,,,,,False,False
3451176479140172672,,,NGC2099,88.21859741210938,32.45796585083008,1.1138111000000002,14.8967805,0.4328996743161791,,,,,,,,,,,,False,False
3451176509199919616,,,NGC2099,88.18130493164062,32.433841705322266,1.9413012,18.013598499999997,0.1873971501261814,,,,,,,,,,,,False,False
3451176513499941376,,,NGC2099,88.18125915527344,32.43021011352539,1.0314206,14.9751585,0.0634843656495666,,,,,,,,,,,,False,False
3451176543559667968,,,NGC2099,88.187255859375,32.44331741333008,1.2414864,15.1634565,0.6893310972479554,,,,,,,,,,,,False,False
3451176582219421312,,,NGC2099,88.16605377197266,32.43592071533203,1.0295807,14.412194,0.38799647246167,,,,,,,,,,,,False,False
3451176612288137216,,,NGC2099,88.18029022216797,32.449180603027344,1.6272370000000005,17.1412275,0.1924047915350305,,,,,,,,,,,,False,False
3451176616579144576,,,NGC2099,88.1747055053711,32.45872116088867,1.0532807,14.979636,0.1437437336618173,,,,,,,,,,,,False,False
3451176616579148928,,,NGC2099,88.17433166503906,32.45229721069336,1.0632921999999998,15.137484,0.0795094297018873,,,,,,,,,,,,False,False
3451176616579151488,,,NGC2099,88.1690444946289,32.451473236083984,0.5081059000000001,12.180463,0.1674712572283508,,,,,,,,,,,,False,True
3451176650938873344,,,NGC2099,88.19618225097656,32.461685180664055,1.2038752,15.772198,0.1360230382301282,,,,,,,,,,,,False,False
3451176680998636928,,,NGC2099,88.20336151123047,32.46007537841797,1.8909336000000003,17.906217499999997,0.1843162586357053,,,,,,,,,,,,False,False
3451176715358379648,,,NGC2099,88.1856689453125,32.466495513916016,1.4283368,16.711993000000003,0.1388259682787115,,,,,,,,,,,,False,False
3451176719658354560,,,NGC2099,88.18041229248047,32.464736938476555,1.5493504,16.959792,0.1796515520458342,,,,,,,,,,,,False,False
3451176818437202432,,,NGC2099,88.12648010253906,32.41959381103516,0.43076605,11.945382,0.0835661399185916,,,,,,,,,,,,False,True
3451176818437554048,,,NGC2099,88.12531280517578,32.4235725402832,1.5203639,16.863657500000002,0.1804559133686746,,,,,,,,,,,,False,False
3451176822737610752,,,NGC2099,88.12303161621094,32.42467498779297,1.1874381000000005,15.6852455,0.1402399585834984,,,,,,,,,,,,False,False
3451176822737614080,,,NGC2099,88.1197280883789,32.41259384155273,1.0341892,14.706903,0.2446550589508969,,,,,,,,,,,,False,False
3451176852797289600,,,NGC2099,88.09119415283203,32.418712615966804,1.7571688,16.8547005,0.374338467773547,,,,,,,,,,,,False,False
3451176921516779904,,,NGC2099,88.12785339355469,32.434032440185554,0.9688358,13.638089,0.7570560517169316,,,,,,,,,,,,False,False
3451176955885303168,,,NGC2099,88.1423568725586,32.451126098632805,1.0630119000000002,15.039615499999998,0.1408730447534797,,,,,,,,,,,,False,False
3451176960176547328,,,NGC2099,88.14750671386719,32.44384384155273,0.77979915,13.7554875,0.1038131658477695,,,,,,,,,,,,False,False
3451176960176547968,,,NGC2099,88.1462631225586,32.444602966308594,1.0062777,14.8818265,0.0263124101107424,,,,,,,,,,,,False,False
3451176960176549248,,,NGC2099,88.14238739013672,32.44539260864258,0.8280734000000002,13.801497,0.2113692646966216,,,,,,,,,,,,False,False
3451176990244911232,,,NGC2099,88.1224594116211,32.450119018554695,1.2919155999999998,16.032062500000002,0.1876830488345007,,,,,,,,,,,,False,False
3451176994536298752,,,NGC2099,88.11669921875,32.43747711181641,0.657503,13.1634575,0.226100130675363,,,,,,,,,,,,False,False
3451177024595630336,,,NGC2099,88.12928771972656,32.449634552001946,0.49040475,10.768989,0.0417709726081257,,,,,,,,,,,,False,False
3451177063255783936,,,NGC2099,88.08765411376953,32.43365478515625,1.0194979,14.194312000000002,0.4945336305582018,,,,,,,,,,,,False,False
3451177063255784960,,,NGC2099,88.09040832519531,32.42841339111328,0.8083420600000001,13.7502455,0.1994598961300166,,,,,,,,,,,,False,False
3451177093315474048,,,NGC2099,88.10399627685547,32.4379768371582,1.8285742,17.50811,0.2283835161181619,,,,,,,,,,,,False,False
3451177093315486208,,,NGC2099,88.10416412353516,32.44872665405273,1.4322100000000002,16.7304445,0.1379702286980093,,,,,,,,,,,,False,False
3451177093315488000,,,NGC2099,88.09912872314453,32.448501586914055,0.4995728000000001,12.55258,0.1281682976277308,,,,,,,,,,,,False,True
3451177097615516800,,,NGC2099,88.10429382324219,32.441482543945305,1.1865512,15.6184045,0.1721594993232851,,,,,,,,,,,,False,False
3451177097615519616,,,NGC2099,88.10077667236328,32.43532180786133,1.0872336,14.49086,0.553636340483314,,,,,,,,,,,,False,False
3451177131975261184,,,NGC2099,88.0797119140625,32.43907928466797,1.0482531000000002,14.868813,0.197596578870302,,,,,,,,,,,,False,False
3451177166334992512,,,NGC2099,88.09192657470703,32.45419311523437,1.4924651000000002,16.731292500000002,0.1915463738779355,,,,,,,,,,,,False,False
3451177166334992768,,,NGC2099,88.08757781982422,32.457763671875,1.5559703,16.9636445,0.1836750050290229,,,,,,,,,,,,False,False
3451177166334994560,,,NGC2099,88.08140563964844,32.457717895507805,0.58580405,12.7203375,0.2338284023285949,,,,,,,,,,,,False,True
3451177196394704000,,,NGC2099,88.10796356201172,32.453414916992195,1.6341472999999995,17.170008499999998,0.1905066404745087,,,,,,,,,,,,False,False
3451177269414202240,,,NGC2099,88.10308837890625,32.45822906494141,0.4749238,12.3091675,0.1181082733377507,,,,,,,,,,,,False,True
3451177299473935104,,,NGC2099,88.10800170898438,32.472274780273445,2.2892110000000003,18.147184000000003,0.2895706586636934,,,,,,,,,,,,False,False
3451177299482449280,,,NGC2099,88.10567474365234,32.470977783203125,2.0279666,17.926551,0.2351765419799898,,,,,,,,,,,,False,False
3451177299482464512,,,NGC2099,88.1083755493164,32.478038787841804,1.466237,16.8190705,0.1468321407097092,,,,,,,,,,,,False,False
3451177303773929728,,,NGC2099,88.10969543457031,32.47826385498047,0.9261674,14.0659635,0.2810883707292424,,,,,,,,,,,,False,False
3451177303773934592,,,NGC2099,88.10811614990234,32.469345092773445,1.3769865,16.35938,0.1848990901586129,,,,,,,,,,,,False,False
3451177333833665152,,,NGC2099,88.15640258789062,32.45824432373047,1.254174,16.0141105,0.1318219073349689,,,,,,,,,,,,False,False
3451177338133658752,,,NGC2099,88.15983581542969,32.455032348632805,1.0928389,15.1253255,0.1929064115617611,,,,,,,,,,,,False,False
3451177368193012736,,,NGC2099,88.16594696044922,32.462337493896484,0.5289029000000001,12.133194,0.1949347639614748,,,,,,,,,,,,False,True
3451177368193410304,,,NGC2099,88.1620864868164,32.468887329101555,1.3730953,16.4921975,0.139890103819055,,,,,,,,,,,,False,False
3451177402553147648,,,NGC2099,88.14012145996094,32.46774673461914,1.2313003000000002,15.915545,0.1295344421877428,,,,,,,,,,,,False,False
3451177406853137152,,,NGC2099,88.14248657226562,32.46532821655273,0.9307363,14.2970535,0.1140685251312387,,,,,,,,,,,,False,False
3451177406853139072,,,NGC2099,88.14521026611328,32.459766387939446,0.94618923,14.304752,0.1623935714280501,,,,,,,,,,,,False,False
3451177406853140864,,,NGC2099,88.1383056640625,32.462127685546875,1.4837673,9.7647935,0.2111478428320036,,,,,,,,,,,,False,False
3451177406853141248,,,NGC2099,88.14075469970703,32.45894241333008,0.9104732,13.64538,0.5869472353472547,,,,,,,,,,,,False,False
3451177441212862976,,,NGC2099,88.15647888183594,32.479354858398445,0.48058445,11.833236,0.1428758075659201,,,,,,,,,,,,False,True
3451177441213945216,,,NGC2099,88.14654541015625,32.47831344604492,1.2246430999999998,16.032412,0.076230118763553,,,,,,,,,,,,False,False
3451177471272640256,,,NGC2099,88.17420959472656,32.48275756835937,0.7849939,13.740606,0.1358055166173724,,,,,,,,,,,,False,False
3451177475572590848,,,NGC2099,88.18061065673828,32.479541778564446,1.2850511,16.22651,0.1079156317697515,,,,,,,,,,,,False,False
3451177475572595072,,,NGC2099,88.17434692382812,32.477157592773445,1.1675698999999995,15.68405,0.094975916916637,,,,,,,,,,,,False,False
3451177505632376960,,,NGC2099,88.18855285644531,32.483139038085945,1.0113218000000002,14.807524,0.0936103849931939,,,,,,,,,,,,False,False
3451177505632385664,,,NGC2099,88.19166564941406,32.49306488037109,1.1207455,15.399092,0.1140215615784387,,,,,,,,,,,,False,False
3451177544292070144,,,NGC2099,88.16859436035156,32.485607147216804,1.4025902999999995,16.6667565,0.1256814830058027,,,,,,,,,,,,False,False
3451177544292073216,,,NGC2099,88.16109466552734,32.48487091064453,0.7571807,13.6181695,0.1710656480906828,,,,,,,,,,,,False,False
3451177544292073472,,,NGC2099,88.16694641113281,32.479907989501946,1.2223241,15.9403395,0.1036217651795929,,,,,,,,,,,,False,False
3451177574351866240,,,NGC2099,88.17449951171875,32.499786376953125,0.42928254,12.158567,0.0701722786154668,,,,,,,,,,,,False,True
3451177574351866624,,,NGC2099,88.17909240722656,32.50160598754883,1.3957285,16.250943000000003,0.2501466299581225,,,,,,,,,,,,False,False
3451177574360779648,,,NGC2099,88.17398834228516,32.49833297729492,0.4842662199999999,12.41379,0.1222102058598695,,,,,,,,,,,,False,True
3451177578651801088,,,NGC2099,88.1747055053711,32.49349975585937,1.3239015,16.223580000000002,0.1625548378880311,,,,,,,,,,,,False,False
3451177578651802112,,,NGC2099,88.16693878173828,32.498714447021484,0.8649338999999999,13.988598,0.1435360242110979,,,,,,,,,,,,False,False
3451177643071325056,,,NGC2099,88.14031982421875,32.479263305664055,1.1629111999999997,15.6161135,0.115268528197933,,,,,,,,,,,,False,False
3451177643071338240,,,NGC2099,88.14175415039062,32.495956420898445,2.0903537,17.9601175,0.2532317596491672,,,,,,,,,,,,False,False
3451177647371299840,,,NGC2099,88.14349365234375,32.47830581665039,1.7579581999999998,17.7341485,0.1546523962957332,,,,,,,,,,,,False,False
3451177677431072896,,,NGC2099,88.12035369873047,32.491256713867195,2.3198651,18.151541500000004,0.2993451417773671,,,,,,,,,,,,False,False
3451177681731037952,,,NGC2099,88.1234359741211,32.495468139648445,1.7140196,17.3754195,0.1949504956675066,,,,,,,,,,,,False,False
3451177711790394240,,,NGC2099,88.12855529785156,32.49990081787109,0.6953142,13.4979125,0.1095424815057914,,,,,,,,,,,,False,False
3451177711790394496,,,NGC2099,88.1414566040039,32.499618530273445,0.64583563,13.3275925,0.1171646446031722,,,,,,,,,,,,False,False
3451177716090772736,,,NGC2099,88.12574005126953,32.499942779541016,0.8487137,13.9022925,0.1759357655836795,,,,,,,,,,,,False,False
3451177716090774016,,,NGC2099,88.12755584716797,32.49667358398437,1.1721628,14.883491499999998,0.6682713168721031,,,,,,,,,,,,False,False
3451177746150552192,,,NGC2099,88.15103149414062,32.493606567382805,1.3656582999999998,16.5417525,0.1190703597155805,,,,,,,,,,,,False,False
3451177750450496512,,,NGC2099,88.1577377319336,32.501502990722656,1.8664155,17.8187815,0.1881697705735279,,,,,,,,,,,,False,False
3451177750451581184,,,NGC2099,88.14729309082031,32.4996337890625,1.0559289,15.012702,0.1320137592048856,,,,,,,,,,,,False,False
3451177780510302336,,,NGC2099,88.16094207763672,32.51324462890625,0.6455778,13.054175,0.247613557481232,,,,,,,,,,,,False,False
3451177784806521856,,,NGC2099,88.15892028808594,32.504623413085945,1.1108537,15.4311955,0.0678575106276043,,,,,,,,,,,,False,False
3451177814884416896,,,NGC2099,88.14246368408203,32.50640869140625,0.5748709,12.6102605,0.2320273585988311,,,,,,,,,,,,False,True
3451177819169975552,,,NGC2099,88.1376724243164,32.514110565185554,0.98068204,14.642293,0.079275083869035,,,,,,,,,,,,False,False
3451177819169978240,,,NGC2099,88.14035034179688,32.50763320922852,0.72168236,13.605719499999998,0.0838616934535811,,,,,,,,,,,,False,False
3451177819169979392,,,NGC2099,88.13762664794922,32.50686264038086,1.3070581,16.2841165,0.1203541543460086,,,,,,,,,,,,False,False
3451177819169980928,,,NGC2099,88.1353530883789,32.506404876708984,1.2200382,15.830794,0.1433292925772317,,,,,,,,,,,,False,False
3451177849229346816,,,NGC2099,88.16002655029297,32.522323608398445,0.48803667,12.4899005,0.1195033403676811,,,,,,,,,,,,False,True
3451177849229779840,,,NGC2099,88.1579360961914,32.516159057617195,1.3846603,15.542772500000002,0.7358138503956496,,,,,,,,,,,,False,False
3451177853525980416,,,NGC2099,88.15679168701172,32.52849578857422,1.8112085,17.4566875,0.2304309680351632,,,,,,,,,,,,False,False
3451177883589379712,,,NGC2099,87.97818756103516,32.37229156494141,0.76856827,13.787467,0.0327489303191019,,,,,,,,,,,,False,False
3451177887889544832,,,NGC2099,87.97881317138672,32.37530899047852,1.4480832,16.6202,0.18136996241133,,,,,,,,,,,,False,False
3451177887889547776,,,NGC2099,87.97246551513672,32.367538452148445,1.2286975,15.889466,0.1352506818543385,,,,,,,,,,,,False,False
3451178021028359040,,,NGC2099,88.00534057617188,32.3918342590332,1.6041031,17.178908,0.1694618124988051,,,,,,,,,,,,False,False
3451178055388097280,,,NGC2099,88.00503540039062,32.394325256347656,1.1434935999999998,15.486479,0.1311400073499292,,,,,,,,,,,,False,False
3451178124107597056,,,NGC2099,88.0006332397461,32.414318084716804,1.2975816999999998,15.4276705,0.6121091727770016,,,,,,,,,,,,False,False
3451178128407702272,,,NGC2099,87.99916076660156,32.41305160522461,0.94707017,14.3159835,0.1579775022631436,,,,,,,,,,,,False,False
3451178192827055616,,,NGC2099,87.96031951904297,32.39541244506836,1.0995064999999995,15.3613255,0.0705590076949906,,,,,,,,,,,,False,False
3451178197127187840,,,NGC2099,87.96231842041016,32.39882659912109,1.1721356,15.563295,0.1657349828365038,,,,,,,,,,,,False,False
3451178231486929920,,,NGC2099,87.9483871459961,32.39525985717773,0.8452636,13.932756499999998,0.1324995007590725,,,,,,,,,,,,False,False
3451178334566130944,,,NGC2099,87.99050903320312,32.427330017089844,0.6675434000000001,13.285569,0.1868506808311034,,,,,,,,,,,,False,False
3451178334566133632,,,NGC2099,87.98387908935547,32.4189453125,1.0573206,15.131248,0.0620097081560688,,,,,,,,,,,,False,False
3451178364625775104,,,NGC2099,87.97306823730469,32.4218635559082,1.1949014,15.707729,0.146414692659834,,,,,,,,,,,,False,False
3451178368925873792,,,NGC2099,87.97412872314453,32.423118591308594,1.3793677999999998,16.48584,0.1485077147862827,,,,,,,,,,,,False,False
3451178398985531008,,,NGC2099,87.9747314453125,32.437515258789055,1.8921108,17.853197,0.1932299661829543,,,,,,,,,,,,False,False
3451178403285608960,,,NGC2099,87.97252655029297,32.43621826171875,1.0034065,14.885865,0.012605639766395,,,,,,,,,,,,False,False
3451178433344906880,,,NGC2099,88.02616119384766,32.403526306152344,0.66126414,13.064319499999998,0.2723543696038418,,,,,,,,,,,,False,False
3451178437643335296,,,NGC2099,88.0218276977539,32.419193267822266,2.4566457,18.7597385,0.2371913051888379,,,,,,,,,,,,False,False
3451178472005072000,,,NGC2099,88.03323364257812,32.42729949951172,1.2362679,16.0007965,0.1063211645570898,,,,,,,,,,,,False,False
3451178472005073408,,,NGC2099,88.03308868408203,32.424942016601555,1.1556519,15.4372955,0.1938653310586174,,,,,,,,,,,,False,False
3451178472005078272,,,NGC2099,88.02474975585938,32.419715881347656,1.5889366,16.044604500000002,0.6682380442803473,,,,,,,,,,,,False,False
3451178472005264384,,,NGC2099,88.03701782226562,32.413917541503906,0.93902596,13.6266925,0.6764102634931484,,,,,,,,,,,,False,False
3451178502064718848,,,NGC2099,88.00920104980469,32.414485931396484,1.2536322,15.9548965,0.1541103257152186,,,,,,,,,,,,False,False
3451178502064728320,,,NGC2099,88.00415802001953,32.422229766845696,1.9899251,17.996813500000002,0.2083370503948021,,,,,,,,,,,,False,False
3451178575084280576,,,NGC2099,88.05005645751953,32.43567657470703,1.1197898999999998,15.337806,0.1467196680667234,,,,,,,,,,,,False,False
3451178609444015872,,,NGC2099,88.05111694335938,32.44699478149414,1.0047867,14.577404,0.2079235869675611,,,,,,,,,,,,False,False
3451178639503704832,,,NGC2099,88.02871704101562,32.44142532348633,1.7853733999999997,17.5056515,0.2068876655020612,,,,,,,,,,,,False,False
3451178639503705984,,,NGC2099,88.03709411621094,32.444549560546875,1.2377589,16.029849,0.0987949361386459,,,,,,,,,,,,False,False
3451178639503710976,,,NGC2099,88.0364990234375,32.44916534423828,1.5370606,16.9898425,0.1637416296282804,,,,,,,,,,,,False,False
3451178643800145408,,,NGC2099,88.03363037109375,32.43645477294922,1.9318812,18.021695,0.1826707405149145,,,,,,,,,,,,False,False
3451178643803758848,,,NGC2099,88.03102111816406,32.44864654541016,0.47272188,12.7280125,0.0545069878323224,,,,,,,,,,,,False,True
3451178643803761536,,,NGC2099,88.02595520019531,32.443470001220696,1.0134027,14.9130975,0.0339181289171569,,,,,,,,,,,,False,False
3451178673863447552,,,NGC2099,88.04873657226562,32.44772720336914,1.6269019,17.060435000000002,0.211143344700742,,,,,,,,,,,,False,False
3451178678159858944,,,NGC2099,88.0512924194336,32.45602798461914,1.6295803,17.5639675,0.1192241080847711,,,,,,,,,,,,False,False
3451178678163490688,,,NGC2099,88.04886627197266,32.45563507080078,0.8206623000000001,13.6561385,0.3205697883215089,,,,,,,,,,,,False,False
3451178742582548992,,,NGC2099,88.0179214477539,32.446849822998054,0.4299976999999999,10.943688000000002,0.0257463351461843,,,,,,,,,,,,False,False
3451178742582549376,,,NGC2099,88.0063247680664,32.44213485717773,0.44124437,12.379872,0.0669158276262583,,,,,,,,,,,,False,True
3451178742582916480,,,NGC2099,88.0149154663086,32.439903259277344,0.67291475,13.246454000000002,0.2178221582816014,,,,,,,,,,,,False,False
3451178776942661120,,,NGC2099,87.99169158935547,32.446182250976555,1.8514824,17.540228,0.2331214394110604,,,,,,,,,,,,False,False
3451178815602454272,,,NGC2099,88.00389099121094,32.457958221435554,0.8269231,13.95627,0.0451780087155659,,,,,,,,,,,,False,False
3451178815602455936,,,NGC2099,88.00318908691406,32.452014923095696,0.5423238,12.4986275,0.1957144143213331,,,,,,,,,,,,False,True
3451178845662144000,,,NGC2099,88.02364349365234,32.45192337036133,1.1918304,15.7425105,0.123436143914502,,,,,,,,,,,,False,False
3451178845662144384,,,NGC2099,88.02347564697266,32.44813919067383,1.8883149,17.643134500000002,0.2296677283036302,,,,,,,,,,,,False,False
3451178880021486848,,,NGC2099,88.0312728881836,32.46657180786133,1.6680500999999996,17.309146,0.1821247753426094,,,,,,,,,,,,False,False
3451178880021908096,,,NGC2099,88.02584075927734,32.46625518798828,1.2363345,15.322895499999998,0.5237573896097455,,,,,,,,,,,,False,False
3451178884321921280,,,NGC2099,88.03337097167969,32.46729278564453,0.7498585999999999,13.4330815,0.2843229872368034,,,,,,,,,,,,False,False
3451178884321924096,,,NGC2099,88.02864837646484,32.459022521972656,0.7902276,13.7973315,0.0922268088801429,,,,,,,,,,,,False,False
3451178948742041088,,,NGC2099,88.02264404296875,32.4754638671875,1.6582831999999998,9.547875,0.2063988570997046,7.3965907,1.5370777,0.20780894365291835,,,,,,,,,True,False
3451178948742316800,,,NGC2099,88.0202407836914,32.46996307373047,1.3567292,16.1858745,0.2231542694848581,,,,,,,,,,,,False,False
3451178948749314688,,,NGC2099,88.01525115966797,32.47344207763672,1.1418494999999995,15.365158,0.1979179331273617,,,,,,,,,,,,False,False
3451178948755863296,,,NGC2099,88.01454162597656,32.47476959228516,0.57299897,12.79413,0.1993079559414668,,,,,,,,,,,,False,True
3451178953041398272,,,NGC2099,88.02784729003906,32.470394134521484,0.9558322,14.504395499999998,0.071500043965022,,,,,,,,,,,,False,False
3451178953041398400,,,NGC2099,88.0175552368164,32.478858947753906,1.2177353,15.535675,0.3018160457724918,,,,,,,,,,,,False,False
3451178953041399296,,,NGC2099,88.02521514892578,32.46930313110352,0.44388648,10.7937935,0.0189899040605279,,,,,,,,,,,,False,False
3451178953041399808,,,NGC2099,88.01602172851562,32.475784301757805,0.8221473300000001,13.720217000000002,0.2709823214831583,,,,,,,,,,,,False,False
3451179017461661184,,,NGC2099,87.94839477539062,32.42433547973633,1.5676073,17.093858500000003,0.1629903885935534,,,,,,,,,,,,False,False
3451179021760908032,,,NGC2099,87.94634246826172,32.416316986083984,0.9535964999999998,14.5843725,0.0137012022622127,,,,,,,,,,,,False,False
3451179120540734336,,,NGC2099,87.9500503540039,32.43054580688477,0.37610854,11.7239395,0.026681949104183,,,,,,,,,,,,False,True
3451179120540885888,,,NGC2099,87.9598159790039,32.42947006225586,1.0311348,15.0350815,0.0248802282093218,,,,,,,,,,,,False,False
3451179120540891008,,,NGC2099,87.95722961425781,32.43227005004883,1.5142721,16.923843500000004,0.1613990095917405,,,,,,,,,,,,False,False
3451179154900650240,,,NGC2099,87.9649429321289,32.444095611572266,1.5314154000000002,17.0008255,0.1572579700845601,,,,,,,,,,,,False,False
3451179154907411328,,,NGC2099,87.97152709960938,32.44086456298828,1.9694016000000003,17.390079,0.3324503986325092,,,,,,,,,,,,False,False
3451179189260394624,,,NGC2099,87.94338989257812,32.44758987426758,1.3585167,16.465045,0.1312114245970604,,,,,,,,,,,,False,False
3451179193559595392,,,NGC2099,87.95075988769531,32.440185546875,1.3027598,16.2218595,0.1338529334124705,,,,,,,,,,,,False,False
3451179223620161664,,,NGC2099,87.9606704711914,32.458873748779304,1.7012953,17.4533235,0.1732046556833107,,,,,,,,,,,,False,False
3451179227915721728,,,NGC2099,87.95924377441406,32.457847595214844,2.2031511,18.8538565,0.16273482073079,,,,,,,,,,,,False,False
3451179326699342720,,,NGC2099,87.89979553222656,32.445938110351555,1.6569468,16.727883,0.3396864174877317,,,,,,,,,,,,False,False
3451179361059116416,,,NGC2099,87.91570281982422,32.459854125976555,1.2839657999999998,16.243481,0.1014506525874529,,,,,,,,,,,,False,False
3451179361065322496,,,NGC2099,87.90967559814453,32.457653045654304,1.4949766999999998,16.894745,0.1529660533715658,,,,,,,,,,,,False,False
3451179395418842880,,,NGC2099,87.92947387695312,32.45547103881836,2.0034351,18.063645,0.2026897812161887,,,,,,,,,,,,False,False
3451179399714422144,,,NGC2099,87.94014739990234,32.454696655273445,2.2726364,18.463126,0.2296906036325108,,,,,,,,,,,,False,False
3451179464138352512,,,NGC2099,87.92434692382812,32.469985961914055,0.89867525,14.194134,0.0780622789927026,,,,,,,,,,,,False,False
3451179532857784832,,,NGC2099,87.97352600097656,32.450145721435554,1.8243848,17.569533500000002,0.2137554267619547,,,,,,,,,,,,False,False
3451179532857805312,,,NGC2099,87.97545623779297,32.457183837890625,0.6420967000000001,13.0242315,0.2519861547284001,,,,,,,,,,,,False,False
3451179537156968960,,,NGC2099,87.98196411132812,32.45063018798828,1.8025781,17.1090665,0.316963410611023,,,,,,,,,,,,False,False
3451179567217564288,,,NGC2099,87.98707580566406,32.46832656860352,2.1624185,18.853932500000003,0.1528031809750868,,,,,,,,,,,,False,False
3451179571513082624,,,NGC2099,87.99090576171875,32.47052001953125,2.1573867,18.780334,0.1588663710110111,,,,,,,,,,,,False,False
3451179571516701824,,,NGC2099,87.99121856689453,32.45837783813477,1.0916233,15.2565745,0.1048504706606806,,,,,,,,,,,,False,False
3451179571517746816,,,NGC2099,87.98636627197266,32.464900970458984,1.2342883,15.4190365,0.4352683273443365,,,,,,,,,,,,False,False
3451179601577070336,,,NGC2099,87.97399139404297,32.468734741210945,0.51162908,12.03647,0.1766314571395965,,,,,,,,,,,,False,True
3451179601577280384,,,NGC2099,87.96855926513672,32.458023071289055,1.6255011,17.2164705,0.1752566057809844,,,,,,,,,,,,False,False
3451179601577300736,,,NGC2099,87.97822570800781,32.464828491210945,1.581782,17.0699085,0.1777838832555336,,,,,,,,,,,,False,False
3451179640232557696,,,NGC2099,87.98054504394531,32.482032775878906,2.0674655,18.5186925,0.1628151122054143,,,,,,,,,,,,False,False
3451179640236179072,,,NGC2099,87.97285461425781,32.472030639648445,1.3429209999999998,15.6636405,0.5165642446167958,,,,,,,,,,,,False,False
3451179674595909248,,,NGC2099,88.00382232666016,32.472702026367195,1.0195732,14.761945,0.1545932326946525,,,,,,,,,,,,False,False
3451179704656554112,,,NGC2099,88.00921630859375,32.48255157470703,2.0034647,17.8595075,0.2378158268339456,,,,,,,,,,,,False,False
3451179743311761152,,,NGC2099,87.98921966552734,32.49406051635742,1.4672357,17.0951415,0.0949366978663957,,,,,,,,,,,,False,False
3451179743315388672,,,NGC2099,87.98269653320312,32.48348617553711,1.2935912,16.1377115,0.149248965083747,,,,,,,,,,,,False,False
3451179773375760000,,,NGC2099,88.00704956054688,32.501419067382805,0.5062534,12.857078500000002,0.0727153040236079,,,,,,,,,,,,False,False
3451179773376073344,,,NGC2099,87.99320983886719,32.498336791992195,1.2542992999999998,16.0264135,0.1274823328447543,,,,,,,,,,,,False,False
3451179807735744256,,,NGC2099,87.95510864257812,32.469749450683594,1.0459162999999998,14.9212885,0.154025987624774,,,,,,,,,,,,False,False
3451179807742309504,,,NGC2099,87.95497131347656,32.47296905517578,0.7414937,13.494374,0.2260863448910743,,,,,,,,,,,,False,False
3451179812034874112,,,NGC2099,87.96050262451172,32.47524642944336,1.1327446,15.452720500000002,0.11935933495339,,,,,,,,,,,,False,False
3451179812034876800,,,NGC2099,87.9494400024414,32.474857330322266,1.0572267,14.596768,0.3925610948296931,,,,,,,,,,,,False,False
3451179842095494016,,,NGC2099,87.96745300292969,32.476959228515625,1.2606217,15.9444025,0.171042421729565,,,,,,,,,,,,False,False
3451179842095505920,,,NGC2099,87.96126556396484,32.482925415039055,1.02029494,14.7951395,0.1364181532793148,,,,,,,,,,,,False,False
3451179846394604544,,,NGC2099,87.97457122802734,32.485015869140625,1.1604020000000002,15.336715500000002,0.2742658413296021,,,,,,,,,,,,False,False
3451179846394607872,,,NGC2099,87.96685028076172,32.48095703125,1.1672668000000002,15.558091,0.1559741852197901,,,,,,,,,,,,False,False
3451179876454976512,,,NGC2099,87.94895935058594,32.4866943359375,0.43638318,11.176655,0.0546489848331162,,,,,,,,,,,,False,True
3451179880755392512,,,NGC2099,87.94456481933594,32.495529174804695,1.3500515999999998,16.335732,0.1593923293757811,,,,,,,,,,,,False,False
3451179915114080768,,,NGC2099,87.95979309082031,32.501575469970696,1.00485223,14.005173,0.6101884375012171,,,,,,,,,,,,False,False
3451179915114082688,,,NGC2099,87.95111846923828,32.498146057128906,0.89729875,14.108517,0.1434697402954289,,,,,,,,,,,,False,False
3451179945174780928,,,NGC2099,87.97700500488281,32.50492477416992,1.9200897,17.972383999999998,0.1855764674922902,,,,,,,,,,,,False,False
3451179949473815552,,,NGC2099,87.97830200195312,32.49567413330078,0.93006833,14.3615265,0.0691117813309099,,,,,,,,,,,,False,False
3451179979534536576,,,NGC2099,87.98927307128906,32.51248550415039,1.3046802000000002,16.2181855,0.1377143129050171,,,,,,,,,,,,False,False
3451179983829917824,,,NGC2099,87.98851776123047,32.507884979248054,2.2856525000000003,18.069580500000004,0.3042561193832396,,,,,,,,,,,,False,False
3451179983833544960,,,NGC2099,87.99972534179688,32.508861541748054,1.0675059999999998,14.975293500000005,0.2007587004408089,,,,,,,,,,,,False,False
3451179983833548800,,,NGC2099,87.98689270019531,32.50682830810547,1.00693544,14.7144785,0.1352121299869984,,,,,,,,,,,,False,False
3451179983833765760,,,NGC2099,87.98861694335938,32.51179885864258,1.6624072000000003,16.710167500000004,0.3517536260103093,,,,,,,,,,,,False,False
3451180048254025984,,,NGC2099,87.97984313964844,32.51846694946289,1.3888321,16.543371999999998,0.142834417160835,,,,,,,,,,,,False,False
3451180052549397376,,,NGC2099,87.97269439697266,32.51819610595703,0.54852197,13.004029,0.0931580979372009,,,,,,,,,,,,False,False
3451180082612344192,,,NGC2099,88.0688247680664,32.45790481567383,0.4787563,11.8679365,0.1407881833479788,254.72812,189.10599,0.7423836441771721,,,,,,,,,True,True
3451180082612723456,,,NGC2099,88.06405639648438,32.449974060058594,1.4635764,16.771663,0.1557196887107778,,,,,,,,,,,,False,False
3451180086912968704,,,NGC2099,88.07234191894531,32.456310272216804,1.172643,14.9649145,0.6091017425144108,,,,,,,,,,,,False,False
3451180116972476160,,,NGC2099,88.08231353759766,32.46695709228516,1.9300674,17.637244499999998,0.2504251370514777,,,,,,,,,,,,False,False
3451180121272490112,,,NGC2099,88.07493591308594,32.473541259765625,1.1815624000000002,15.745215999999996,0.0998694557366233,,,,,,,,,,,,False,False
3451180151331820160,,,NGC2099,88.05318450927734,32.469505310058594,0.43396455,12.0147605,0.0844120618878993,,,,,,,,,,,,False,True
3451180151332208512,,,NGC2099,88.05757141113281,32.459884643554695,1.1097921,15.2520825,0.1678809818517668,,,,,,,,,,,,False,False
3451180151332210432,,,NGC2099,88.04950714111328,32.46234893798828,1.3981991,16.564088,0.1469852869364462,,,,,,,,,,,,False,False
3451180151332219520,,,NGC2099,88.05303192138672,32.46480178833008,2.0195321,18.0333415,0.2134507770007321,,,,,,,,,,,,False,False
3451180189991969792,,,NGC2099,88.06715393066406,32.47298049926758,0.94647216,14.33762,0.1417511247602073,,,,,,,,,,,,False,False
3451180189991970560,,,NGC2099,88.06912994384766,32.470855712890625,0.9539922,14.190209499999998,0.2718421558184924,,,,,,,,,,,,False,False
3451180189991972096,,,NGC2099,88.06582641601562,32.46712112426758,1.1233333000000003,15.316975499999998,0.1706879071609386,,,,,,,,,,,,False,False
3451180220051297024,,,NGC2099,88.08594512939453,32.468116760253906,0.542656,12.669999,0.1750816980706065,,,,,,,,,,,,False,True
3451180220051704192,,,NGC2099,88.08624267578125,32.483200073242195,1.7302955000000002,17.2436055,0.2335078876143826,,,,,,,,,,,,False,False
3451180224351696512,,,NGC2099,88.09204864501953,32.48105239868164,0.7099864,13.4920695,0.1502443645928395,,,,,,,,,,,,False,False
3451180224351697664,,,NGC2099,88.09737396240234,32.47438430786133,0.7007631000000001,13.1849155,0.2998675521199906,,,,,,,,,,,,False,False
3451180254411447680,,,NGC2099,88.09545135498047,32.48785400390625,1.3090428,16.0309955,0.2165091749789282,,,,,,,,,,,,False,False
3451180254411450880,,,NGC2099,88.10260772705078,32.492130279541016,1.5156166999999998,16.699474999999996,0.2217447358368771,,,,,,,,,,,,False,False
3451180254411452160,,,NGC2099,88.09261322021484,32.490768432617195,1.2211245999999998,15.7671915,0.1750665386469316,,,,,,,,,,,,False,False
3451180254411452288,,,NGC2099,88.0970458984375,32.493824005126946,2.2977742000000005,17.9475915,0.3363597185088667,,,,,,,,,,,,False,False
3451180254419910528,,,NGC2099,88.09910583496094,32.48019790649414,1.2444903,15.881941,0.1685448347384577,,,,,,,,,,,,False,False
3451180254419924224,,,NGC2099,88.10111999511719,32.488941192626946,1.4714420999999998,17.402825500000002,0.0572504286207384,,,,,,,,,,,,False,False
3451180258707759872,,,NGC2099,88.10321807861328,32.48843002319336,1.4019879,17.1937995,0.0392778919709904,,,,,,,,,,,,False,False
3451180258711428480,,,NGC2099,88.0943603515625,32.492687225341804,0.8882121000000001,13.9967175,0.215840488889224,,,,,,,,,,,,False,False
3451180258712501760,,,NGC2099,88.10063934326172,32.47886276245117,0.8598080000000001,10.195787,0.1137206361619384,,,,,,,,,,,,False,False
3451180288771187456,,,NGC2099,88.08356475830078,32.490516662597656,1.6834172999999997,17.419414,0.1697959416901121,,,,,,,,,,,,False,False
3451180288771187840,,,NGC2099,88.07706451416016,32.491531372070305,1.3532629,16.132688,0.2408851711895621,,,,,,,,,,,,False,False
3451180293071175936,,,NGC2099,88.07479095458984,32.48990631103516,1.1601552999999998,15.470649,0.1865075375814041,,,,,,,,,,,,False,False
3451180323130925568,,,NGC2099,88.08728790283203,32.48967742919922,1.7132705,17.5298205,0.1659895803422813,,,,,,,,,,,,False,False
3451180323130933760,,,NGC2099,88.08966827392578,32.50120162963867,1.2287744,15.7347795,0.2081663988832967,,,,,,,,,,,,False,False
3451180323139333632,,,NGC2099,88.09050750732422,32.502609252929695,2.3952277,18.4649405,0.2654955529385432,,,,,,,,,,,,False,False
3451180327427240832,,,NGC2099,88.0841293334961,32.50037002563477,1.1736177,14.3405245,0.9305413254701248,,,,,,,,,,,,False,False
3451180327430907264,,,NGC2099,88.08586120605469,32.496768951416016,0.8752559,13.9950495,0.1727716011333031,,,,,,,,,,,,False,False
3451180357490206208,,,NGC2099,88.03790283203125,32.47924041748047,2.0475893,17.999359000000002,0.2297080576817732,,,,,,,,,,,,False,False
3451180357490652288,,,NGC2099,88.04059600830078,32.4779052734375,1.4820398,16.773374999999998,0.1712367966951754,,,,,,,,,,,,False,False
3451180361790664064,,,NGC2099,88.05191802978516,32.477981567382805,0.9196682,14.188705,0.1546597010895023,,,,,,,,,,,,False,False
3451180361790665216,,,NGC2099,88.04862976074219,32.47654342651367,0.44961454,12.062698,0.100862511512249,,,,,,,,,,,,False,True
3451180361790666240,,,NGC2099,88.0466537475586,32.47362518310547,1.0814931,15.1005745,0.1685673582307355,,,,,,,,,,,,False,False
3451180361790668032,,,NGC2099,88.03529357910156,32.47580718994141,0.8337517,13.747587,0.2821104376999014,,,,,,,,,,,,False,False
3451180396150395648,,,NGC2099,88.05304718017578,32.49411392211914,0.6419296400000001,13.27625,0.139537142713977,,,,,,,,,,,,False,False
3451180426210790016,,,NGC2099,88.03752136230469,32.490768432617195,0.53862086,12.0093065,0.2094862591842376,,,,,,,,,,,,False,True
3451180426211107072,,,NGC2099,88.03096008300781,32.49619674682617,1.8076133,17.644014000000002,0.191823109747246,,,,,,,,,,,,False,False
3451180426218214400,,,NGC2099,88.03668975830078,32.48146438598633,1.4162730999999995,16.302402999999998,0.2556720305864273,,,,,,,,,,,,False,False
3451180430506509952,,,NGC2099,88.03408813476562,32.47935104370117,2.0294342000000003,18.549698,0.1486242866232646,,,,,,,,,,,,False,False
3451180430510142080,,,NGC2099,88.02871704101562,32.49320602416992,0.49367424,11.892381,0.1578419293798613,,,,,,,,,,,,False,True
3451180430510143232,,,NGC2099,88.03551483154297,32.481307983398445,1.1556339,15.288218,0.2936280417585235,,,,,,,,,,,,False,False
3451180430510144896,,,NGC2099,88.0274658203125,32.482383728027344,0.5913515000000001,13.029617,0.1593461517251687,,,,,,,,,,,,False,False
3451180460570841856,,,NGC2099,88.04533386230469,32.497772216796875,1.5972789,17.0682085,0.188833506886087,,,,,,,,,,,,False,False
3451180460571357440,,,NGC2099,88.04750061035156,32.49350357055664,0.94015914,14.2873195,0.1533223099726147,,,,,,,,,,,,False,False
3451180464869876608,,,NGC2099,88.04615783691406,32.49078369140625,1.8132066,17.5120095,0.2197605249188139,,,,,,,,,,,,False,False
3451180494929190784,,,NGC2099,88.07039642333984,32.49811553955078,0.53237246,12.475613,0.183621258935724,,,,,,,,,,,,False,True
3451180499225947136,,,NGC2099,88.07250213623047,32.49826812744141,1.4430694000000002,16.408096,0.2464432736759147,,,,,,,,,,,,False,False
3451180499229604096,,,NGC2099,88.06905364990234,32.49948501586914,1.6013727,17.472725999999998,0.117717570868169,,,,,,,,,,,,False,False
3451180499229608064,,,NGC2099,88.06000518798828,32.496810913085945,0.7274742,13.562189,0.1386472419652148,,,,,,,,,,,,False,False
3451180529288940288,,,NGC2099,88.07489776611328,32.50281143188477,0.5406961299999999,12.469028,0.1958765496782381,,,,,,,,,,,,False,True
3451180529290002944,,,NGC2099,88.07344818115234,32.509780883789055,0.7234411,13.500829,0.1769050903861572,,,,,,,,,,,,False,False
3451180529290358784,,,NGC2099,88.07527160644531,32.512176513671875,0.6669248000000001,13.0518205,0.2870073728009908,,,,,,,,,,,,False,False
3451180533585659520,,,NGC2099,88.07621765136719,32.517276763916016,1.9185527,17.905043499999998,0.1955143038540808,,,,,,,,,,,,False,False
3451180533589332608,,,NGC2099,88.08024597167969,32.510204315185554,1.5201203,17.018813499999997,0.1453909866548348,,,,,,,,,,,,False,False
3451180563650576000,,,NGC2099,88.05615234375,32.519603729248054,0.93118573,14.428597000000002,0.0303336573811618,,,,,,,,,,,,False,False
3451180563659204352,,,NGC2099,88.05049133300781,32.50622940063477,1.1209669,15.512903,0.0562636561173291,,,,,,,,,,,,False,False
3451180567945431808,,,NGC2099,88.05592346191406,32.502479553222656,1.4131622,16.907297,0.0866131824709873,,,,,,,,,,,,False,False
3451180567949078784,,,NGC2099,88.06291961669922,32.50924301147461,0.43226145,11.418981,0.0744278762350574,,,,,,,,,,,,False,True
3451180567949082112,,,NGC2099,88.04913330078125,32.51323699951172,1.3206199,16.2762995,0.1405757552741127,,,,,,,,,,,,False,False
3451180567949084544,,,NGC2099,88.04902648925781,32.50603485107422,0.53698827,12.064224,0.206563652261312,,,,,,,,,,,,False,True
3451180598010316416,,,NGC2099,88.07303619384766,32.52313995361328,0.4875220999999999,12.612353,0.1012545054633775,,,,,,,,,,,,False,True
3451180602305146624,,,NGC2099,88.06513214111328,32.51718139648437,0.85553454,14.422177,-0.2332567196605266,,,,,,,,,,,,False,False
3451180602308805120,,,NGC2099,88.0694351196289,32.527610778808594,1.3895569,10.323032,0.3351943764760201,,,,,,,,,,,,False,False
3451180602308806016,,,NGC2099,88.07588195800781,32.52112197875977,1.3935845999999998,10.4497635,0.383205902939771,,,,,,,,,,,,False,False
3451180602308807552,,,NGC2099,88.06736755371094,32.52532958984375,0.618125,13.221376,0.1220120086637004,,,,,,,,,,,,False,False
3451180602308809856,,,NGC2099,88.07121276855469,32.51644897460937,0.9790735,14.570242,0.1168478814710783,,,,,,,,,,,,False,False
3451180602308811136,,,NGC2099,88.06085205078125,32.52307510375977,1.0495138,15.033895,0.0942356770089567,,,,,,,,,,,,False,False
3451180602308811392,,,NGC2099,88.06390380859375,32.51993942260742,0.5398197,12.968947,0.0914184701205933,,,,,,,,,,,,False,False
3451180602308811520,,,NGC2099,88.0654067993164,32.51806259155273,0.44161128,11.673189,0.0974135012897854,,,,,,,,,,,,False,True
3451180602308813824,,,NGC2099,88.06564331054688,32.514297485351555,0.6038922999999999,13.236095,0.0857550275557866,,,,,,,,,,,,False,False
3451180632368573440,,,NGC2099,88.11001586914062,32.49257278442383,1.8494523000000005,17.802177999999998,0.1837047230106009,,,,,,,,,,,,False,False
3451180632368577280,,,NGC2099,88.11598205566406,32.49805450439453,1.1882036,15.6586025,0.1552052726129139,,,,,,,,,,,,False,False
3451180632368578048,,,NGC2099,88.11318969726562,32.49991607666016,1.7873928999999995,17.444530999999998,0.2204622642858657,,,,,,,,,,,,False,False
3451180636668542336,,,NGC2099,88.11331176757812,32.49390411376953,1.5334461,16.3753665,0.3683241781437144,,,,,,,,,,,,False,False
3451180671028265344,,,NGC2099,88.12798309326172,32.512664794921875,0.6577101000000001,13.093896,0.2549058743208608,,,,,,,,,,,,False,False
3451180671028269824,,,NGC2099,88.12434387207031,32.50603485107422,0.55599204,12.5796755,0.207450811409156,,,,,,,,,,,,False,True
3451180671028270080,,,NGC2099,88.12040710449219,32.508838653564446,1.5257585,16.8345065,0.1922799801592031,,,,,,,,,,,,False,False
3451180671028274176,,,NGC2099,88.1220932006836,32.49991607666016,0.6189955,12.7349705,0.2838067207664555,,,,,,,,,,,,False,False
3451180701088060416,,,NGC2099,88.09989929199219,32.508071899414055,1.3257268,16.243045,0.1583457415966206,,,,,,,,,,,,False,False
3451180701088065536,,,NGC2099,88.099853515625,32.519397735595696,1.7306439999999998,16.980216499999997,0.3081953078812083,,,,,,,,,,,,False,False
3451180705388015872,,,NGC2099,88.09739685058594,32.515628814697266,1.0446833999999998,14.7207935,0.2768446843269282,,,,,,,,,,,,False,False
3451180705388016768,,,NGC2099,88.09798431396484,32.5126953125,1.2204849999999998,15.786242,0.1645487152406055,,,,,,,,,,,,False,False
3451180705388017152,,,NGC2099,88.1028060913086,32.507774353027344,1.0920374999999998,14.892065000000002,0.3518571314685779,,,,,,,,,,,,False,False
3451180705388020608,,,NGC2099,88.0921859741211,32.50772857666016,1.2897752,16.065375,0.1705755852462616,,,,,,,,,,,,False,False
3451180735447802624,,,NGC2099,88.10369110107422,32.51735305786133,2.0819490000000003,18.2858955,0.1966655211691168,,,,,,,,,,,,False,False
3451180735447812864,,,NGC2099,88.11299896240234,32.52024459838867,1.290061,15.580627,0.4559029899237904,,,,,,,,,,,,False,False
3451180735462178432,,,NGC2099,88.11064910888672,32.52716064453125,1.1082954,15.317495499999998,0.1226917525057256,,,,,,,,,,,,False,False
3451180739747741184,,,NGC2099,88.1191177368164,32.52085494995117,1.5566079,17.023328499999998,0.1704549068417218,,,,,,,,,,,,False,False
3451180769807545088,,,NGC2099,88.1364517211914,32.525680541992195,2.1508748,18.357896,0.2082639708308685,,,,,,,,,,,,False,False
3451180774107471616,,,NGC2099,88.14009857177734,32.51820755004883,1.3691232,16.42048,0.1560044586053202,,,,,,,,,,,,False,False
3451180774107476224,,,NGC2099,88.13191986083984,32.51792526245117,1.1613966999999998,15.269232,0.3263723527152822,,,,,,,,,,,,False,False
3451180774107478144,,,NGC2099,88.12742614746094,32.517940521240234,0.5979821,13.1424625,0.1230414899131921,,,,,,,,,,,,False,False
3451180804167284736,,,NGC2099,88.13771057128906,32.529754638671875,1.7393491,17.60113,0.1668644557188342,,,,,,,,,,,,False,False
3451180804167285376,,,NGC2099,88.1416015625,32.530651092529304,1.5513323,16.8831125,0.2001972391297836,,,,,,,,,,,,False,False
3451180804176005888,,,NGC2099,88.14330291748047,32.53821182250977,0.5529258000000001,12.068171,0.2257973612600659,,,,,,,,,,,,False,True
3451180808467198976,,,NGC2099,88.14521026611328,32.539974212646484,1.0795791,15.113638000000002,0.1530171072078844,,,,,,,,,,,,False,False
3451180838527642496,,,NGC2099,88.12040710449219,32.54050445556641,1.4478826,10.074253999999998,0.2777818511608536,,,,,,,,,,,,False,False
3451180838535611392,,,NGC2099,88.12274932861328,32.538013458251946,1.2713921,16.6305655,0.0071927506979379,,,,,,,,,,,,False,False
3451180842826950144,,,NGC2099,88.12088775634766,32.53120803833008,0.5741297,12.751741,0.2098327488304135,,,,,,,,,,,,False,True
3451180842826951552,,,NGC2099,88.12562561035156,32.524864196777344,1.2818294,16.050570999999998,0.1635912250785067,,,,,,,,,,,,False,False
3451180842826953216,,,NGC2099,88.12120819091797,32.52684783935547,0.4541647,12.545533,0.0631984439911435,,,,,,,,,,,,False,True
3451180872887378944,,,NGC2099,88.13343048095703,32.551692962646484,0.6266986999999999,12.673618499999998,0.3035931590297788,,,,,,,,,,,,False,False
3451180872887830656,,,NGC2099,88.13157653808594,32.54579925537109,0.663562,13.2738515,0.1849674946057005,,,,,,,,,,,,False,False
3451180872887832832,,,NGC2099,88.12486267089844,32.53977584838867,0.6081487999999999,12.6170535,0.2810881130442833,,,,,,,,,,,,False,False
3451180872887833216,,,NGC2099,88.12844848632812,32.546371459960945,1.2987747,16.106277000000002,0.1687798584384957,,,,,,,,,,,,False,False
3451180877186676224,,,NGC2099,88.13077545166016,32.55018997192383,1.1758612999999998,14.834539,0.7162895585204622,,,,,,,,,,,,False,False
3451180877186679936,,,NGC2099,88.13525390625,32.536792755126946,0.48188376,12.602318,0.0945590472924463,,,,,,,,,,,,False,True
3451180877186681088,,,NGC2099,88.12654113769531,32.541393280029304,0.8595116,13.7964415,0.3189202604861861,,,,,,,,,,,,False,False
3451180907247123328,,,NGC2099,88.09204864501953,32.51903915405273,0.47323886,11.3391055,0.1045230130824812,,,,,,,,,,,,False,True
3451180907247124096,,,NGC2099,88.08740234375,32.515762329101555,0.4916076,12.5868745,0.1114942066454291,,,,,,,,,,,,False,True
3451180911544178176,,,NGC2099,88.09058380126953,32.51962280273437,1.2788895999999998,16.482960500000004,0.038986954460331,,,,,,,,,,,,False,False
3451180911546445440,,,NGC2099,88.08799743652344,32.524337768554695,1.1316731999999998,15.270584499999998,0.2278921395545209,,,,,,,,,,,,False,False
3451180911546448768,,,NGC2099,88.08541107177734,32.518280029296875,1.4293298,10.406336,0.3809168571733116,,,,,,,,,,,,False,False
3451180911546449408,,,NGC2099,88.08428955078125,32.51780319213867,1.1102284999999998,14.7966755,0.4851420250078181,,,,,,,,,,,,False,False
3451180941607657856,,,NGC2099,88.1014633178711,32.528114318847656,1.0374259,14.1249365,0.6126379963322602,,,,,,,,,,,,False,False
3451180945906433920,,,NGC2099,88.10161590576172,32.536346435546875,1.3640832,16.4591955,0.1390426665601132,,,,,,,,,,,,False,False
3451180975967438208,,,NGC2099,88.06910705566406,32.530529022216804,0.5436993,12.60228,0.1865340627104165,,,,,,,,,,,,False,True
3451180975967440384,,,NGC2099,88.08197784423828,32.53334426879883,1.3078883,15.0138565,1.078895025767103,,,,,,,,,,,,False,False
3451180980262244608,,,NGC2099,88.0733413696289,32.532058715820305,1.9593566,18.0555225,0.1878280308178071,,,,,,,,,,,,False,False
3451180980262250112,,,NGC2099,88.06951904296875,32.52998733520508,0.9939413,14.751475,0.0618489990015608,,,,,,,,,,,,False,False
3451180980265917440,,,NGC2099,88.08380126953125,32.535324096679695,0.8225278,13.3267395,0.4921497682238126,,,,,,,,,,,,False,False
3451180980265923200,,,NGC2099,88.07962799072266,32.529571533203125,0.9241012,14.1495285,0.201275209503325,,,,,,,,,,,,False,False
3451180980265924352,,,NGC2099,88.0758056640625,32.529891967773445,1.2948249,16.1174595,0.1584946595227702,,,,,,,,,,,,False,False
3451181010326789376,,,NGC2099,88.0920639038086,32.548843383789055,1.4157666,16.6098705,0.1524873677706832,,,,,,,,,,,,False,False
3451181010326790144,,,NGC2099,88.09840393066406,32.54320526123047,2.3011439,18.4544635,0.2394230979385802,,,,,,,,,,,,False,False
3451181014621942528,,,NGC2099,88.0921630859375,32.547805786132805,2.4275745000000004,18.8486325,0.2180781154736745,,,,,,,,,,,,False,False
3451181014625645696,,,NGC2099,88.08802032470703,32.55301284790039,0.9272329,13.694653,0.6098966180487324,,,,,,,,,,,,False,False
3451181014625650944,,,NGC2099,88.09126281738281,32.538341522216804,1.2552211999999998,15.1167665,0.7832311400112085,,,,,,,,,,,,False,False
3451181048985383296,,,NGC2099,88.11096954345703,32.53550338745117,1.2734569,16.1061265,0.129763014101737,,,,,,,,,,,,False,False
3451181079045807232,,,NGC2099,88.12088012695312,32.55801010131836,0.46862407,12.39594,0.1024937998164341,,,,,,,,,,,,False,True
3451181079045808384,,,NGC2099,88.11754608154297,32.55477905273437,0.5787031,12.450868,0.2502637423710093,,,,,,,,,,,,False,True
3451181079046662272,,,NGC2099,88.11679077148438,32.556724548339844,0.4640469,12.426209,0.0931113950475314,,,,,,,,,,,,False,True
3451181079053754496,,,NGC2099,88.11906433105469,32.56081008911133,1.5423755,16.883232,0.1930760432260285,,,,,,,,,,,,False,False
3451181083345107840,,,NGC2099,88.12418365478516,32.55161666870117,0.6060108999999999,12.794509,0.2527709431942784,,,,,,,,,,,,False,True
3451181083345111808,,,NGC2099,88.11138916015625,32.55295181274414,0.5074142,12.4401425,0.1517898506597709,,,,,,,,,,,,False,True
3451181113406397696,,,NGC2099,88.09668731689453,32.550765991210945,1.4512332,16.703038499999998,0.1618677744371233,,,,,,,,,,,,False,False
3451181117702628224,,,NGC2099,88.09971618652344,32.546669006347656,1.0612252,15.0711635,0.113740932021908,,,,,,,,,,,,False,False
3451181117704853376,,,NGC2099,88.10032653808594,32.555862426757805,0.5446943,11.6865795,0.2091540316284976,,,,,,,,,,,,False,True
3451181117704856832,,,NGC2099,88.09722900390625,32.551971435546875,1.2740806,16.1686645,0.110053214597969,,,,,,,,,,,,False,False
3451181117704859008,,,NGC2099,88.09925079345703,32.545700073242195,0.7224286,13.300187499999998,0.2928476701674469,,,,,,,,,,,,False,False
3451181117704859776,,,NGC2099,88.09791564941406,32.546688079833984,0.6049693,12.3132405,0.2892552740550547,,,,,,,,,,,,False,True
3451181147765283072,,,NGC2099,88.11795806884766,32.56412124633789,0.45547862,11.401922999999998,0.0949546512737875,,,,,,,,,,,,False,True
3451181147765794176,,,NGC2099,88.10771179199219,32.564010620117195,1.1747903,14.594268,0.832170788175931,,,,,,,,,,,,False,False
3451181147766139136,,,NGC2099,88.114501953125,32.560657501220696,0.8213865000000001,13.90075,0.0843798408655203,,,,,,,,,,,,False,False
3451181147773158656,,,NGC2099,88.10772705078125,32.56642532348633,1.6502437,17.356302000000003,0.1629721651174849,,,,,,,,,,,,False,False
3451181152060869504,,,NGC2099,88.11344909667969,32.559024810791016,0.6473447999999999,12.987519,0.2733697706137928,,,,,,,,,,,,False,False
3451181152064582272,,,NGC2099,88.11830139160156,32.563159942626946,1.4082697999999998,10.5685815,0.4393465752532254,,,,,,,,,,,,False,False
3451181152064582784,,,NGC2099,88.11353302001953,32.56638717651367,0.6329436,12.92657,0.2664443179016752,,,,,,,,,,,,False,False
3451181152064587264,,,NGC2099,88.10994720458984,32.55752944946289,0.6005672,13.3763365,-0.0148806427042183,,,,,,,,,,,,False,False
3451181152064587776,,,NGC2099,88.10264587402344,32.562049865722656,0.8666219000000001,13.969535,0.1684315669601016,,,,,,,,,,,,False,False
3451181182125033472,,,NGC2099,88.02386474609375,32.498050689697266,0.6186887999999999,13.195222,0.136699863526964,,,,,,,,,,,,False,False
3451181182125350912,,,NGC2099,88.02277374267578,32.50010299682617,1.2492129,15.9074345,0.166188204060625,,,,,,,,,,,,False,False
3451181216484769664,,,NGC2099,88.02777099609375,32.513145446777344,0.68007054,13.0537555,0.3100877853377276,,,,,,,,,,,,False,False
3451181216484770432,,,NGC2099,88.03368377685547,32.50924301147461,1.4757525,9.871878,0.2334293992948588,,,,,,,,,,,,False,False
3451181216484771072,,,NGC2099,88.03553009033203,32.5026741027832,0.6102717500000001,13.2675825,0.0801630945227766,,,,,,,,,,,,False,False
3451181220780476928,,,NGC2099,88.03345489501953,32.504981994628906,1.4229984,16.596277999999998,0.1633225998700034,,,,,,,,,,,,False,False
3451181220784118144,,,NGC2099,88.0362548828125,32.50467300415039,0.7033319000000001,13.327963,0.2388982135655813,,,,,,,,,,,,False,False
3451181220785180544,,,NGC2099,88.03799438476562,32.50667953491211,1.5271595999999998,16.981831500000002,0.1582408692857678,,,,,,,,,,,,False,False
3451181250844508160,,,NGC2099,88.00946807861328,32.512222290039055,1.6120812,8.996898999999999,0.1087652199574453,6.840255,0.6732691,0.09842748552502793,,,,,,,,,True,False
3451181250845334016,,,NGC2099,88.01935577392578,32.510574340820305,2.3550831000000003,18.3237695,0.2778648072741808,,,,,,,,,,,,False,False
3451181289503592704,,,NGC2099,88.01753234863281,32.52527236938477,1.1719634,15.442586,0.2374332110908399,,,,,,,,,,,,False,False
3451181319564820224,,,NGC2099,88.05316162109375,32.519336700439446,0.95905906,14.5936625,0.0281984968627187,,,,,,,,,,,,False,False
3451181319573447936,,,NGC2099,88.04322814941406,32.52196502685547,1.9463138,17.923472,0.2035198049427697,,,,,,,,,,,,False,False
3451181319573448064,,,NGC2099,88.04377746582031,32.52398681640625,1.0625914999999997,15.071694,0.118423773548963,,,,,,,,,,,,False,False
3451181323859667584,,,NGC2099,88.05119323730469,32.51708984375,2.1967643000000003,18.3644215,0.2215497291993436,,,,,,,,,,,,False,False
3451181323863320960,,,NGC2099,88.04994201660156,32.525039672851555,1.3221639,14.680874500000002,1.360917212726522,,,,,,,,,,,,False,False
3451181323863321472,,,NGC2099,88.05467987060547,32.5197639465332,1.2818015,16.2534635,0.095679873968863,,,,,,,,,,,,False,False
3451181323863558016,,,NGC2099,88.04885864257812,32.522106170654304,1.0216839999999998,14.9344855,0.0521760545994339,,,,,,,,,,,,False,False
3451181323863559808,,,NGC2099,88.04215240478516,32.526580810546875,0.5551125299999999,10.840449,0.0878515853865061,,,,,,,,,,,,False,False
3451181353923720320,,,NGC2099,88.06285858154297,32.52797698974609,1.4440612000000002,9.8764895,0.2259345790620825,,,,,,,,,,,,False,False
3451181353924558976,,,NGC2099,88.05490112304688,32.521942138671875,1.6243364999999998,17.3115095,0.1563067948777947,,,,,,,,,,,,False,False
3451181358219376640,,,NGC2099,88.06214904785156,32.531211853027344,1.6582651,16.704284,0.350396529710245,,,,,,,,,,,,False,False
3451181358219383936,,,NGC2099,88.05613708496094,32.532150268554695,2.0252847000000003,18.3648595,0.1683616563307027,,,,,,,,,,,,False,False
3451181358223049984,,,NGC2099,88.0567855834961,32.53723526000977,0.6819274,12.864952,0.3640248469820173,,,,,,,,,,,,False,False
3451181358223051776,,,NGC2099,88.0627212524414,32.52920150756836,0.6538305400000001,13.22749,0.1892506883793877,,,,,,,,,,,,False,False
3451181358223053056,,,NGC2099,88.05679321289062,32.531356811523445,1.4115152,16.986035500000003,0.0726800088390529,,,,,,,,,,,,False,False
3451181358223054208,,,NGC2099,88.056396484375,32.528514862060554,0.90171233,13.775345499999998,0.4742085362885867,,,,,,,,,,,,False,False
3451181358223335040,,,NGC2099,88.05513763427734,32.542076110839844,1.2470641999999998,15.714848,0.259909463182189,,,,,,,,,,,,False,False
3451181388283456128,,,NGC2099,88.03302001953125,32.54132843017578,0.56838235,12.5459305,0.2289586944732801,,,,,,,,,,,,False,True
3451181388283457792,,,NGC2099,88.03518676757812,32.53255844116211,0.56008976,11.286923,0.1732549868513923,,,,,,,,,,,,False,False
3451181388292924160,,,NGC2099,88.03533935546875,32.531192779541016,1.1595132,15.610018,0.1098294944787345,,,,,,,,,,,,False,False
3451181392582800640,,,NGC2099,88.03923797607422,32.52630615234375,0.5486733,13.005407,0.0928781656697348,,,,,,,,,,,,False,False
3451181285204632192,,,NGC2099,88.02400207519531,32.52724838256836,2.0410579,17.9074805,0.2439141841110534,,,,,,,,,,,,False,False
3451181285218073216,,,NGC2099,88.02266693115234,32.51699066162109,0.5753895,12.585764499999998,0.235416164349382,,,,,,,,,,,,False,True
3451181289499938176,,,NGC2099,88.03001403808594,32.523223876953125,1.9182701,18.427854,0.1287665418803466,,,,,,,,,,,,False,False
3451181392582801280,,,NGC2099,88.03032684326172,32.53269195556641,0.5561975,12.9411165,0.1298497910665561,,,,,,,,,,,,False,False
3451181392582802048,,,NGC2099,88.03585052490234,32.52619171142578,0.96666496,14.351893,0.2029986510497689,,,,,,,,,,,,False,False
3451181422643193984,,,NGC2099,88.03803253173828,32.54425430297852,1.4350347,10.387892,0.3761263570274741,,,,,,,,,,,,False,False
3451181422643195648,,,NGC2099,88.04767608642578,32.534603118896484,0.70748225,13.2907515,0.2664181804885285,,,,,,,,,,,,False,False
3451181422644041984,,,NGC2099,88.04789733886719,32.54829788208008,0.44770654,12.2675595,0.0856336763669175,,,,,,,,,,,,False,True
3451181426942524672,,,NGC2099,88.05191802978516,32.545604705810554,0.6847203599999999,13.3141965,0.2070228242530149,,,,,,,,,,,,False,False
3451181426942530432,,,NGC2099,88.04602813720703,32.538684844970696,0.7764215000000001,13.416366,0.3543741724859041,,,,,,,,,,,,False,False
3451181457003295872,,,NGC2099,87.99893951416016,32.51620864868164,1.1893418999999998,15.7688205,0.1066086743946779,,,,,,,,,,,,False,False
3451181457003309952,,,NGC2099,88.00218200683594,32.52273178100586,2.2614695,18.622982,0.2042762004288124,,,,,,,,,,,,False,False
3451181461298657792,,,NGC2099,87.99254608154297,32.52126693725586,1.9503058,17.933818,0.2033874464350822,,,,,,,,,,,,False,False
3451181461302293888,,,NGC2099,87.99163055419922,32.52043914794922,1.009653,14.719786499999998,0.1424146072876859,,,,,,,,,,,,False,False
3451181491363084544,,,NGC2099,88.00535583496094,32.53574752807617,1.0228194,14.857595,0.1061118185670705,,,,,,,,,,,,False,False
3451181495662254464,,,NGC2099,88.01748657226562,32.534122467041016,0.7504259999999999,13.632049,0.1394952417324525,,,,,,,,,,,,False,False
3451181525722804608,,,NGC2099,87.9875259399414,32.52870559692383,1.4604377000000002,16.583535,0.2045988269029968,,,,,,,,,,,,False,False
3451181525722832384,,,NGC2099,87.98760223388672,32.53578948974609,1.7373597,17.300960500000002,0.2242436263732882,,,,,,,,,,,,False,False
3451181525723251584,,,NGC2099,87.9872055053711,32.52727508544922,1.3253020000000002,16.13736,0.1969058264889706,,,,,,,,,,,,False,False
3451181530021770880,,,NGC2099,87.98414611816406,32.526046752929695,1.1681903,15.5803505,0.1464875763944962,,,,,,,,,,,,False,False
3451181560089309056,,,NGC2099,87.99858093261719,32.545928955078125,1.9116961000000003,17.882234,0.1964673406032982,,,,,,,,,,,,False,False
3451181564381498112,,,NGC2099,88.00724029541016,32.53939437866211,0.7496813499999999,13.612802,0.1549035108458979,,,,,,,,,,,,False,False
3451181598741225216,,,NGC2099,88.02457427978516,32.550582885742195,1.2101344,15.762375999999998,0.1538905012283201,,,,,,,,,,,,False,False
3451181628802472832,,,NGC2099,88.0330581665039,32.550792694091804,1.1190577,14.5406745,0.6473008968844226,,,,,,,,,,,,False,False
3451181628802473600,,,NGC2099,88.03131866455078,32.55474090576172,1.5152388,17.091339499999997,0.1280477386550552,,,,,,,,,,,,False,False
3451181628811092992,,,NGC2099,88.03702545166016,32.55569839477539,1.0387788000000002,15.110985,0.0074633301917807,,,,,,,,,,,,False,False
3451181633097292160,,,NGC2099,88.02600860595703,32.555530548095696,1.5609141,16.9951245,0.1799272599206514,,,,,,,,,,,,False,False
3451181633100954368,,,NGC2099,88.03849029541016,32.557971954345696,0.8076039,13.3725335,0.4435125302951386,,,,,,,,,,,,False,False
3451181633100955520,,,NGC2099,88.03646850585938,32.556724548339844,1.0551711,14.7029445,0.3276040646262416,,,,,,,,,,,,False,False
3451181633100957568,,,NGC2099,88.03291320800781,32.55660629272461,1.7997213,17.470826,0.2213896954893277,,,,,,,,,,,,False,False
3451181633100958464,,,NGC2099,88.02970886230469,32.5570068359375,0.7795959,13.665245,0.1930627321442944,,,,,,,,,,,,False,False
3451181633100961280,,,NGC2099,88.03053283691406,32.55019760131836,0.6264058,11.1217185,0.1907285776176415,,,,,,,,,,,,False,False
3451181633100961920,,,NGC2099,88.03375244140625,32.546165466308594,1.1439334,15.2947875,0.2511812430723424,,,,,,,,,,,,False,False
3451181663161361792,,,NGC2099,88.01094818115234,32.54996871948242,0.58179196,11.6681435,0.2478085787193737,,,,,,,,,,,,False,True
3451181663162210048,,,NGC2099,88.00410461425781,32.55173492431641,1.9389445,17.482539,0.2909671607446321,,,,,,,,,,,,False,False
3451181663162211712,,,NGC2099,88.00425720214844,32.55434799194336,0.98715084,14.60702,0.12497731929891,,,,,,,,,,,,False,False
3451181663172533120,,,NGC2099,88.01832580566406,32.550914764404304,0.48905785,12.6060475,0.1046130468369643,,,,,,,,,,,,False,True
3451181667460701440,,,NGC2099,88.02039337158203,32.5550537109375,1.3924857,10.310341500000002,0.3319610872380541,11.574443,1.5858848,0.13701607930506893,,,,,,,,,True,False
3451181667460705280,,,NGC2099,88.00741577148438,32.55919647216797,1.498957,16.771339499999996,0.1863750321091793,,,,,,,,,,,,False,False
3451181667460705536,,,NGC2099,88.0103759765625,32.55658721923828,1.3440564,15.977091500000002,0.302840124034873,,,,,,,,,,,,False,False
3451181667460706432,,,NGC2099,88.00908660888672,32.555259704589844,0.86719426,13.981226500000002,0.1586708138871149,,,,,,,,,,,,False,False
3451181564381500672,,,NGC2099,87.99830627441406,32.53961944580078,0.6316163,13.016851,0.2358614025566024,,,,,,,,,,,,False,False
3451181564381502080,,,NGC2099,87.99945068359375,32.535106658935554,1.666968,17.399324,0.1644824856590862,,,,,,,,,,,,False,False
3451181594442708608,,,NGC2099,88.0233383178711,32.53873062133789,1.4965827,16.738776,0.1931391613992125,,,,,,,,,,,,False,False
3451181594442730624,,,NGC2099,88.02518463134766,32.53672409057617,1.4061591000000002,16.467303,0.1836303456877902,,,,,,,,,,,,False,False
3451181594442733056,,,NGC2099,88.02257537841797,32.54995346069336,1.6136331,17.081657,0.1969314782853966,,,,,,,,,,,,False,False
3451181594453054848,,,NGC2099,88.01688385009766,32.546932220458984,1.5709601000000002,17.035687499999998,0.1778716299203367,,,,,,,,,,,,False,False
3451181701816769280,,,NGC2099,88.0213394165039,32.558277130126946,0.9399291000000002,14.2102565,0.2079873224306986,,,,,,,,,,,,False,False
3451181731881693056,,,NGC2099,88.06327819824219,32.54042816162109,0.98454276,14.2103775,0.3617305046703159,,,,,,,,,,,,False,False
3451181731888502656,,,NGC2099,88.07308197021484,32.540306091308594,0.48067,12.815063,0.0434084807726208,,,,,,,,,,,,False,False
3451181736176485632,,,NGC2099,88.06069946289062,32.54547500610352,1.9891391,18.13393,0.1870624223577676,,,,,,,,,,,,False,False
3451181736180163840,,,NGC2099,88.06489562988281,32.547821044921875,1.5457191,16.950739000000002,0.1790654244990648,,,,,,,,,,,,False,False
3451181736180166656,,,NGC2099,88.0645523071289,32.54337310791016,0.5440566000000001,12.512145,0.1969695552516216,,,,,,,,,,,,False,True
3451181736180167680,,,NGC2099,88.06244659423828,32.54269790649414,0.814696,13.116603,0.5377939357556283,,,,,,,,,,,,False,False
3451181736180420992,,,NGC2099,88.06458282470703,32.5458984375,1.2134980999999998,15.187106,0.5698715593046242,,,,,,,,,,,,False,False
3451181766240577024,,,NGC2099,88.07192993164062,32.549022674560554,1.3924932,10.0853945,0.2635352749207559,,,,,,,,,,,,False,False
3451181766241431936,,,NGC2099,88.07658386230469,32.559288024902344,1.1816703,15.794624,0.0799914643265319,,,,,,,,,,,,False,False
3451181770536184192,,,NGC2099,88.0849838256836,32.55546188354492,0.8427994999999999,13.102165499999998,0.5933857380248492,,,,,,,,,,,,False,False
3451181770536201088,,,NGC2099,88.07150268554688,32.55666732788086,1.9830333,18.341726,0.1579743341644904,,,,,,,,,,,,False,False
3451181770537671680,,,NGC2099,88.08119201660156,32.553573608398445,0.4429129699999999,12.3619995,0.0710203411531698,,,,,,,,,,,,False,True
3451181770539891328,,,NGC2099,88.08171081542969,32.554771423339844,0.9564496,14.4942985,0.079892755085129,,,,,,,,,,,,False,False
3451181800601118976,,,NGC2099,88.05635833740234,32.5546875,1.2541618,16.011128,0.1329181495447156,,,,,,,,,,,,False,False
3451181800601163776,,,NGC2099,88.05531311035156,32.54491424560547,0.5245072000000001,11.619419999999998,0.1831479000652205,,,,,,,,,,,,False,True
3451181800601164160,,,NGC2099,88.05271911621094,32.54596328735352,0.7287298,12.758923,0.455272260563083,,,,,,,,,,,,False,False
3451181800601165696,,,NGC2099,88.05219268798828,32.555015563964844,1.0426759,14.9294895,0.1361552553569857,,,,,,,,,,,,False,False
3451181800601166464,,,NGC2099,88.06155395507812,32.557689666748054,1.4035478,16.521311,0.1644580712703769,,,,,,,,,,,,False,False
3451181800607844992,,,NGC2099,88.05142211914062,32.54752731323242,0.99226376,14.096451,0.48165420751441,,,,,,,,,,,,False,False
3451181800614154112,,,NGC2099,88.047119140625,32.555633544921875,0.9873081,13.872042,0.6759964795976543,,,,,,,,,,,,False,False
3451181804899644672,,,NGC2099,88.05242919921875,32.550750732421875,1.3322524999999998,16.311694,0.14452492988583,,,,,,,,,,,,False,False
3451181834960907904,,,NGC2099,88.0692367553711,32.56012344360352,0.5026828,12.97969,0.0222432259768127,,,,,,,,,,,,False,False
3451181834969524992,,,NGC2099,88.06364440917969,32.56174468994141,0.9187332,13.848264000000002,0.4665132051647839,,,,,,,,,,,,False,False
3451181839259368192,,,NGC2099,88.07142639160156,32.563316345214844,0.6274978,13.197801,0.1524795437720072,,,,,,,,,,,,False,False
3451181839259368832,,,NGC2099,88.06753540039062,32.564830780029304,1.3902441,10.427923000000002,0.3733974142982468,,,,,,,,,,,,False,False
3451181839260453632,,,NGC2099,88.0586929321289,32.562557220458984,1.2979812,16.158848000000003,0.1482706451698477,,,,,,,,,,,,False,False
3451181869327576320,,,NGC2099,88.09315490722656,32.56656646728516,0.53444367,12.5623725,0.1778069448472498,,,,,,,,,,,,False,True
3451181869329265664,,,NGC2099,88.09579467773438,32.566848754882805,1.3004415,16.2218925,0.1306291071007106,,,,,,,,,,,,False,False
3451181873615392128,,,NGC2099,88.08515167236328,32.56264495849609,1.0123082,13.904140000000002,0.7321891839823982,,,,,,,,,,,,False,False
3451181873619097344,,,NGC2099,88.08867645263672,32.565643310546875,0.6518184,13.074648,0.2513908898544864,,,,,,,,,,,,False,False
3451181873619100160,,,NGC2099,88.08464050292969,32.563663482666016,1.4125128999999998,10.241947,0.3165974882506732,,,,,,,,,,,,False,False
3451181873619102208,,,NGC2099,88.08721160888672,32.557689666748054,1.4001301,10.5162735,0.4129914260097914,10.655597,2.6409204,0.247843494831871,,,,,,,,,True,False
3451181903680061568,,,NGC2099,88.09918212890625,32.575302124023445,1.6148733,17.1569305,0.180942414853538,,,,,,,,,,,,False,False
3451181903687340416,,,NGC2099,88.09737396240234,32.58187484741211,1.3468753000000002,16.352135999999998,0.1502780190384682,,,,,,,,,,,,False,False
3451181907978822784,,,NGC2099,88.10518646240234,32.579662322998054,1.1953838,15.7439585,0.130534375935356,,,,,,,,,,,,False,False
3451181907979113216,,,NGC2099,88.10586547851562,32.574073791503906,0.9986984,13.9287065,0.6628875456241895,,,,,,,,,,,,False,False
3451181938039262464,,,NGC2099,88.07369232177734,32.576858520507805,0.55303665,10.32551,0.0214209059545831,166.60498,15.577507,0.09349964808975098,,,,,,,,,True,False
3451181942334866304,,,NGC2099,88.0806655883789,32.56927490234375,1.7795325,17.585414,0.1889345711799227,,,,,,,,,,,,False,False
3451181972399814272,,,NGC2099,88.09111785888672,32.579086303710945,1.7214155999999998,17.673171999999997,0.14722277378279,,,,,,,,,,,,False,False
3451181976698299904,,,NGC2099,88.09663391113281,32.58658599853516,1.0905567000000005,14.464947,0.5777409781464612,,,,,,,,,,,,False,False
3451181976698302080,,,NGC2099,88.08739471435547,32.590194702148445,0.4843512,12.682915,0.0829811436131713,,,,,,,,,,,,False,True
3451181976698305792,,,NGC2099,88.08505249023438,32.58425521850586,0.6437059,10.231311,0.0441326539013947,170.62086,16.788671,0.09839752888363124,,,,,,,,,True,False
3451181976698592896,,,NGC2099,88.07937622070312,32.585865020751946,1.1416712,15.482082000000002,0.1284808875196024,,,,,,,,,,,,False,False
3451182011054382464,,,NGC2099,88.04637908935547,32.56476593017578,1.469245,17.0848685,0.0979362229727408,,,,,,,,,,,,False,False
3451182011058065408,,,NGC2099,88.04652404785156,32.5727424621582,0.8403598,13.9408805,0.1072617537897381,,,,,,,,,,,,False,False
3451182011058067072,,,NGC2099,88.04570770263672,32.569602966308594,0.6898299,13.4570405,0.1277402097009736,,,,,,,,,,,,False,False
3451182011058070272,,,NGC2099,88.0390853881836,32.570144653320305,0.7396760499999999,13.632771000000002,0.1083150021607558,,,,,,,,,,,,False,False
3451182011058330496,,,NGC2099,88.04443359375,32.55776214599609,1.5159078,16.968302,0.1528503282404333,,,,,,,,,,,,False,False
3451182041119340928,,,NGC2099,88.05231475830078,32.57456588745117,0.53549095,11.372542,0.1660213229757758,,,,,,,,,,,,False,True
3451182041119341056,,,NGC2099,88.04923248291016,32.573184967041016,0.41238114,12.03211,0.0576521398713256,,,,,,,,,,,,False,True
3451182041127954688,,,NGC2099,88.05668640136719,32.566749572753906,1.4459819,17.454821,0.038434887602452,,,,,,,,,,,,False,False
3451182041127954816,,,NGC2099,88.06095886230469,32.576553344726555,1.8495059,17.583201,0.2232661169174419,,,,,,,,,,,,False,False
3451182045414095744,,,NGC2099,88.05487823486328,32.57822799682617,2.0575696,17.74272,0.2849958294045183,,,,,,,,,,,,False,False
3451182045417797248,,,NGC2099,88.05911254882812,32.577163696289055,1.0388561,14.771539,0.2234192742378796,,,,,,,,,,,,False,False
3451182045417797632,,,NGC2099,88.05181884765625,32.581966400146484,1.4742461000000002,16.6383885,0.2014195693789728,,,,,,,,,,,,False,False
3451182045417798784,,,NGC2099,88.05593872070312,32.575618743896484,1.376659,16.44425,0.1575378034214264,,,,,,,,,,,,False,False
3451182045417799296,,,NGC2099,88.05239868164062,32.576866149902344,1.1041287999999998,15.329231,0.1027114484628497,,,,,,,,,,,,False,False
3451182045417800960,,,NGC2099,88.04918670654297,32.57607269287109,0.44253306,12.397156,0.0667820667381996,,,,,,,,,,,,False,True
3451182045417801216,,,NGC2099,88.05432891845703,32.571243286132805,1.4491816000000002,9.9981015,0.2574744123600933,,,,,,,,,,,,False,False
3451182045417802752,,,NGC2099,88.04887390136719,32.57252883911133,0.8882789,14.282546,-0.0228026480136991,,,,,,,,,,,,False,False
3451182045418069248,,,NGC2099,88.05489349365234,32.56714630126953,0.48852166,11.8568295,0.1519781488592953,,,,,,,,,,,,False,True
3451182075478214912,,,NGC2099,88.02671813964844,32.579795837402344,0.7355235299999999,13.7033745,0.0230870411135002,,,,,,,,,,,,False,False
3451182075478217728,,,NGC2099,88.03362274169922,32.567081451416016,0.39420562,10.345956,-0.0372157924061881,,,,,,,,,,,,False,False
3451182075479078912,,,NGC2099,88.02496337890625,32.57590866088867,1.5164748,16.9698855,0.1529316876372092,,,,,,,,,,,,False,False
3451182075487691008,,,NGC2099,88.02973937988281,32.57170867919922,1.4240484999999998,16.760378499999998,0.1240094859350079,,,,,,,,,,,,False,False
3451182079773868416,,,NGC2099,88.02716827392578,32.574462890625,0.95886334,14.4895405,0.0914921476279831,,,,,,,,,,,,False,False
3451182079777549568,,,NGC2099,88.0323486328125,32.571704864501946,0.24590024,10.5245875,-0.0922275313767415,,,,,,,,,,,,False,False
3451182109838518656,,,NGC2099,88.04068756103516,32.58517074584961,1.3930889,16.559859999999997,0.1428630614458985,,,,,,,,,,,,False,False
3451182109838521984,,,NGC2099,88.03535461425781,32.58487319946289,0.5553284700000001,12.5260095,0.211883206332501,,,,,,,,,,,,False,True
3451182109845477888,,,NGC2099,88.0493392944336,32.58535385131836,0.47869406,12.5749045,0.0943442685892503,,,,,,,,,,,,False,True
3451182109851800704,,,NGC2099,88.04847717285156,32.58632659912109,0.6862231,12.6902575,0.3938845625975408,,,,,,,,,,,,False,False
3451182114133577472,,,NGC2099,88.04890441894531,32.580394744873054,2.4756351,18.72028,0.2477201023396858,,,,,,,,,,,,False,False
3451182114137270144,,,NGC2099,88.04376983642578,32.59535598754883,0.8137828000000001,13.848525499999996,0.1146779583443731,,,,,,,,,,,,False,False
3451182144197691904,,,NGC2099,88.06893157958984,32.579383850097656,1.4387549999999998,9.917485,0.2342004174763899,,,,,,,,,,,,False,False
3451182144198557952,,,NGC2099,88.06504821777344,32.58553695678711,1.800932,17.533013,0.2093434160189129,,,,,,,,,,,,False,False
3451182144198558336,,,NGC2099,88.0723648071289,32.58517074584961,0.50531774,12.30812,0.1581657632298819,,,,,,,,,,,,False,True
3451182144198558720,,,NGC2099,88.06090545654297,32.58120346069336,0.4988343999999999,11.2567,0.1157621459289542,,,,,,,,,,,,False,True
3451182144207170816,,,NGC2099,88.0709457397461,32.58502197265625,1.1681843,15.75195,0.0680831576805977,,,,,,,,,,,,False,False
3451182148494822400,,,NGC2099,88.0740966796875,32.583450317382805,0.62493807,13.208645,0.142023201282767,,,,,,,,,,,,False,False
3451182148494824448,,,NGC2099,88.07456970214844,32.586925506591804,1.4587553,16.989147499999998,0.1067077864867377,,,,,,,,,,,,False,False
3451182148496998528,,,NGC2099,88.06879425048828,32.594497680664055,1.8850195,18.0595555,0.1600837429085592,,,,,,,,,,,,False,False
3451182178558298368,,,NGC2099,88.07577514648438,32.594757080078125,1.8878449,17.749875499999998,0.2091498934277396,,,,,,,,,,,,False,False
3451182182853004160,,,NGC2099,88.0841293334961,32.599273681640625,1.8592568,18.116371,0.1436430339257111,,,,,,,,,,,,False,False
3451182182853020800,,,NGC2099,88.07376098632812,32.591564178466804,2.2357587,18.2420155,0.2538044594053495,,,,,,,,,,,,False,False
3451182212924678016,,,NGC2099,88.04724884033203,32.598094940185554,2.5552569,18.5653725,0.2941276233416005,,,,,,,,,,,,False,False
3451182217212758528,,,NGC2099,88.05902862548828,32.60504150390625,0.8814850999999999,13.5672815,0.5429001004758429,,,,,,,,,,,,False,False
3451182217216476032,,,NGC2099,88.05857849121094,32.602294921875,1.1286183,15.2869015,0.2070052286887135,,,,,,,,,,,,False,False
3451182217216482944,,,NGC2099,88.04708862304688,32.596847534179695,1.3123733,16.2208685,0.1475102376057424,,,,,,,,,,,,False,False
3451182247284594816,,,NGC2099,88.07561492919922,32.60969924926758,1.4015295,16.357577499999998,0.2155956917631775,,,,,,,,,,,,False,False
3451182251576204672,,,NGC2099,88.07560729980469,32.60818099975586,0.50281258,12.3815885,0.1501878803300431,,,,,,,,,,,,False,True
3451182251576208896,,,NGC2099,88.06400299072266,32.60990524291992,0.9376634,14.167014999999996,0.2338500905711322,,,,,,,,,,,,False,False
3451182560814044032,,,NGC2099,87.6866226196289,32.296249389648445,0.9595361,14.408698500000002,0.1429002681936928,,,,,,,,,,,,False,False
3451182797032766848,,,NGC2099,87.71947479248047,32.338207244873054,2.218432,17.842525499999997,0.3300015086075514,,,,,,,,,,,,False,False
3451182835691925376,,,NGC2099,87.75981140136719,32.331127166748054,1.2787133,16.158738500000002,0.1199982212168778,,,,,,,,,,,,False,False
3451183346788554496,,,NGC2099,87.75202941894531,32.386016845703125,0.6404820999999998,13.1655765,0.1927550590011301,,,,,,,,,,,,False,False
3451184038282394368,,,NGC2099,87.7053451538086,32.38629531860352,2.0545693,17.736939500000002,0.2849869924780006,,,,,,,,,,,,False,False
3451184068348171648,,,NGC2099,87.74124908447266,32.38357162475586,1.4602262,16.758528499999997,0.1560012212117485,,,,,,,,,,,,False,False
3451184137062627712,,,NGC2099,87.726806640625,32.398860931396484,1.480261,16.8739985,0.1459307116857542,,,,,,,,,,,,False,False
3451184377580821120,,,NGC2099,87.72618103027344,32.415882110595696,2.0515161,18.2443575,0.1925806263016657,,,,,,,,,,,,False,False
3451184583739207552,,,NGC2099,87.79917907714844,32.38186264038086,1.1073814999999998,15.2382575,0.1687206637180569,,,,,,,,,,,,False,False
3451184583739212800,,,NGC2099,87.80876159667969,32.38290786743164,1.0588333,14.813618,0.2745396847521092,,,,,,,,,,,,False,False
3451184656758024448,,,NGC2099,87.83367919921875,32.40087127685547,1.1161601,14.9371115,0.4135130928331416,,,,,,,,,,,,False,False
3451184691117768832,,,NGC2099,87.81056213378906,32.39461135864258,1.1405455,15.449982,0.1430936097242523,,,,,,,,,,,,False,False
3451184725477102592,,,NGC2099,87.81927490234375,32.415077209472656,1.6672975,17.2789075,0.1878052543763371,,,,,,,,,,,,False,False
3451184794196599936,,,NGC2099,87.7944107055664,32.39475250244141,0.9366862,14.2734405,0.1509133441144566,,,,,,,,,,,,False,False
3451184892976887424,,,NGC2099,87.79737091064453,32.408138275146484,2.2780115,18.4468795,0.2337302520743074,,,,,,,,,,,,False,False
3451184927336646912,,,NGC2099,87.81938171386719,32.42012405395508,1.4310457,16.5550205,0.1833352279101667,,,,,,,,,,,,False,False
3451184996056140416,,,NGC2099,87.80547332763672,32.4306640625,2.0194991,18.1721775,0.1920892728067246,,,,,,,,,,,,False,False
3451185064775591424,,,NGC2099,87.8573989868164,32.41459274291992,2.0575711,18.5303095,0.1586885981584298,,,,,,,,,,,,False,False
3451185064775598336,,,NGC2099,87.85977172851562,32.41776657104492,1.3205563,16.327184499999998,0.125004176911771,,,,,,,,,,,,False,False
3451185167854829568,,,NGC2099,87.87217712402344,32.426586151123054,1.6516536,17.237638,0.18696446023264,,,,,,,,,,,,False,False
3451185172154085376,,,NGC2099,87.87711334228516,32.430465698242195,0.50851093,12.44715,0.1526903389866555,,,,,,,,,,,,False,True
3451185236574329984,,,NGC2099,87.86632537841797,32.441097259521484,1.3411118,16.373465999999997,0.1368174150864204,,,,,,,,,,,,False,False
3451185270934109312,,,NGC2099,87.869873046875,32.459644317626946,1.3346335,16.346997,0.1367270376488314,,,,,,,,,,,,False,False
3451185270939937024,,,NGC2099,87.86473846435547,32.44921875,1.4850316,16.8787265,0.1486811547460682,,,,,,,,,,,,False,False
3451185305293791360,,,NGC2099,87.8183822631836,32.43372344970703,1.8621351,17.6056085,0.2248356446669845,,,,,,,,,,,,False,False
3451185305293798400,,,NGC2099,87.82183837890625,32.43775177001953,2.1818487,18.3784855,0.214864010178723,,,,,,,,,,,,False,False
3451185343952371456,,,NGC2099,87.83529663085938,32.447303771972656,1.1158757,15.235921499999998,0.1987453792797291,,,,,,,,,,,,False,False
3451185550110778112,,,NGC2099,87.85230255126953,32.47536849975586,1.3885114,16.516523,0.1498063331486524,,,,,,,,,,,,False,False
3451185580171652224,,,NGC2099,87.76335144042969,32.406993865966804,1.0859472,15.278706499999998,0.0733100736159152,,,,,,,,,,,,False,False
3451185786330142592,,,NGC2099,87.77503967285156,32.44379425048828,2.2251627,18.4916075,0.2117026510548231,,,,,,,,,,,,False,False
3451185378312121728,,,NGC2099,87.80850219726562,32.443553924560554,0.8005325,13.6728575,0.247850234235719,,,,,,,,,,,,False,False
3451185378312122496,,,NGC2099,87.80892181396484,32.44192886352539,1.0189325,14.6504425,0.2193576793027193,,,,,,,,,,,,False,False
3451185958128839424,,,NGC2099,87.73844146728516,32.44686508178711,1.7673764,17.5679125,0.1861593712663867,,,,,,,,,,,,False,False
3451185996783534464,,,NGC2099,87.75521850585938,32.45046615600586,2.2387167000000003,18.7287745,0.1852512915300048,,,,,,,,,,,,False,False
3451185996787426944,,,NGC2099,87.76525115966797,32.449573516845696,0.5618555,13.0456385,0.0999424021443116,,,,,,,,,,,,False,False
3451186026848349568,,,NGC2099,87.76834106445312,32.460567474365234,1.415438,16.576698000000004,0.1611256032871733,,,,,,,,,,,,False,False
3451186129927564544,,,NGC2099,87.79939270019531,32.45980834960937,1.5868266000000002,17.064699,0.1824216993138843,,,,,,,,,,,,False,False
3451186168586094080,,,NGC2099,87.80624389648438,32.465110778808594,0.86320713,13.845847,0.2829372005301674,,,,,,,,,,,,False,False
3451186340384774144,,,NGC2099,87.80878448486328,32.487255096435554,0.67624157,13.369171,0.1566643956009932,,,,,,,,,,,,False,False
3451186370445828096,,,NGC2099,87.81684112548828,32.498748779296875,2.2462594,18.389168,0.2330168014026581,,,,,,,,,,,,False,False
3451186507884776064,,,NGC2099,87.77950286865234,32.497695922851555,1.7436669,17.600047999999997,0.1691144889065657,,,,,,,,,,,,False,False
3451186512183475712,,,NGC2099,87.77961730957031,32.494808197021484,1.235759,15.0503,0.774792016327595,,,,,,,,,,,,False,False
3451186542244218752,,,NGC2099,87.79289245605469,32.49900054931641,0.61904355,12.437808999999998,0.3068662037382392,,,,,,,,,,,,False,False
3451186645323766144,,,NGC2099,87.8011245727539,32.51190185546875,2.1453983,18.241815,0.2239711809222205,,,,,,,,,,,,False,False
3451187023280635776,,,NGC2099,87.5929183959961,32.390987396240234,2.2468282,18.5284535,0.2128352448622694,,,,,,,,,,,,False,False
3451187061939395200,,,NGC2099,87.6115493774414,32.40700149536133,1.2584048,16.036343000000002,0.1306455782031311,,,,,,,,,,,,False,False
3451187268097797504,,,NGC2099,87.6767807006836,32.416305541992195,1.0748353000000002,15.2062835,0.07826730132764,,,,,,,,,,,,False,False
3451187336817273600,,,NGC2099,87.66668701171875,32.426841735839844,0.72094925,13.5700655,0.1145586021011366,,,,,,,,,,,,False,False
3451188294591113984,,,NGC2099,87.5760498046875,32.47968292236328,1.0519896,15.074938499999998,0.0774062450757668,,,,,,,,,,,,False,False
3451188298889955712,,,NGC2099,87.58988952636719,32.477054595947266,1.3176445,15.180419,0.9378842379474376,,,,,,,,,,,,False,False
3451188367609415040,,,NGC2099,87.64064025878906,32.46817398071289,1.2542022000000002,15.974965,0.1469846250627702,,,,,,,,,,,,False,False
3451189187944333696,,,NGC2099,87.70401763916016,32.48681640625,1.6881697999999998,17.549844,0.1501986333561934,,,,,,,,,,,,False,False
3451189325383323008,,,NGC2099,87.7259750366211,32.49908447265625,1.2580866,15.852066,0.2089576501516891,,,,,,,,,,,,False,False
3451189398401511040,,,NGC2099,87.71072387695312,32.52480316162109,1.0814985,15.180001,0.1172739563082214,,,,,,,,,,,,False,False
3451189462822294656,,,NGC2099,87.7647476196289,32.50581741333008,2.3368572000000003,18.345714,0.2682129420695668,,,,,,,,,,,,False,False
3451189565901562880,,,NGC2099,87.77833557128906,32.528186798095696,2.1990794,17.923722,0.3032088437797619,,,,,,,,,,,,False,False
3451189604560327552,,,NGC2099,87.79623413085938,32.53067398071289,1.4670333000000002,16.398846,0.2783288617376225,,,,,,,,,,,,False,False
3451190704071531520,,,NGC2099,87.74100494384766,32.571609497070305,0.591834,12.904852,0.2023882432816693,,,,,,,,,,,,False,False
3451190734132812928,,,NGC2099,87.7251968383789,32.581798553466804,1.5738906,17.079825,0.1702178424506023,,,,,,,,,,,,False,False
3451190738431269120,,,NGC2099,87.7276611328125,32.584510803222656,0.8272417999999999,13.797208499999998,0.2130089246917667,,,,,,,,,,,,False,False
3451190768492561920,,,NGC2099,87.7441177368164,32.58516311645508,1.5257835,16.817204,0.1968845301645535,,,,,,,,,,,,False,False
3451191047668911232,,,NGC2099,87.7044677734375,32.60829544067383,1.1882163,15.5706785,0.2029306844808439,,,,,,,,,,,,False,False
3451191077729890560,,,NGC2099,87.8979263305664,32.457199096679695,0.9768864,14.294628,0.2754637026312319,,,,,,,,,,,,False,False
3451191082029079040,,,NGC2099,87.8825912475586,32.452674865722656,1.2023225999999998,15.762909,0.136915189866894,,,,,,,,,,,,False,False
3451191112089669760,,,NGC2099,87.90876770019531,32.465579986572266,1.3867641999999998,15.924306,0.4112162803126787,,,,,,,,,,,,False,False
3451191112089670144,,,NGC2099,87.8990707397461,32.47336196899414,1.7488349,17.593617000000002,0.1726768755869758,,,,,,,,,,,,False,False
3451191180809138048,,,NGC2099,87.89492797851562,32.472434997558594,1.7436297,17.322462,0.2229941220546017,,,,,,,,,,,,False,False
3451191185107849856,,,NGC2099,87.89443969726562,32.480064392089844,1.9285762,17.389536,0.3101516646465419,,,,,,,,,,,,False,False
3451191185107852928,,,NGC2099,87.8856430053711,32.47848129272461,1.3793859000000002,16.224101,0.2391186063444857,,,,,,,,,,,,False,False
3451191283888114560,,,NGC2099,87.900390625,32.48756790161133,0.57120256,12.138652,0.2471101725053545,,,,,,,,,,,,False,True
3451191318248183680,,,NGC2099,87.91181182861328,32.508407592773445,1.8133176,17.63585,0.1959520632151111,,,,,,,,,,,,False,False
3451191490046851200,,,NGC2099,87.88581848144531,32.500011444091804,1.9508435,18.067362,0.182988057730167,,,,,,,,,,,,False,False
3451190871571736192,,,NGC2099,87.68270874023438,32.57388687133789,1.2893924,16.288939000000003,0.095895552532353,,,,,,,,,,,,False,False
3451191558766331648,,,NGC2099,87.87762451171875,32.500625610351555,1.953037,18.126915,0.1753713460745618,,,,,,,,,,,,False,False
3451191558766373888,,,NGC2099,87.88018035888672,32.516525268554695,1.6262448,16.825481,0.2778592616559485,,,,,,,,,,,,False,False
3451191563060989824,,,NGC2099,87.88800811767578,32.509387969970696,2.0160058,18.268728000000003,0.1776160599954576,,,,,,,,,,,,False,False
3451191563064958336,,,NGC2099,87.88933563232422,32.51015853881836,1.1521113,14.906828,0.5738841580731945,,,,,,,,,,,,False,False
3451191563064960000,,,NGC2099,87.88742065429688,32.507568359375,0.68852203,13.425803,0.1469966218156861,,,,,,,,,,,,False,False
3451191627485496704,,,NGC2099,87.93527221679688,32.50175094604492,0.6380919999999999,13.340219,0.0925777813734134,,,,,,,,,,,,False,False
3451191627485798784,,,NGC2099,87.92730712890625,32.49509811401367,1.6575219,17.121283,0.2169858384847189,,,,,,,,,,,,False,False
3451191696205317120,,,NGC2099,87.92294311523438,32.512081146240234,1.4306122999999995,16.634571,0.1604221364283265,,,,,,,,,,,,False,False
3451191631784868480,,,NGC2099,87.93901062011719,32.503921508789055,1.1334533,15.427558,0.1353722461250286,,,,,,,,,,,,False,False
3451191631784869376,,,NGC2099,87.93526458740234,32.503921508789055,1.2251729,15.780048,0.1773675297710565,,,,,,,,,,,,False,False
3451191631784875136,,,NGC2099,87.9314193725586,32.490768432617195,1.4671799,16.74264,0.166070919951414,,,,,,,,,,,,False,False
3451191661845574784,,,NGC2099,87.95374298095703,32.51047134399414,0.75103045,13.6041695,0.1662206990654881,,,,,,,,,,,,False,False
3451191666144147712,,,NGC2099,87.93763732910156,32.51194381713867,0.7504367000000001,13.601459000000002,0.1669314562906877,,,,,,,,,,,,False,False
3451191666144150016,,,NGC2099,87.93608856201172,32.510547637939446,0.5645227000000002,12.859401,0.1692057763027024,,,,,,,,,,,,False,False
3451191666144604288,,,NGC2099,87.94237518310547,32.50705718994141,0.5928601600000001,13.195885,0.0863227462786553,,,,,,,,,,,,False,False
3451191700503892096,,,NGC2099,87.92997741699219,32.510780334472656,1.3289641999999997,16.31391,0.1396410935754537,,,,,,,,,,,,False,False
3451191730565064192,,,NGC2099,87.9320068359375,32.51618194580078,1.7458361999999998,17.387603,0.2100358406913819,,,,,,,,,,,,False,False
3451191734863615744,,,NGC2099,87.93895721435547,32.52489852905273,0.8745075999999999,14.031011,0.1353687043063715,,,,,,,,,,,,False,False
3451191734863618432,,,NGC2099,87.93930053710938,32.52117156982422,0.48076944,11.172778999999998,0.0889964606414352,179.34819,90.5711,0.5050014722758005,,,,,,,,,True,True
3451191734863620480,,,NGC2099,87.93913269042969,32.51682662963867,0.49646347,12.720206,0.0936722129274918,,,,,,,,,,,,False,True
3451191769223344128,,,NGC2099,87.95464324951172,32.52703857421875,1.2290609,15.7830225,0.1840869484705297,,,,,,,,,,,,False,False
3451191769223810688,,,NGC2099,87.96479797363281,32.519943237304695,1.0617035,15.0580225,0.1239933851693372,,,,,,,,,,,,False,False
3451191799291055616,,,NGC2099,87.96204376220703,32.531116485595696,0.5168729,12.371978000000002,0.169860757050858,,,,,,,,,,,,False,True
3451191837938820480,,,NGC2099,87.95042419433594,32.53037643432617,2.1663928,18.934622,0.146169382265529,,,,,,,,,,,,False,False
3451191837942819200,,,NGC2099,87.94573211669922,32.536426544189446,0.7834987,13.705215,0.1668662847114425,,,,,,,,,,,,False,False
3451191837942821248,,,NGC2099,87.94976806640625,32.530807495117195,1.5704169,17.116931,0.1601411439228849,,,,,,,,,,,,False,False
3451191837942826496,,,NGC2099,87.9375228881836,32.53393173217773,1.4184834,16.102778999999998,0.3554620794362501,,,,,,,,,,,,False,False
3451191868004090880,,,NGC2099,87.95800018310547,32.53694534301758,1.6237979,17.161382999999997,0.1857409137651899,,,,,,,,,,,,False,False
3451191872302549504,,,NGC2099,87.9610824584961,32.538375854492195,0.8446698000000001,13.68352,0.3700205687143947,,,,,,,,,,,,False,False
3451191971083267840,,,NGC2099,87.89363861083984,32.532188415527344,1.6419312,17.274712,0.1735856329213616,,,,,,,,,,,,False,False
3451191975381797888,,,NGC2099,87.90605163574219,32.532211303710945,0.81252473,13.812644,0.148820980893909,,,,,,,,,,,,False,False
3451191975381799808,,,NGC2099,87.89832305908203,32.53617477416992,1.156422,15.613183,0.1006917541533037,,,,,,,,,,,,False,False
3451192005443014912,,,NGC2099,87.9095687866211,32.53477096557617,1.2579269,16.078515,0.1149762206402248,,,,,,,,,,,,False,False
3451192009741523328,,,NGC2099,87.91756439208984,32.54213714599609,0.8160867,13.86848,0.1009604602634278,,,,,,,,,,,,False,False
3451192039802758144,,,NGC2099,87.93571472167969,32.53571319580078,0.98176187,14.551175,0.1380652410470181,,,,,,,,,,,,False,False
3451192044101254272,,,NGC2099,87.92950439453125,32.544456481933594,0.4719600399999999,12.183457,0.1219822318961807,,,,,,,,,,,,False,True
3451192142882053632,,,NGC2099,87.93595886230469,32.56377410888672,1.0736541,15.027318,0.1888128974838658,,,,,,,,,,,,False,False
3451192142882057472,,,NGC2099,87.93865203857422,32.56786727905273,1.5278395,16.995461,0.1558088201406997,,,,,,,,,,,,False,False
3451192181540275584,,,NGC2099,87.84229278564453,32.49509429931641,1.3699366,16.043382,0.3107081309741116,,,,,,,,,,,,False,False
3451192215900001152,,,NGC2099,87.85527801513672,32.51255416870117,0.78906696,13.7673,0.1207528454567193,,,,,,,,,,,,False,False
3451192280320520960,,,NGC2099,87.8488998413086,32.528759002685554,0.51356916,11.867312,0.1806882469225554,,,,,,,,,,,,False,True
3451192280320874240,,,NGC2099,87.84193420410156,32.517372131347656,1.3499734,16.300741,0.1708410312628541,,,,,,,,,,,,False,False
3451192280320908800,,,NGC2099,87.85150909423828,32.523693084716804,0.6624196,13.210222,0.2144568853521591,,,,,,,,,,,,False,False
3451192353338930944,,,NGC2099,87.88742065429688,32.530067443847656,0.80203026,13.88017,0.0407371169213337,,,,,,,,,,,,False,False
3451192422058406400,,,NGC2099,87.87594604492188,32.54142379760742,0.6341005999999999,12.612929,0.3202627180958481,,,,,,,,,,,,False,False
3451192452119214720,,,NGC2099,87.82746124267578,32.51830291748047,0.6071698,12.220145,0.2918628197780082,,,,,,,,,,,,False,True
3451192559497822336,,,NGC2099,87.81493377685547,32.54207229614258,1.2580776,15.534135,0.4097336734764421,,,,,,,,,,,,False,False
3451192589564047104,,,NGC2099,87.84452819824219,32.5507698059082,1.3646214,16.127504,0.260380917305783,,,,,,,,,,,,False,False
3451192658277638912,,,NGC2099,87.84273529052734,32.55052947998047,0.43937868,12.183639,0.0810712154444784,,,,,,,,,,,,False,True
3451192692637374592,,,NGC2099,87.84537506103516,32.56173324584961,0.50575027,11.8948755,0.171781815543732,,,,,,,,,,,,False,True
3451192696936318848,,,NGC2099,87.84471893310547,32.557632446289055,1.0819492,15.117896,0.1587553454891689,,,,,,,,,,,,False,False
3451192761357324672,,,NGC2099,87.89938354492188,32.560623168945305,1.7048472999999995,17.295585,0.2064172735309293,,,,,,,,,,,,False,False
3451192795717043840,,,NGC2099,87.8753433227539,32.55330276489258,1.5017082000000002,16.940002,0.1482627929695908,,,,,,,,,,,,False,False
3451192800015522560,,,NGC2099,87.87686920166016,32.551563262939446,0.8816168,14.033172999999998,0.1578650147015798,,,,,,,,,,,,False,False
3451192834375246080,,,NGC2099,87.8837661743164,32.56802749633789,0.95050424,14.31066,0.1734108840669841,,,,,,,,,,,,False,False
3451192868730974208,,,NGC2099,87.9100112915039,32.56254196166992,2.4512181,18.9199815,0.2148239539786662,,,,,,,,,,,,False,False
3451192903094697728,,,NGC2099,87.91834259033203,32.578750610351555,0.9685541,14.3910985,0.1853719632604064,,,,,,,,,,,,False,False
3451192933156060928,,,NGC2099,87.89855194091797,32.573902130126946,1.9467359,17.9880615,0.1933486837727542,,,,,,,,,,,,False,False
3451192967515831424,,,NGC2099,87.91207885742188,32.585277557373054,1.9830392,17.2452295,0.3865289966483876,,,,,,,,,,,,False,False
3451192967515845120,,,NGC2099,87.91816711425781,32.588939666748054,1.1587232,15.5174735,0.1556498004429959,,,,,,,,,,,,False,False
3451193001875827840,,,NGC2099,87.87113952636719,32.56361770629883,2.1520023,18.466307,0.1937408292706663,,,,,,,,,,,,False,False
3451193040533672704,,,NGC2099,87.88116455078125,32.57556915283203,0.51465818,12.431877,0.1625345511351269,,,,,,,,,,,,False,True
3451193040533675136,,,NGC2099,87.88079833984375,32.57205581665039,1.3107814,16.188641,0.1563451706618084,,,,,,,,,,,,False,False
3451193070594989056,,,NGC2099,87.85871887207031,32.56861114501953,2.2090041,18.1628115,0.2588160750259175,,,,,,,,,,,,False,False
3451193109253783040,,,NGC2099,87.87252044677734,32.59085464477539,1.3108381,15.5009135,0.5799489848420631,,,,,,,,,,,,False,False
3451193139320246656,,,NGC2099,87.8905258178711,32.57884979248047,1.2729479,16.094840500000004,0.1329253049996347,,,,,,,,,,,,False,False
3451193143608876416,,,NGC2099,87.8858642578125,32.585647583007805,1.7505308,17.103441500000002,0.2838134946321084,,,,,,,,,,,,False,False
3451193143612881920,,,NGC2099,87.88756561279297,32.579742431640625,1.0695864,15.0392235,0.1656300509452949,,,,,,,,,,,,False,False
3451193177972601216,,,NGC2099,87.90238189697266,32.599796295166016,1.3626722,16.3956565,0.1559725605086306,,,,,,,,,,,,False,False
3451193242393178880,,,NGC2099,87.88409423828125,32.61216354370117,0.38682186,12.2427995,0.0094089788542441,,,,,,,,,,,,False,True
3451193242393806336,,,NGC2099,87.89774322509766,32.60552215576172,1.8051223,17.63275,0.1926599715671326,,,,,,,,,,,,False,False
3451193246692082560,,,NGC2099,87.88362884521484,32.606937408447266,0.98139565,14.775659,-0.0022886964143402,,,,,,,,,,,,False,False
3451193281052291072,,,NGC2099,87.9798583984375,32.536937713623054,1.2773517,16.135698500000004,0.125590775808898,,,,,,,,,,,,False,False
3451193311113103616,,,NGC2099,87.99019622802734,32.543704986572266,1.6172915,17.1351545,0.1872413467633983,,,,,,,,,,,,False,False
3451193311113114752,,,NGC2099,87.9885025024414,32.54825592041016,1.3984324,16.552329,0.1503934997600572,,,,,,,,,,,,False,False
3451193311113123840,,,NGC2099,87.98065948486328,32.551864624023445,1.6658805,17.2011885,0.2036706985682901,,,,,,,,,,,,False,False
3451193311113129728,,,NGC2099,87.9985122680664,32.55359649658203,1.1661738,15.569679,0.1469591488594428,,,,,,,,,,,,False,False
3451193315412017536,,,NGC2099,87.99461364746094,32.556934356689446,1.1461202,15.4389225,0.1654399733385292,,,,,,,,,,,,False,False
3451193345472405888,,,NGC2099,87.95720672607422,32.552791595458984,0.47362866,12.6712955,0.0689439111524135,,,,,,,,,,,,False,True
3451193345472845952,,,NGC2099,87.96996307373047,32.54568099975586,0.9986283,14.6463805,0.1447608208311757,,,,,,,,,,,,False,False
3451193349771281024,,,NGC2099,87.97228240966797,32.558746337890625,0.8869564999999999,14.0394685,0.1703509985188749,,,,,,,,,,,,False,False
3451193349771282560,,,NGC2099,87.9726333618164,32.556137084960945,1.1560298,14.917473500000002,0.5812563452622195,,,,,,,,,,,,False,False
3451193384126972928,,,NGC2099,87.98445129394531,32.56374740600586,1.7103911,17.5923315,0.1543586071567846,,,,,,,,,,,,False,False
3451193414192364800,,,NGC2099,87.99272155761719,32.56183624267578,1.7816266,16.961159000000002,0.3525710170376895,,,,,,,,,,,,False,False
3451193414192395648,,,NGC2099,87.99671173095703,32.57107162475586,0.63720235,13.0834625,0.2213201286029429,,,,,,,,,,,,False,False
3451193418491222528,,,NGC2099,88.00765228271484,32.56726837158203,1.0938838,14.5879095,0.5334710539791995,,,,,,,,,,,,False,False
3451193448552165888,,,NGC2099,88.01062774658203,32.582069396972656,1.5703716,17.070054499999998,0.1699031388339456,,,,,,,,,,,,False,False
3451193452850958208,,,NGC2099,88.01243591308594,32.569419860839844,1.00944327,14.6647925,0.1748830627788226,,,,,,,,,,,,False,False
3451193482911904512,,,NGC2099,87.9866943359375,32.58208465576172,1.4703168,16.737777,0.1700972724983929,,,,,,,,,,,,False,False
3451193487210208896,,,NGC2099,87.99099731445312,32.574180603027344,0.86780175,13.4533595,0.5515680493933167,,,,,,,,,,,,False,False
3451193517282251008,,,NGC2099,87.99578857421875,32.58861923217773,2.0293857,18.6496455,0.1385469047853815,,,,,,,,,,,,False,False
3451193521569926784,,,NGC2099,88.0011978149414,32.594093322753906,0.8208554499999999,13.8382895,0.1492484901577906,,,,,,,,,,,,False,False
3451193521569931648,,,NGC2099,87.99945068359375,32.588451385498054,0.5050801,12.692193499999998,0.1131065243787789,,,,,,,,,,,,False,True
3451193551631642240,,,NGC2099,87.9666519165039,32.564346313476555,2.0310157,18.6230145,0.1415899736871435,,,,,,,,,,,,False,False
3451193551637667072,,,NGC2099,87.95606994628906,32.56720352172852,1.81687,16.9725455,0.374495129489361,,,,,,,,,,,,False,False
3451193555925694848,,,NGC2099,87.95380401611328,32.56760025024414,1.6355861,17.9392425,0.0794331298868715,,,,,,,,,,,,False,False
3451193555929713152,,,NGC2099,87.96212005615234,32.56459426879883,0.50762948,11.8690805,0.1738908320081248,,,,,,,,,,,,False,True
3451193590289432064,,,NGC2099,87.96820068359375,32.582305908203125,0.5170907,12.941389,0.0622525466912082,,,,,,,,,,,,False,False
3451193590289439104,,,NGC2099,87.96452331542969,32.576683044433594,0.68997466,12.684118,0.4001177574445431,,,,,,,,,,,,False,False
3451193590289444864,,,NGC2099,87.96078491210938,32.574188232421875,0.6605006000000001,13.3339595,0.1444140482124641,,,,,,,,,,,,False,False
3451193624649191424,,,NGC2099,87.94294738769531,32.5781135559082,0.7651339699999999,13.5401815,0.2539499775152518,,,,,,,,,,,,False,False
3451193659008907264,,,NGC2099,87.963134765625,32.589061737060554,1.0921393,14.6369845,0.503718382481994,,,,,,,,,,,,False,False
3451193659008912384,,,NGC2099,87.9586181640625,32.586498260498054,1.0370713,14.9576005,0.096324526815016,,,,,,,,,,,,False,False
3451193689070352256,,,NGC2099,87.98506164550781,32.58736038208008,1.2557496,15.6514325,0.3195521212105177,,,,,,,,,,,,False,False
3451193689070361600,,,NGC2099,87.97388458251953,32.58983612060547,1.1472911,15.540643,0.1129247224699021,,,,,,,,,,,,False,False
3451193693368643456,,,NGC2099,87.97718811035156,32.58097457885742,1.1685752,15.562419,0.1570204804496763,,,,,,,,,,,,False,False
3451193727728357504,,,NGC2099,87.995361328125,32.598281860351555,0.5583686,12.635468,0.2041315952817789,,,,,,,,,,,,False,True
3451193727728366592,,,NGC2099,87.98856353759766,32.591068267822266,1.0039271,14.458419999999998,0.2713381443393598,,,,,,,,,,,,False,False
3451193762088612352,,,NGC2099,87.96834564208984,32.587936401367195,1.0811385,14.386425,0.5834565169524953,,,,,,,,,,,,False,False
3451193830807557632,,,NGC2099,88.02511596679688,32.59308624267578,1.0681811,14.545888499999998,0.4583716610629099,,,,,,,,,,,,False,False
3451193830807560064,,,NGC2099,88.02137756347656,32.59323883056641,0.6631738,13.042762,0.2833722594069486,,,,,,,,,,,,False,False
3451193830807561216,,,NGC2099,88.02642822265625,32.587818145751946,1.8170806,17.4586405,0.2330921757578693,,,,,,,,,,,,False,False
3451193830807566464,,,NGC2099,88.01630401611328,32.589065551757805,0.7826452,13.773644499999998,0.0933945336351705,,,,,,,,,,,,False,False
3451193830807567744,,,NGC2099,88.01634216308594,32.587520599365234,1.0969719999999998,14.5841105,0.5467102681385503,,,,,,,,,,,,False,False
3451193830808067712,,,NGC2099,88.02689361572266,32.58251190185547,1.0323047,14.7723215,0.1974976129960498,,,,,,,,,,,,False,False
3451193860869059584,,,NGC2099,88.03073120117188,32.591293334960945,1.806821,16.9639885,0.3702885807003709,,,,,,,,,,,,False,False
3451193895228811520,,,NGC2099,88.00927734375,32.59475326538086,0.5955769000000001,13.189034,0.0952060633654409,,,,,,,,,,,,False,False
3451193899522996736,,,NGC2099,88.01258850097656,32.588462829589844,2.0793819,18.8654185,0.13157362148741,,,,,,,,,,,,False,False
3451193899527038464,,,NGC2099,88.01715850830078,32.59476089477539,2.3299146,18.438095,0.2505562949773676,,,,,,,,,,,,False,False
3451193929587946624,,,NGC2099,88.02481842041016,32.608474731445305,0.47854985,12.2246405,0.1280593982275766,,,,,,,,,,,,False,True
3451193929588590848,,,NGC2099,88.01663208007812,32.608604431152344,2.0677085,17.391910999999997,0.385907061915029,,,,,,,,,,,,False,False
3451193933886769536,,,NGC2099,88.02046966552734,32.60230255126953,0.9507347000000002,14.463620999999998,0.078116145217826,,,,,,,,,,,,False,False
3451193963947686400,,,NGC2099,88.04196166992188,32.601634979248054,0.6814347,12.6110265,0.3910994761575661,,,,,,,,,,,,False,False
3451193968246480000,,,NGC2099,88.04969024658203,32.612579345703125,0.70938455,13.482065,0.1562432364982096,,,,,,,,,,,,False,False
3451193998308367744,,,NGC2099,88.0458755493164,32.619651794433594,1.7935297,17.5100695,0.2101604553611779,,,,,,,,,,,,False,False
3451194002606204544,,,NGC2099,88.06107330322266,32.62238311767578,0.98307545,14.459008,0.1965040427172573,,,,,,,,,,,,False,False
3451194036965960704,,,NGC2099,88.03392028808594,32.62075424194336,0.9515634,14.448776,0.0901787099361622,,,,,,,,,,,,False,False
3451194036965960960,,,NGC2099,88.036865234375,32.61766815185547,1.2874682,16.1217605,0.1457143388534854,,,,,,,,,,,,False,False
3451194036965967232,,,NGC2099,88.03494262695312,32.61121368408203,0.89145966,14.2102875,0.0408340050292835,,,,,,,,,,,,False,False
3451194067027848576,,,NGC2099,88.04621887207031,32.623783111572266,1.9647696,18.0013755,0.1981012650521671,,,,,,,,,,,,False,False
3451194067027862272,,,NGC2099,88.03787994384766,32.6271858215332,0.8714964,14.0311905,0.1247995818713352,,,,,,,,,,,,False,False
3451194067027862784,,,NGC2099,88.03593444824219,32.63032913208008,1.3603193,16.4059565,0.1500845241649231,,,,,,,,,,,,False,False
3451194071325680512,,,NGC2099,88.0505142211914,32.63265991210937,1.1360009,15.311045,0.2147693475706158,,,,,,,,,,,,False,False
3451194105685462784,,,NGC2099,88.01000213623047,32.608448028564446,0.4152050499999999,11.5545345,0.0656998053491653,,,,,,,,,,,,False,True
3451194105685471744,,,NGC2099,87.99469757080078,32.60953140258789,0.6741062,12.992044,0.3190838096266399,,,,,,,,,,,,False,False
3451194105685473280,,,NGC2099,87.9997787475586,32.603057861328125,0.7391983,13.192355999999998,0.3711468087487028,,,,,,,,,,,,False,False
3451194135747321600,,,NGC2099,88.01976013183594,32.62123489379883,1.267684,16.1656205,0.1016712017910194,,,,,,,,,,,,False,False
3451194135747332736,,,NGC2099,88.0125961303711,32.627944946289055,1.5445947999999998,16.970643499999998,0.1735930935827218,,,,,,,,,,,,False,False
3451194174400892544,,,NGC2099,87.98429107666016,32.620468139648445,1.7142721,17.540119,0.1647528867717509,,,,,,,,,,,,False,False
3451194174404937856,,,NGC2099,87.99562072753906,32.62322235107422,1.4702116,16.689099,0.1830122575984172,,,,,,,,,,,,False,False
3451194174404944128,,,NGC2099,87.98727416992188,32.62179183959961,1.4571165,10.4548985,0.4116829852840405,,,,,,,,,,,,False,False
3451194208764661248,,,NGC2099,88.00401306152344,32.635425567626946,0.98733335,14.7629035,0.0289453749210687,,,,,,,,,,,,False,False
3451194238826544384,,,NGC2099,88.02935791015625,32.627635955810554,1.3524599,16.3568625,0.1556701013397914,,,,,,,,,,,,False,False
3451194238826561408,,,NGC2099,88.0217056274414,32.63814926147461,1.2164773,15.9353025,0.0948686075070007,,,,,,,,,,,,False,False
3451194346199508352,,,NGC2099,88.02169799804688,32.64908218383789,1.5596792000000002,17.157742499999998,0.1451358991130058,,,,,,,,,,,,False,False
3451194311843868288,,,NGC2099,88.01156616210938,32.638843536376946,1.1640547,15.518221,0.1695611994872655,,,,,,,,,,,,False,False
3451194341905817728,,,NGC2099,88.01824188232422,32.654842376708984,1.4345267000000002,16.7012905,0.1470411969197051,,,,,,,,,,,,False,False
3451194341912110208,,,NGC2099,88.01615905761719,32.65279769897461,1.8019678000000003,17.9326145,0.1453578100585445,,,,,,,,,,,,False,False
3451194346203585280,,,NGC2099,88.02796936035156,32.65378189086914,1.2671816,16.1075905,0.1195834710937638,,,,,,,,,,,,False,False
3451194346203590528,,,NGC2099,88.02542114257812,32.649097442626946,1.1422455,15.4074175,0.1729149329484264,,,,,,,,,,,,False,False
3451194380563437440,,,NGC2099,87.92947387695312,32.585742950439446,0.95489894,14.5313635,0.0515554479509601,,,,,,,,,,,,False,False
3451194410624874496,,,NGC2099,87.95056915283203,32.59375762939453,1.7433043,17.471020499999998,0.1919417732134281,,,,,,,,,,,,False,False
3451194410624932736,,,NGC2099,87.94769287109375,32.600234985351555,1.0858587,15.338556,0.0404022102109482,,,,,,,,,,,,False,False
3451194414919114240,,,NGC2099,87.95231628417969,32.599533081054695,2.1840423,18.644427,0.1806801681336635,,,,,,,,,,,,False,False
3451194414923149440,,,NGC2099,87.94780731201172,32.605178833007805,0.47532843,10.9667805,0.057388060198745,,,,,,,,,,,,False,False
3451194414923159424,,,NGC2099,87.9463119506836,32.59226608276367,0.7206316,12.8355815,0.4333486668239051,,,,,,,,,,,,False,False
3451194414923159552,,,NGC2099,87.94469451904297,32.593555450439446,0.7515660399999999,13.491627499999998,0.2526892653267729,,,,,,,,,,,,False,False
3451194449282915968,,,NGC2099,87.91858673095703,32.593074798583984,0.7489322,13.4324365,0.2825405726579109,,,,,,,,,,,,False,False
3451194483642624640,,,NGC2099,87.93461608886719,32.61795425415039,0.98052023,14.6211575,0.0915870739609239,,,,,,,,,,,,False,False
3451194513710287872,,,NGC2099,87.9498291015625,32.60634231567383,1.4283409,16.7107495,0.1391245733446923,,,,,,,,,,,,False,False
3451194548063887616,,,NGC2099,87.96733093261719,32.61147689819336,1.9960109,17.3212725,0.3686388283064176,,,,,,,,,,,,False,False
3451194548063901312,,,NGC2099,87.96412658691406,32.61443328857422,0.53100775,12.8458705,0.1172588240668817,,,,,,,,,,,,False,False
3451194548063910400,,,NGC2099,87.96263122558594,32.61960601806641,1.8147081,17.5925695,0.2046097971249618,,,,,,,,,,,,False,False
3451194582422974848,,,NGC2099,87.94491577148438,32.618118286132805,0.7165111,12.889578,0.4174229108362542,,,,,,,,,,,,False,False
3451194586721832704,,,NGC2099,87.9483413696289,32.61484909057617,1.4535297,16.779721,0.145156156560044,,,,,,,,,,,,False,False
3451194689801063936,,,NGC2099,87.92121124267578,32.617759704589844,1.0094064,14.771858,0.108895708472671,,,,,,,,,,,,False,False
3451194586721838848,,,NGC2099,87.94222259521484,32.6125373840332,1.2378009,16.036119999999997,0.0967567868017805,,,,,,,,,,,,False,False
3451194616783664768,,,NGC2099,87.9573974609375,32.628429412841804,1.7616914999999995,17.392104,0.2177973474133137,,,,,,,,,,,,False,False
3451194616783672960,,,NGC2099,87.95121765136719,32.632762908935554,1.4178909,16.309571,0.254781421814877,,,,,,,,,,,,False,False
3451194651143095808,,,NGC2099,87.91394805908203,32.61068344116211,1.5240005,16.86997,0.1818015052802804,,,,,,,,,,,,False,False
3451194651143119360,,,NGC2099,87.91277313232422,32.618595123291016,2.2566532,17.980185,0.3129493344949581,,,,,,,,,,,,False,False
3451194685508796160,,,NGC2099,87.92900848388672,32.61458969116211,1.8796426,17.6797665,0.2184873949282439,,,,,,,,,,,,False,False
3451194724160819584,,,NGC2099,87.89661407470703,32.616703033447266,0.7553160999999999,13.636398,0.1493699284529102,,,,,,,,,,,,False,False
3451194754222598656,,,NGC2099,87.90967559814453,32.6364631652832,0.41087088,11.349216,0.0490106644657949,20.427681,83.22213,4.073988134042234,,,,,,,,,True,True
3451194788582096384,,,NGC2099,87.93729400634766,32.62746047973633,2.2216129,18.1480835,0.2658852640104254,,,,,,,,,,,,False,False
3451194788582367232,,,NGC2099,87.94013977050781,32.634822845458984,1.7314456,17.499000999999996,0.1806061294143867,,,,,,,,,,,,False,False
3451194792880265472,,,NGC2099,87.92941284179688,32.62693405151367,0.6141122299999999,13.226094000000002,0.1115598390624977,,,,,,,,,,,,False,False
3451194861599741568,,,NGC2099,87.92361450195312,32.63258743286133,0.9028524,13.6027325,0.5852624206448568,,,,,,,,,,,,False,False
3451194861600235904,,,NGC2099,87.92277526855469,32.63460922241211,2.1566317999999995,18.377044,0.2073117298712805,,,,,,,,,,,,False,False
3451194891661628672,,,NGC2099,87.93719482421875,32.66033172607422,1.6308427,16.930450999999998,0.2489037944566948,,,,,,,,,,,,False,False
3451194895959462144,,,NGC2099,87.93052673339844,32.652610778808594,1.1235822,15.293613,0.1863396664527781,,,,,,,,,,,,False,False
3451194926021315456,,,NGC2099,87.98660278320312,32.63063430786133,1.6620546,17.271410000000003,0.1862305750376243,,,,,,,,,,,,False,False
3451194930319182720,,,NGC2099,87.97579193115234,32.638809204101555,0.7198734999999999,13.3315995,0.2721547230227064,,,,,,,,,,,,False,False
3451194930319187712,,,NGC2099,87.98030853271484,32.627819061279304,0.7819863,13.5279775,0.3053288872801747,,,,,,,,,,,,False,False
3451194999038666880,,,NGC2099,87.9630355834961,32.639583587646484,1.26199,15.924322,0.1823450194779876,,,,,,,,,,,,False,False
3451195063460297600,,,NGC2099,88.00273132324219,32.648868560791016,1.6160681,17.1962175,0.1734997043912189,,,,,,,,,,,,False,False
3451195097820058240,,,NGC2099,88.0085678100586,32.657485961914055,1.7354553999999998,16.9604335,0.3183813151498725,,,,,,,,,,,,False,False
3451195102117828480,,,NGC2099,88.0093994140625,32.67055892944336,0.8209717,13.710436499999998,0.2761459224179224,,,,,,,,,,,,False,False
3451195136477577984,,,NGC2099,87.99068450927734,32.67068862915039,1.0978607,15.1973175,0.1628485409521547,,,,,,,,,,,,False,False
3451195136477583872,,,NGC2099,87.99047088623047,32.66275405883789,1.1270529000000002,15.478865,0.0895721463446587,,,,,,,,,,,,False,False
3451195136477584000,,,NGC2099,87.99166107177734,32.66176223754883,1.241017,16.029595999999998,0.1042855455436541,,,,,,,,,,,,False,False
3451195166539587584,,,NGC2099,87.99742889404297,32.680110931396484,1.8745045,17.7524755,0.2028570514793622,,,,,,,,,,,,False,False
3451195170833228288,,,NGC2099,87.9909439086914,32.67625045776367,1.9600624,18.1077325,0.1805287755546057,,,,,,,,,,,,False,False
3451195200899249920,,,NGC2099,87.95413970947266,32.64890670776367,1.3296594000000002,15.5619125,0.5734854092988925,,,,,,,,,,,,False,False
3451195239556815616,,,NGC2099,87.96876525878906,32.65900421142578,0.6687384,13.3833265,0.1309677500669323,,,,,,,,,,,,False,False
3451195308276282752,,,NGC2099,87.96369934082031,32.677120208740234,0.9991382,14.5712585,0.1905019529554182,,,,,,,,,,,,False,False
3451195308276286720,,,NGC2099,87.95343780517578,32.679946899414055,0.61077504,13.0546285,0.1845434332656888,,,,,,,,,,,,False,False
3451195308276296064,,,NGC2099,87.95451354980469,32.66827774047852,1.2952467,16.060395,0.1813734539834235,,,,,,,,,,,,False,False
3451195338338274944,,,NGC2099,87.97864532470703,32.67833709716797,1.5538371,16.846056,0.2121556415118881,,,,,,,,,,,,False,False
3451195342636011392,,,NGC2099,87.98456573486328,32.67183303833008,1.4148324,10.568445,0.442284351528428,,,,,,,,,,,,False,False
3451195445715212416,,,NGC2099,87.97676849365234,32.697853088378906,0.74470363,13.652213499999998,0.1038171215762935,,,,,,,,,,,,False,False
3451195445715213696,,,NGC2099,87.97972106933594,32.693775177001946,0.7484354,13.534132,0.2153546772592063,,,,,,,,,,,,False,False
3451195475776588544,,,NGC2099,87.80033111572266,32.53749847412109,1.2724866,15.888214,0.2189139663332161,,,,,,,,,,,,False,False
3451195514434882432,,,NGC2099,87.80936431884766,32.55510711669922,0.5611561999999999,12.675179,0.2026699698939137,,,,,,,,,,,,False,True
3451195617514089088,,,NGC2099,87.82359313964844,32.558677673339844,0.6014585000000001,12.743118,0.2547772472677242,,,,,,,,,,,,False,True
3451195647575403264,,,NGC2099,87.83690643310547,32.58065414428711,1.737511,17.391097000000002,0.2047268419458031,,,,,,,,,,,,False,False
3451195681934609024,,,NGC2099,87.81657409667969,32.577163696289055,0.5608504999999999,11.866076,0.2348456297459852,,,,,,,,,,,,False,True
3451195681940250368,,,NGC2099,87.81206512451172,32.56885528564453,1.6526527000000002,17.407033000000002,0.1553247240610988,,,,,,,,,,,,False,False
3451195686233564800,,,NGC2099,87.8132095336914,32.56867218017578,1.0660509,15.041029,0.1512610997999734,,,,,,,,,,,,False,False
3451195750654596864,,,NGC2099,87.78040313720703,32.57515335083008,1.1625184,15.481443,0.1866792608055986,,,,,,,,,,,,False,False
3451195819374098176,,,NGC2099,87.77002716064453,32.58366012573242,2.1358489,18.721288,0.1594442292065115,,,,,,,,,,,,False,False
3451195926751717632,,,NGC2099,87.81055450439453,32.60058212280273,1.5476898,16.641989,0.2708464595899209,,,,,,,,,,,,False,False
3451195956813097856,,,NGC2099,87.78888702392578,32.59743118286133,1.8822807,17.993943,0.1680120089004605,,,,,,,,,,,,False,False
3451196059892305664,,,NGC2099,87.86213684082031,32.592727661132805,1.5608409,16.851441,0.2163583593176313,,,,,,,,,,,,False,False
3451196132910118528,,,NGC2099,87.84780883789062,32.615318298339844,0.8971385000000001,14.086997,0.1618476838023647,,,,,,,,,,,,False,False
3451196167269846400,,,NGC2099,87.87432861328125,32.609622955322266,1.0059768,14.8203105,0.0646168287540358,,,,,,,,,,,,False,False
3451196167269852672,,,NGC2099,87.86226654052734,32.60821533203125,0.9561015,14.4618875,0.09837198233138,,,,,,,,,,,,False,False
3451196201629574528,,,NGC2099,87.88028717041016,32.623252868652344,2.0121253,17.968942,0.2214792684338297,,,,,,,,,,,,False,False
3451196266050844160,,,NGC2099,87.86180877685547,32.628067016601555,1.3052696,16.300196,0.1133326974560575,,,,,,,,,,,,False,False
3451196270349052672,,,NGC2099,87.87049102783203,32.629852294921875,1.2422679,16.015434999999997,0.1113084227627954,,,,,,,,,,,,False,False
3451196437849548288,,,NGC2099,87.85099029541016,32.63369369506836,1.4398881,16.705933500000004,0.1507905258339701,,,,,,,,,,,,False,False
3451196472209286016,,,NGC2099,87.85591888427734,32.63330841064453,1.634142,17.2521445,0.173374054616437,,,,,,,,,,,,False,False
3451196613946502016,,,NGC2099,87.77403259277344,32.599853515625,0.5968494,13.035444,0.1669399147537412,,,,,,,,,,,,False,False
3451196820104912640,,,NGC2099,87.7791976928711,32.6319580078125,0.85860055,13.914685,0.1968671753225435,,,,,,,,,,,,False,False
3451197129342546944,,,NGC2099,87.79660034179688,32.63214492797852,1.3093089,16.227227000000003,0.1411589675943093,,,,,,,,,,,,False,False
3451197163702272000,,,NGC2099,87.80986022949219,32.64254379272461,1.120149,15.317625,0.1601874279043096,,,,,,,,,,,,False,False
3451197365562819200,,,NGC2099,87.82642364501953,32.675537109375,1.4074193,16.6229995,0.140914255492184,,,,,,,,,,,,False,False
3451197369860670208,,,NGC2099,87.83251953125,32.67584991455078,0.74526063,13.480651000000002,0.2444418288355531,,,,,,,,,,,,False,False
3451197369860680832,,,NGC2099,87.82271575927734,32.669078826904304,1.2661859,16.0927265,0.1231046348499505,,,,,,,,,,,,False,False
3451197399922507392,,,NGC2099,87.78213500976562,32.65524673461914,1.9795495,17.3472225,0.3510050451130839,,,,,,,,,,,,False,False
3451197434282276224,,,NGC2099,87.78995513916016,32.66915512084961,2.1883279,18.663460500000003,0.1796089522486619,,,,,,,,,,,,False,False
3451197571721303168,,,NGC2099,87.8126449584961,32.69346237182617,1.8245997,17.6193,0.204311577940255,,,,,,,,,,,,False,False
3451197198062015744,,,NGC2099,87.79122161865234,32.650352478027344,1.0681707,14.5369045,0.4626560802509324,,,,,,,,,,,,False,False
3451197674800137088,,,NGC2099,87.88871765136719,32.63593292236328,1.6597084,17.258331999999996,0.1875280925780694,,,,,,,,,,,,False,False
3451197679098308608,,,NGC2099,87.8960189819336,32.630416870117195,1.2417625,16.101457999999997,0.0822595844495037,,,,,,,,,,,,False,False
3451197679098309120,,,NGC2099,87.894775390625,32.63108062744141,0.7385953399999999,13.57651,0.156106216684185,,,,,,,,,,,,False,False
3451197679098312704,,,NGC2099,87.89031219482422,32.631378173828125,1.5908147,17.2169065,0.1536927738910786,,,,,,,,,,,,False,False
3451197679098313600,,,NGC2099,87.8878173828125,32.632678985595696,0.7997247,13.6826145,0.2368592739574514,,,,,,,,,,,,False,False
3451197679098316288,,,NGC2099,87.88294219970703,32.632572174072266,1.3125211,16.315598500000004,0.1181934096631469,,,,,,,,,,,,False,False
3451197713458029824,,,NGC2099,87.90023803710938,32.648250579833984,0.9604219,14.598001,0.0305673193651559,,,,,,,,,,,,False,False
3451197713458040960,,,NGC2099,87.89215087890625,32.640670776367195,1.2603533999999998,16.104751999999998,0.1099912650104384,,,,,,,,,,,,False,False
3451197747817784832,,,NGC2099,87.87676239013672,32.64709854125977,0.7782805999999999,13.64936,0.2035035630424528,,,,,,,,,,,,False,False
3451197812244822016,,,NGC2099,87.90924072265625,32.64754104614258,2.0235446,18.480153,0.1544255603041167,,,,,,,,,,,,False,False
3451197846599156096,,,NGC2099,87.9206314086914,32.672142028808594,1.6231065,17.213355,0.1744050938141973,,,,,,,,,,,,False,False
3451197850896951552,,,NGC2099,87.92935943603516,32.667896270751946,1.2337356,15.862817,0.1563042552926398,,,,,,,,,,,,False,False
3451197850897455104,,,NGC2099,87.93075561523438,32.66537094116211,0.9984794,13.883837000000002,0.7033760711415982,,,,,,,,,,,,False,False
3451197915318636032,,,NGC2099,87.90863800048828,32.673927307128906,2.043818,18.155595,0.2029207543546489,,,,,,,,,,,,False,False
3451197919616439808,,,NGC2099,87.90464782714844,32.673141479492195,1.0900083,15.2498265,0.1035210550320894,,,,,,,,,,,,False,False
3451197984038097024,,,NGC2099,87.87812805175781,32.66897201538086,1.2938028,16.131928999999996,0.1516449871732487,,,,,,,,,,,,False,False
3451198018400074368,,,NGC2099,87.85536193847656,32.65884780883789,1.4911137999999995,16.9226025,0.1438941830572259,,,,,,,,,,,,False,False
3451198091415145216,,,NGC2099,87.89016723632812,32.666122436523445,1.083624,15.2065665,0.1081675799982064,,,,,,,,,,,,False,False
3451198160134615808,,,NGC2099,87.87753295898438,32.684494018554695,1.590329,16.4305745,0.407213511550502,,,,,,,,,,,,False,False
3451198258921692544,,,NGC2099,87.9412612915039,32.68197631835937,1.868751,18.178336,0.1396401262434096,,,,,,,,,,,,False,False
3451198263213794048,,,NGC2099,87.93864440917969,32.682861328125,0.45347267,11.769586,0.1120169745461465,,,,,,,,,,,,False,True
3451198293275646208,,,NGC2099,87.92652893066406,32.686317443847656,0.49404484,11.791236,0.1575752680267522,,,,,,,,,,,,False,True
3451198361995301760,,,NGC2099,87.95184326171875,32.69517135620117,1.6959985000000002,17.268183500000003,0.2071729985182775,,,,,,,,,,,,False,False
3451198435012466304,,,NGC2099,87.9407958984375,32.70562744140625,1.2609664,16.002930499999998,0.147595066399075,,,,,,,,,,,,False,False
3451198297573542912,,,NGC2099,87.92571258544922,32.680870056152344,0.7908519999999999,13.6857745,0.2075276762638527,,,,,,,,,,,,False,False
3451198533794070912,,,NGC2099,87.92626190185547,32.71466827392578,0.51616436,12.479838,0.1603736504801675,,,,,,,,,,,,False,True
3451198606811173120,,,NGC2099,87.90680694580078,32.71609115600586,0.61906487,11.331214,0.2343941170089375,162.2268,68.94445,0.42498804143335134,,,,,,,,,True,False
3451198636873332224,,,NGC2099,87.93231964111328,32.72753524780273,1.7986158,17.716761,0.1753936969426484,,,,,,,,,,,,False,False
3451198636878753536,,,NGC2099,87.93433380126953,32.712173461914055,1.8520251,17.9444785,0.1633303821435172,,,,,,,,,,,,False,False
3451198671233087104,,,NGC2099,87.93873596191406,32.731063842773445,1.814345,17.791612999999998,0.1704431965453693,,,,,,,,,,,,False,False
3451198705592803584,,,NGC2099,87.92581176757812,32.72589111328125,2.0835013,18.309519,0.1938664065237242,,,,,,,,,,,,False,False
3451198911756144640,,,NGC2099,87.87351989746094,32.69567108154297,1.5974523,17.3498445,0.1343255125999801,,,,,,,,,,,,False,False
3451198946110906752,,,NGC2099,87.88282775878906,32.70937728881836,1.4566084,16.74927,0.155092847399188,,,,,,,,,,,,False,False
3451198950408573440,,,NGC2099,87.88890838623047,32.709339141845696,0.6198268499999999,13.281050000000002,0.0915444296701322,,,,,,,,,,,,False,False
3451199053487842176,,,NGC2099,87.81998443603516,32.69607162475586,2.1784224,18.218637,0.2387163959609164,,,,,,,,,,,,False,False
3451199122207316096,,,NGC2099,87.8142318725586,32.70302200317383,1.9967779,18.52467,0.1419547942656828,,,,,,,,,,,,False,False
3451199156567029248,,,NGC2099,87.82996368408203,32.723976135253906,1.8824228,17.624654,0.2306315845376657,,,,,,,,,,,,False,False
3451199190926756608,,,NGC2099,87.85306549072266,32.720088958740234,1.9958777,17.318104,0.3695935126729006,,,,,,,,,,,,False,False
3451199220988925568,,,NGC2099,87.85893249511719,32.739486694335945,1.7289587,17.361255,0.20620388410868,,,,,,,,,,,,False,False
3451199324073170432,,,NGC2099,87.89277648925781,32.72616577148437,1.8045751000000003,17.500818499999998,0.2176629941290407,,,,,,,,,,,,False,False
3451199530228637824,,,NGC2099,87.89878845214844,32.75899887084961,2.0435862,18.71366,0.1362243737969651,,,,,,,,,,,,False,False
3451199568883807616,,,NGC2099,87.91498565673828,32.76483917236328,0.9256664,14.103609,0.2455985958354311,,,,,,,,,,,,False,False
3451199912481725568,,,NGC2099,88.24998474121094,32.461864471435554,1.5105568,16.245792499999997,0.4080362529082273,,,,,,,,,,,,False,False
3451199912481726976,,,NGC2099,88.24857330322266,32.45960235595703,2.1521565,18.2673185,0.222197607646696,,,,,,,,,,,,False,False
3451199942541576960,,,NGC2099,88.22937774658203,32.469879150390625,0.4604155,11.7095405,0.1186744795122109,96.81571,120.87724,1.2485291901489954,,,,,,,,,True,True
3451199946841469440,,,NGC2099,88.23384857177734,32.46575164794922,1.6316792,17.0549775,0.2158152741401605,,,,,,,,,,,,False,False
3451200011261062528,,,NGC2099,88.2662124633789,32.46887588500977,1.4137875000000002,16.521980499999998,0.175137994188836,,,,,,,,,,,,False,False
3451200015560931328,,,NGC2099,88.25594329833984,32.477916717529304,0.61498236,13.0405145,0.1975499732231667,,,,,,,,,,,,False,False
3451200045620803072,,,NGC2099,88.27696228027344,32.48059463500977,1.7493088,17.590874000000003,0.1733696795475171,,,,,,,,,,,,False,False
3451200114351357184,,,NGC2099,88.26548767089844,32.49423599243164,1.7433736,17.56499,0.1749092524764854,,,,,,,,,,,,False,False
3451200148700014720,,,NGC2099,88.21958923339844,32.468589782714844,1.5784794,17.0716195,0.1751373441110653,,,,,,,,,,,,False,False
3451200183059757056,,,NGC2099,88.23475646972656,32.4828987121582,2.1889702,18.267478,0.2341759895322331,,,,,,,,,,,,False,False
3451200187359628032,,,NGC2099,88.22989654541016,32.49098587036133,2.0016373,18.1066585,0.1954710713713101,,,,,,,,,,,,False,False
3451200217419483392,,,NGC2099,88.21276092529297,32.494762420654304,0.607018,12.9930175,0.2005672342896227,,,,,,,,,,,,False,False
3451200221719373056,,,NGC2099,88.20811462402344,32.49266815185547,1.3564045,16.3301835,0.1691625509606553,,,,,,,,,,,,False,False
3451200221719379584,,,NGC2099,88.20356750488281,32.483154296875,0.8064935,13.8644725,0.0729251825796654,,,,,,,,,,,,False,False
3451200251779239680,,,NGC2099,88.22132110595703,32.49766159057617,0.8388391,13.8264725,0.2213467128852148,,,,,,,,,,,,False,False
3451200324798565120,,,NGC2099,88.2529067993164,32.508750915527344,0.68091374,13.225114999999995,0.2438411152003755,,,,,,,,,,,,False,False
3451200423577934592,,,NGC2099,88.28687286376953,32.502132415771484,1.2132975,15.1634605,0.5903695964736211,,,,,,,,,,,,False,False
3451200492297389824,,,NGC2099,88.27046203613281,32.51136016845703,0.6339701000000001,12.941978,0.2638317317984585,,,,,,,,,,,,False,False
3451200530956976256,,,NGC2099,88.29297637939453,32.5242919921875,1.6773747,17.417796,0.1668269406020044,,,,,,,,,,,,False,False
3451200561016893312,,,NGC2099,88.30313110351562,32.514266967773445,1.6164158,17.080784,0.1990345251604636,,,,,,,,,,,,False,False
3451200595376643840,,,NGC2099,88.31819152832031,32.540115356445305,2.0814942,18.140727,0.2183354825131057,,,,,,,,,,,,False,False
3451200599676447104,,,NGC2099,88.31468200683594,32.526180267333984,1.2183004,15.751152,0.1769017016131771,,,,,,,,,,,,False,False
3451200634036188416,,,NGC2099,88.30257415771484,32.52737808227539,1.998164,17.936580999999997,0.2216771561417651,,,,,,,,,,,,False,False
3451200664096121472,,,NGC2099,88.30318450927734,32.543163299560554,1.9363526,18.085124,0.1752201372801881,,,,,,,,,,,,False,False
3451200737115407104,,,NGC2099,88.28425598144531,32.53043365478516,1.7169674,16.636589999999998,0.4360086654777161,,,,,,,,,,,,False,False
3451200767175334272,,,NGC2099,88.24951171875,32.538257598876946,1.4615144000000002,16.710040000000003,0.1694118556807881,,,,,,,,,,,,False,False
3451200702755676928,,,NGC2099,88.25907135009766,32.52613067626953,0.9212921,14.238602,0.1226523204798435,,,,,,,,,,,,False,False
3451200702755680768,,,NGC2099,88.25544738769531,32.519287109375,0.4705523,12.37414,0.1071287404656236,,,,,,,,,,,,False,True
3451200732815592576,,,NGC2099,88.2789077758789,32.526565551757805,1.589547,17.055402,0.1864157333224624,,,,,,,,,,,,False,False
3451200840194621056,,,NGC2099,88.28520202636719,32.533645629882805,1.1399001000000002,15.205639,0.3013824790112185,,,,,,,,,,,,False,False
3451200870254559488,,,NGC2099,88.28846740722656,32.55445098876953,1.707055,16.509703,0.493543823773863,,,,,,,,,,,,False,False
3451200904614298368,,,NGC2099,88.27911376953125,32.555274963378906,1.6159276,17.10652,0.1927507447227532,,,,,,,,,,,,False,False
3451200938974042240,,,NGC2099,88.28498077392578,32.563674926757805,1.6671952,17.280022000000002,0.1875153214364606,,,,,,,,,,,,False,False
3451200973333693824,,,NGC2099,88.20410919189453,32.50009536743164,1.2600053000000002,16.008095,0.1439538678420766,,,,,,,,,,,,False,False
3451200977633617920,,,NGC2099,88.20193481445312,32.49678421020508,1.0970102,15.3512585,0.0682896853086333,,,,,,,,,,,,False,False
3451201007693487744,,,NGC2099,88.21104431152344,32.507858276367195,1.1232294,15.426655,0.1061579490352087,,,,,,,,,,,,False,False
3451201007693490304,,,NGC2099,88.20950317382812,32.51605987548828,2.3961091000000003,18.5127915,0.2578906539748078,,,,,,,,,,,,False,False
3451201011993346176,,,NGC2099,88.20782470703125,32.514419555664055,1.463429,16.6299045,0.1934902251923492,,,,,,,,,,,,False,False
3451201042053179904,,,NGC2099,88.18742370605469,32.516735076904304,1.8831132,17.512427000000002,0.2551458042972601,,,,,,,,,,,,False,False
3451201046353092480,,,NGC2099,88.1890869140625,32.51171112060547,0.5430387,12.3253755,0.2071771474874559,,,,,,,,,,,,False,True
3451201046353094272,,,NGC2099,88.18487548828125,32.51205825805664,0.7818597500000001,13.6453905,0.2172822547614664,,,,,,,,,,,,False,False
3451201076412915072,,,NGC2099,88.19710540771484,32.51021194458008,1.1330333,15.4793965,0.1059267326440394,,,,,,,,,,,,False,False
3451201076412919424,,,NGC2099,88.19124603271484,32.518604278564446,0.690492,13.421243999999998,0.1546483647669454,,,,,,,,,,,,False,False
3451201080709090688,,,NGC2099,88.19660186767578,32.526721954345696,1.7414899,17.3748465,0.2103264211157632,,,,,,,,,,,,False,False
3451201080709092096,,,NGC2099,88.19802856445312,32.52441024780273,1.9571157,18.6436125,0.1196704320601108,,,,,,,,,,,,False,False
3451201080709092480,,,NGC2099,88.20231628417969,32.520431518554695,1.4751305999999995,16.8333925,0.1509119627656229,,,,,,,,,,,,False,False
3451201110772713984,,,NGC2099,88.22124481201172,32.52802276611328,1.2518561,15.9959635,0.1347345934518372,,,,,,,,,,,,False,False
3451201115072552960,,,NGC2099,88.22444152832031,32.520381927490234,0.6452339,13.299795,0.1327619361282655,,,,,,,,,,,,False,False
3451201115072556416,,,NGC2099,88.21868896484375,32.514347076416016,0.5295536,12.6459285,0.1589799767972791,,,,,,,,,,,,False,True
3451201149432282752,,,NGC2099,88.22845458984375,32.53646469116211,0.5049697999999999,12.7293615,0.1049793564674862,,,,,,,,,,,,False,True
3451201213851933312,,,NGC2099,88.2145004272461,32.539505004882805,1.4752323,16.7270735,0.1772852808639863,,,,,,,,,,,,False,False
3451201252511525376,,,NGC2099,88.17219543457031,32.521072387695305,0.9537157,14.335611,0.1682466171225371,,,,,,,,,,,,False,False
3451201252511804032,,,NGC2099,88.17437744140625,32.52890396118164,0.7618912000000001,13.629729,0.1740822135598222,,,,,,,,,,,,False,False
3451201282571353728,,,NGC2099,88.17930603027344,32.52994537353516,1.0274377,14.730812,0.2042847175619539,,,,,,,,,,,,False,False
3451201282571355904,,,NGC2099,88.19232940673828,32.536834716796875,1.0248622,14.756242,0.1786602311948903,,,,,,,,,,,,False,False
3451201286871251328,,,NGC2099,88.19200897216797,32.53146743774414,1.3342824,16.229929499999997,0.1746317892711688,,,,,,,,,,,,False,False
3451201286871252224,,,NGC2099,88.1893539428711,32.532470703125,1.0630297999999998,15.0420375,0.1393488751172265,,,,,,,,,,,,False,False
3451201286871254656,,,NGC2099,88.1839599609375,32.53098297119141,0.46573594,12.2997875,0.1067104733641528,,,,,,,,,,,,False,True
3451201286871254784,,,NGC2099,88.18687438964844,32.528255462646484,1.2520822000000005,16.026974000000003,0.1235899899153289,,,,,,,,,,,,False,False
3451201286871255552,,,NGC2099,88.18899536132812,32.52574920654297,1.1681075,15.606121,0.1330339646965522,,,,,,,,,,,,False,False
3451201316930648320,,,NGC2099,88.1572494506836,32.53216552734375,1.3825796,16.4843625,0.152447483179604,,,,,,,,,,,,False,False
3451201316930651136,,,NGC2099,88.16925811767578,32.537532806396484,1.7115782,8.889840499999998,0.110622117693202,,,,,,,,,,,,False,False
3451201316930651648,,,NGC2099,88.15956115722656,32.529232025146484,0.4543579199999999,11.5809835,0.107349840387524,,,,,,,,,,,,False,True
3451201316931097856,,,NGC2099,88.16923522949219,32.53374481201172,0.7967851,13.696862499999998,0.215070957282124,,,,,,,,,,,,False,False
3451201316931098240,,,NGC2099,88.15552520751953,32.530960083007805,1.0362919000000002,14.8518705,0.162177475308469,,,,,,,,,,,,False,False
3451201321227273344,,,NGC2099,88.1691665649414,32.53055191040039,1.9430588,18.043095,0.183673013943392,,,,,,,,,,,,False,False
3451201321230995456,,,NGC2099,88.16602325439453,32.540950775146484,0.45621943,12.431166,0.0817388969013399,,,,,,,,,,,,False,True
3451201321230999040,,,NGC2099,88.16264343261719,32.534713745117195,1.0105675,14.7288345,0.1403579600992932,,,,,,,,,,,,False,False
3451201351290832384,,,NGC2099,88.18456268310547,32.542808532714844,1.9148424,17.0419805,0.417927558946963,,,,,,,,,,,,False,False
3451201355590727168,,,NGC2099,88.1729965209961,32.54846572875977,0.4784658,11.242108,0.0966130303867909,259.20468,89.06237,0.34359861866691604,,,,,,,,,True,True
3451201355590727552,,,NGC2099,88.17985534667969,32.542205810546875,1.3999632,16.6456065,0.1281694290044246,,,,,,,,,,,,False,False
3451201355591020672,,,NGC2099,88.18266296386719,32.54587936401367,1.1694801,15.666452,0.1073347102612038,,,,,,,,,,,,False,False
3451201385650126848,,,NGC2099,88.19920349121094,32.549903869628906,0.8905485,9.1792835,0.006835444488611,,,,,,,,,,,,False,False
3451201424306440320,,,NGC2099,88.2163314819336,32.54962539672852,1.7089508000000002,17.785756,0.1262392222389713,,,,,,,,,,,,False,False
3451201424310187648,,,NGC2099,88.21637725830078,32.55038070678711,1.391671,16.586077,0.1346435321073636,,,,,,,,,,,,False,False
3451201424310188928,,,NGC2099,88.21163177490234,32.551586151123054,1.1294621000000002,15.366837,0.1590429602528708,,,,,,,,,,,,False,False
3451201458669932032,,,NGC2099,88.19573974609375,32.555355072021484,1.4448593,9.9807425,0.2516982677789112,,,,,,,,,,,,False,False
3451201458669932160,,,NGC2099,88.18864440917969,32.560569763183594,0.5466249,12.578607,0.1937769688010801,,,,,,,,,,,,False,True
3451201458669935488,,,NGC2099,88.18360137939453,32.55809783935547,0.9619242,14.542608,0.0703656022463162,,,,,,,,,,,,False,False
3451201493027444864,,,NGC2099,88.19612121582031,32.5693244934082,1.3896176999999998,16.334306,0.2093702147844403,,,,,,,,,,,,False,False
3451201523089582976,,,NGC2099,88.24466705322266,32.549327850341804,1.7190106,17.4371935,0.1855809422618527,,,,,,,,,,,,False,False
3451201591809060480,,,NGC2099,88.23693084716797,32.55011367797852,1.6737396000000002,17.3561385,0.1762197625909827,,,,,,,,,,,,False,False
3451201591818204672,,,NGC2099,88.23294830322266,32.54418563842773,0.5650331599999999,13.0486695,0.1043911831489341,,,,,,,,,,,,False,False
3451201591820084992,,,NGC2099,88.23263549804688,32.562286376953125,1.6134785,17.259446999999998,0.159511414263371,,,,,,,,,,,,False,False
3451201596108875392,,,NGC2099,88.23160552978516,32.544689178466804,0.7609388499999999,13.6914015,0.1124968871553179,,,,,,,,,,,,False,False
3451201626178827904,,,NGC2099,88.23698425292969,32.56777572631836,1.9131405,17.7402865,0.2220125233850424,,,,,,,,,,,,False,False
3451201630468604800,,,NGC2099,88.23715209960938,32.570083618164055,1.3624394000000002,16.0886445,0.275530563370966,,,,,,,,,,,,False,False
3451201664828334208,,,NGC2099,88.2679443359375,32.571292877197266,1.0699386,14.949878,0.2272579825055904,,,,,,,,,,,,False,False
3451201664828336896,,,NGC2099,88.27120208740234,32.56198883056641,1.0039529,14.57674,0.2052090480364717,,,,,,,,,,,,False,False
3451201729248031872,,,NGC2099,88.24427795410156,32.574813842773445,0.6386268700000001,13.266061,0.1385378368404746,,,,,,,,,,,,False,False
3451201729248034944,,,NGC2099,88.25621032714844,32.57987594604492,1.4189194000000005,16.510695,0.184034992614104,,,,,,,,,,,,False,False
3451201733547815040,,,NGC2099,88.25129699707031,32.57307815551758,1.12059,15.413452,0.1056294865748455,,,,,,,,,,,,False,False
3451201763607059328,,,NGC2099,88.26632690429688,32.58246612548828,1.2330963,15.8989275,0.1396431129188396,,,,,,,,,,,,False,False
3451201763607774720,,,NGC2099,88.2569580078125,32.58319854736328,1.6694363,17.230336,0.1994068584722236,,,,,,,,,,,,False,False
3451201836627357696,,,NGC2099,88.2334213256836,32.57941055297852,1.9410809,17.263142,0.3552104426601707,,,,,,,,,,,,False,False
3451201866686990592,,,NGC2099,88.20965576171875,32.585067749023445,1.290263,16.159594,0.1366771041332142,,,,,,,,,,,,False,False
3451201901046660864,,,NGC2099,88.21822357177734,32.58594512939453,0.45432638,12.382236,0.0843999078872948,,,,,,,,,,,,False,True
3451201939706241536,,,NGC2099,88.24806213378906,32.58689498901367,2.0657976,17.95548,0.2446074367020891,,,,,,,,,,,,False,False
3451201974065977984,,,NGC2099,88.2520523071289,32.590930938720696,1.3793318,15.7559175,0.5216114563747124,,,,,,,,,,,,False,False
3451201974065978240,,,NGC2099,88.25298309326172,32.58768081665039,0.96067124,14.4792545,0.1042250336693914,,,,,,,,,,,,False,False
3451202008425720704,,,NGC2099,88.23311614990234,32.59393310546875,1.3998631,16.534285,0.1568685343309867,,,,,,,,,,,,False,False
3451202042785449984,,,NGC2099,88.2452163696289,32.608348846435554,0.5693263000000001,12.700333,0.2113390850562517,,,,,,,,,,,,False,True
3451202072845396224,,,NGC2099,88.32846069335938,32.54590606689453,1.6345566,17.148153999999998,0.1956215227614796,,,,,,,,,,,,False,False
3451202077141427328,,,NGC2099,88.32965087890625,32.53876495361328,2.210225,18.501118,0.2060701652056966,,,,,,,,,,,,False,False
3451202141564879488,,,NGC2099,88.31385040283203,32.5540771484375,2.0071725,18.00784,0.2130320660082818,,,,,,,,,,,,False,False
3451202210284306816,,,NGC2099,88.3561782836914,32.56222152709961,0.5243352,11.758673,0.1904140829718282,,,,,,,,,,,,False,True
3451202214584131328,,,NGC2099,88.3419418334961,32.56406784057617,0.7843096500000001,13.615973999999998,0.2486747552503945,,,,,,,,,,,,False,False
3451202283303604864,,,NGC2099,88.34713745117188,32.573204040527344,1.0581971999999995,14.849442000000002,0.248909302263033,,,,,,,,,,,,False,False
3451202283303607808,,,NGC2099,88.3366470336914,32.570144653320305,1.0310767,14.910389999999998,0.1038973352150193,,,,,,,,,,,,False,False
3451202347734370304,,,NGC2099,88.30242156982422,32.56112670898437,1.6347283,17.218521999999997,0.180546239656807,,,,,,,,,,,,False,False
3451202352019328384,,,NGC2099,88.30758666992188,32.56850814819336,1.6428918,16.539165999999998,0.4098219421794402,,,,,,,,,,,,False,False
3451202382083059456,,,NGC2099,88.32405853271484,32.570850372314446,1.5150825999999995,16.904929,0.1663594831744084,,,,,,,,,,,,False,False
3451202386382825600,,,NGC2099,88.31713104248047,32.57818603515625,1.1169140999999998,15.255589,0.1892357034970742,,,,,,,,,,,,False,False
3451202420742569472,,,NGC2099,88.29569244384766,32.57183837890625,1.7407582,17.401883,0.2042826571997374,,,,,,,,,,,,False,False
3451202725679756288,,,NGC2099,88.36516571044922,32.61061477661133,1.3148232,15.8425445,0.3262601267771789,,,,,,,,,,,,False,False
3451202966197932416,,,NGC2099,88.3404769897461,32.62058639526367,1.0117177999999998,14.030337500000002,0.6098284586552407,,,,,,,,,,,,False,False
3451202970498362752,,,NGC2099,88.33831787109375,32.623218536376946,0.96052937,14.4654895,0.1120306593816562,,,,,,,,,,,,False,False
3451203000557676416,,,NGC2099,88.34806823730469,32.630374908447266,1.3133363999999998,16.1978705,0.1567441489914972,,,,,,,,,,,,False,False
3451203069277160960,,,NGC2099,88.38433837890625,32.642345428466804,1.6133606,16.593255000000003,0.3544669424777694,,,,,,,,,,,,False,False
3451203172356336384,,,NGC2099,88.28253936767578,32.585769653320305,1.5779221,17.006542999999997,0.1895663911979959,,,,,,,,,,,,False,False
3451203176656812416,,,NGC2099,88.28448486328125,32.58717727661133,1.3852913000000002,16.3865315,0.1858052397241889,,,,,,,,,,,,False,False
3451203206716083712,,,NGC2099,88.29007720947266,32.59952926635742,1.4821942,16.659219,0.2027853133215028,,,,,,,,,,,,False,False
3451203241085823744,,,NGC2099,88.27120971679688,32.599193572998054,1.9277584,17.4219055,0.300889910444756,,,,,,,,,,,,False,False
3451203245372519552,,,NGC2099,88.2810287475586,32.602123260498054,2.0012601,18.539407,0.1417231914613969,,,,,,,,,,,,False,False
3451203245376289280,,,NGC2099,88.27366638183594,32.59609603881836,1.0990049,15.2465735,0.1354605113455356,,,,,,,,,,,,False,False
3451203245376291072,,,NGC2099,88.27544403076172,32.58700180053711,0.8746178,13.260799500000005,0.6179838344197173,,,,,,,,,,,,False,False
3451203279736019072,,,NGC2099,88.287109375,32.6165771484375,0.8071282000000001,13.703625,0.240140858915201,,,,,,,,,,,,False,False
3451203309795304448,,,NGC2099,88.30958557128906,32.60544586181641,1.7323543999999995,17.302691,0.220928246997704,,,,,,,,,,,,False,False
3451203382815230848,,,NGC2099,88.30365753173828,32.61675262451172,1.1346091,15.237409,0.2605901016100376,,,,,,,,,,,,False,False
3451203382815230976,,,NGC2099,88.2985610961914,32.620803833007805,0.62626484,12.09106,0.3148830415574525,,,,,,,,,,,,False,True
3451203382815231616,,,NGC2099,88.29387664794922,32.62247467041016,1.7921056000000002,16.833800000000004,0.4115630775953066,,,,,,,,,,,,False,False
3451203412874540416,,,NGC2099,88.308349609375,32.636852264404304,1.2391865999999998,15.946408,0.1316860750599084,,,,,,,,,,,,False,False
3451203447234263168,,,NGC2099,88.26201629638672,32.61578750610352,1.2821998,15.707112999999998,0.3437956234017018,,,,,,,,,,,,False,False
3451203481594001408,,,NGC2099,88.28076934814453,32.616050720214844,2.2526582,18.610398,0.2035038134913843,,,,,,,,,,,,False,False
3451203515953711872,,,NGC2099,88.25244140625,32.612991333007805,0.4957054999999999,12.482062,0.1312471569460101,,,,,,,,,,,,False,True
3451203623333395072,,,NGC2099,88.29304504394531,32.646484375,1.1544427,15.578959,0.112245229357394,,,,,,,,,,,,False,False
3451203653402702592,,,NGC2099,88.2760009765625,32.644912719726555,2.2835626,18.373547,0.2469540231640017,,,,,,,,,,,,False,False
3451203653402703616,,,NGC2099,88.27618408203125,32.63861846923828,2.0060395,17.994719000000003,0.2147833307791155,,,,,,,,,,,,False,False
3451203825191409920,,,NGC2099,88.32272338867188,32.651134490966804,1.0521783,14.873336,0.2098621919868641,,,,,,,,,,,,False,False
3451203859551153024,,,NGC2099,88.3565673828125,32.65761566162109,1.1623843,15.494577,0.1785957611679685,,,,,,,,,,,,False,False
3451203893910894720,,,NGC2099,88.37019348144531,32.66283798217773,2.0685265,18.191167,0.2060277251808332,,,,,,,,,,,,False,False
3451203932571022848,,,NGC2099,88.34175109863281,32.674301147460945,1.1866639,15.6166065,0.1734004730207417,,,,,,,,,,,,False,False
3451204070009989248,,,NGC2099,88.29124450683594,32.667930603027344,0.65917904,13.238037000000002,0.1945967101901863,,,,,,,,,,,,False,False
3451204104369719808,,,NGC2099,88.31670379638672,32.67582321166992,1.0327246999999995,14.705294,0.2399775665831946,,,,,,,,,,,,False,False
3451204134429757696,,,NGC2099,88.33145141601562,32.67780303955078,1.4548561999999998,16.690676,0.1684140641215802,,,,,,,,,,,,False,False
3451204138729456768,,,NGC2099,88.33248901367188,32.66833877563477,0.54448785,12.694724,0.1737143402985733,,,,,,,,,,,,False,True
3451204203149241600,,,NGC2099,88.32212829589844,32.690109252929695,1.1988051,15.781253,0.1213095684430952,,,,,,,,,,,,False,False
3451204031360003968,,,NGC2099,88.31978607177734,32.660274505615234,1.234689,15.867833,0.1559467744981325,,,,,,,,,,,,False,False
3451204271868593408,,,NGC2099,88.14939880371094,32.543533325195305,1.6603792,17.2108855,0.1980815535249649,,,,,,,,,,,,False,False
3451204271868593792,,,NGC2099,88.15705108642578,32.544078826904304,1.3950861,16.5782165,0.1401008099996762,,,,,,,,,,,,False,False
3451204271868598144,,,NGC2099,88.15715026855469,32.53871536254883,1.2206515,15.6113275,0.2601779920018005,,,,,,,,,,,,False,False
3451204306227887872,,,NGC2099,88.17516326904297,32.553955078125,0.6636063000000001,13.391214,0.1142186414157031,,,,,,,,,,,,False,False
3451204306228334848,,,NGC2099,88.1619873046875,32.55147171020508,1.0596149,15.068617,0.109450506971376,,,,,,,,,,,,False,False
3451204306237151232,,,NGC2099,88.1599349975586,32.55133056640625,0.70929986,13.3114995,0.2599680741678256,,,,,,,,,,,,False,False
3451204310524504832,,,NGC2099,88.15606689453125,32.551868438720696,1.3337153000000002,16.2583925,0.1638886394094335,,,,,,,,,,,,False,False
3451204310528229632,,,NGC2099,88.16297912597656,32.55203628540039,1.1735666,15.526656,0.1901821252540393,,,,,,,,,,,,False,False
3451204310528231680,,,NGC2099,88.15755462646484,32.55283737182617,1.0502317,15.0351925,0.0960849863164314,,,,,,,,,,,,False,False
3451204340587626752,,,NGC2099,88.14151763916016,32.54780960083008,0.46488877,11.3598165,0.0993222017565492,,,,,,,,,,,,False,True
3451204340588076672,,,NGC2099,88.14643859863281,32.551082611083984,1.4224983999999998,16.577735,0.1679899310826398,,,,,,,,,,,,False,False
3451204340588683008,,,NGC2099,88.14412689208984,32.55609893798828,0.70464864,12.565335,0.4266315631231405,,,,,,,,,,,,False,False
3451204344887971584,,,NGC2099,88.14225006103516,32.56158828735352,0.96734925,14.217102499999998,0.2973893316847622,,,,,,,,,,,,False,False
3451204344887975680,,,NGC2099,88.1430435180664,32.550888061523445,1.1863562,15.667993999999998,0.1461595601564918,,,,,,,,,,,,False,False
3451204374948934272,,,NGC2099,88.15716552734375,32.566600799560554,1.0414803,14.821171,0.2021898751236545,,,,,,,,,,,,False,False
3451204379247699584,,,NGC2099,88.15818786621094,32.5709228515625,1.2616665,15.740651,0.2769912006240998,,,,,,,,,,,,False,False
3451204379247700352,,,NGC2099,88.16251373291016,32.56481170654297,0.9937521,14.578963,0.1660967797607478,,,,,,,,,,,,False,False
3451204409307554560,,,NGC2099,88.1668930053711,32.564403533935554,2.0753877000000003,18.10343,0.2222387374083926,,,,,,,,,,,,False,False
3451204409307556352,,,NGC2099,88.18635559082031,32.56388092041016,1.1936623999999998,15.787074,0.1080405157510072,,,,,,,,,,,,False,False
3451204413603684736,,,NGC2099,88.1767349243164,32.57483291625977,1.8448212,17.886737,0.1687728483388069,,,,,,,,,,,,False,False
3451204413607434240,,,NGC2099,88.17723083496094,32.565185546875,0.8131929999999999,13.619369,0.3268160718664094,,,,,,,,,,,,False,False
3451204443667295104,,,NGC2099,88.185546875,32.5679931640625,1.7138134999999997,17.332354000000002,0.2037286239960347,,,,,,,,,,,,False,False
3451204512387940608,,,NGC2099,88.18318939208984,32.5828857421875,1.8593723,18.0899465,0.146907866826314,,,,,,,,,,,,False,False
3451204512387976320,,,NGC2099,88.1733627319336,32.59338760375977,1.4245915,16.694124000000002,0.1396694338230085,,,,,,,,,,,,False,False
3451204516686636928,,,NGC2099,88.18045806884766,32.58840560913086,0.9339685,14.392802,0.0627651538276082,,,,,,,,,,,,False,False
3451204551046402816,,,NGC2099,88.1312484741211,32.567699432373054,1.2606269999999995,16.0234275,0.1391372234679838,,,,,,,,,,,,False,False
3451204551046405760,,,NGC2099,88.12791442871094,32.563705444335945,0.88775845,13.981015499999998,0.229799926625059,,,,,,,,,,,,False,False
3451204551046406912,,,NGC2099,88.13111114501953,32.558349609375,1.0511514999999998,14.804980499999996,0.2501610099296945,,,,,,,,,,,,False,False
3451204581106847616,,,NGC2099,88.13609313964844,32.572513580322266,0.4815807,12.767248,0.0584871149624297,,,,,,,,,,,,False,True
3451204581107711616,,,NGC2099,88.15019989013672,32.57736968994141,1.4869967999999998,16.7994895,0.1689087118481682,,,,,,,,,,,,False,False
3451204581115003648,,,NGC2099,88.1512222290039,32.573516845703125,1.2184717,15.289483,0.4960349564477352,,,,,,,,,,,,False,False
3451204585402396672,,,NGC2099,88.14490509033203,32.57651901245117,1.5944422999999996,17.011404,0.2002835104517137,,,,,,,,,,,,False,False
3451204585406130176,,,NGC2099,88.1476821899414,32.57792282104492,0.6222504999999999,12.439261,0.3112836541185234,,,,,,,,,,,,False,False
3451204585406131200,,,NGC2099,88.14859771728516,32.57452392578125,0.43514152,12.072913,0.0827779162768411,,,,,,,,,,,,False,True
3451204585406135168,,,NGC2099,88.14519500732422,32.570266723632805,0.5617114999999999,12.9764015,0.1269162607881023,,,,,,,,,,,,False,False
3451204619765875840,,,NGC2099,88.12255096435547,32.58365249633789,1.1257353,15.4285425,0.1124101913618512,,,,,,,,,,,,False,False
3451204649826322816,,,NGC2099,88.13182067871094,32.580047607421875,0.5026495,12.2417715,0.1579795180011625,,,,,,,,,,,,False,True
3451204649834373632,,,NGC2099,88.13410186767578,32.580528259277344,1.2502911,15.9507505,0.1498470595928848,,,,,,,,,,,,False,False
3451204654125609984,,,NGC2099,88.13108825683594,32.584671020507805,0.92793557,14.302242499999998,0.1008496712243903,,,,,,,,,,,,False,False
3451204654125933568,,,NGC2099,88.12925720214844,32.578811645507805,1.0443909,15.073308499999998,0.0505073357830732,,,,,,,,,,,,False,False
3451204684186060288,,,NGC2099,88.15907287597656,32.583755493164055,0.6840412,13.312743499999998,0.206388618874511,,,,,,,,,,,,False,False
3451204684186647936,,,NGC2099,88.15653991699219,32.588024139404304,1.1163132,15.2939985,0.16264780173726,,,,,,,,,,,,False,False
3451204684186648832,,,NGC2099,88.16294860839844,32.588512420654304,1.4837544,16.702766500000003,0.1916392059655836,,,,,,,,,,,,False,False
3451204718546726784,,,NGC2099,88.16390228271484,32.60483169555664,0.4063234,11.145708999999998,0.0283805512463983,5.180892,19.16864,3.699872531602666,,,,,,,,,True,True
3451204787266207104,,,NGC2099,88.15106201171875,32.606250762939446,1.8373641,17.802483000000002,0.1785334990136036,,,,,,,,,,,,False,False
3451204791564543232,,,NGC2099,88.15213012695312,32.614715576171875,1.3792832000000002,16.343114,0.1933327844361616,,,,,,,,,,,,False,False
3451204791564545664,,,NGC2099,88.1498794555664,32.610111236572266,1.3721745,16.4591415,0.1481279480914119,,,,,,,,,,,,False,False
3451204791564546688,,,NGC2099,88.15619659423828,32.602638244628906,1.8150131,17.7411465,0.1787059931587475,,,,,,,,,,,,False,False
3451204825924276992,,,NGC2099,88.20222473144531,32.58866500854492,1.1634319,15.547819,0.1515372545251461,,,,,,,,,,,,False,False
3451204860284009344,,,NGC2099,88.2093734741211,32.60123825073242,0.5592234,12.8378285,0.1661990193938518,,,,,,,,,,,,False,False
3451204890345420288,,,NGC2099,88.19572448730469,32.599761962890625,2.2834961000000003,18.401132500000003,0.2424959443842307,,,,,,,,,,,,False,False
3451204890358342272,,,NGC2099,88.1909408569336,32.59122085571289,0.94927426,14.4108035,0.1054072687613743,,,,,,,,,,,,False,False
3451204924705163776,,,NGC2099,88.19163513183594,32.608680725097656,1.4469717999999998,16.795356,0.1360016665265249,,,,,,,,,,,,False,False
3451204924705168384,,,NGC2099,88.19737243652344,32.615367889404304,2.0037453,17.499249,0.3199114770358639,,,,,,,,,,,,False,False
3451204959063456896,,,NGC2099,88.21864318847656,32.609973907470696,1.4117983,15.763519,0.584851753669648,,,,,,,,,,,,False,False
3451204993423194496,,,NGC2099,88.23483276367188,32.617111206054695,0.45419433,11.529279,0.1041592362843991,127.77409,125.103775,0.9791012794534478,,,,,,,,,True,True
3451204997722952192,,,NGC2099,88.22810363769531,32.61735153198242,0.9693358,14.373525,0.1988822736981601,,,,,,,,,,,,False,False
3451204997722952704,,,NGC2099,88.22740173339844,32.616397857666016,1.2184488999999998,15.266605,0.5159433774151979,,,,,,,,,,,,False,False
3451205027782932992,,,NGC2099,88.20994567871094,32.61138916015625,0.58684943,11.317359000000002,0.2027006766007542,194.40645,63.470013,0.3264810041024873,,,,,,,,,True,False
3451205027791925888,,,NGC2099,88.21076202392578,32.616737365722656,1.8131001,17.813379,0.1666064569834641,,,,,,,,,,,,False,False
3451205062142674816,,,NGC2099,88.22322845458984,32.62783432006836,0.61729934,12.9113065,0.2439239510990474,,,,,,,,,,,,False,False
3451205066442423680,,,NGC2099,88.21800231933594,32.637569427490234,0.4821017,12.224435499999998,0.132594428978706,,,,,,,,,,,,False,True
3451205066442770048,,,NGC2099,88.21832275390625,32.62944793701172,0.9947979,14.67131,0.115137698347965,,,,,,,,,,,,False,False
3451205100802182272,,,NGC2099,88.17896270751953,32.61228561401367,1.2345478,15.860256499999998,0.1590202615514567,,,,,,,,,,,,False,False
3451205165223338496,,,NGC2099,88.16370391845703,32.61633682250977,1.854932,17.830889,0.1814274222725981,,,,,,,,,,,,False,False
3451205169521658112,,,NGC2099,88.16844177246094,32.62464141845703,1.3069775,16.2117845,0.1430353250790479,,,,,,,,,,,,False,False
3451205169521661568,,,NGC2099,88.16606903076172,32.616897583007805,1.0370943,14.7802105,0.2111533180005408,,,,,,,,,,,,False,False
3451205169521661696,,,NGC2099,88.16020965576172,32.62162399291992,1.3395969,16.3587835,0.1393183764690051,,,,,,,,,,,,False,False
3451205203881393920,,,NGC2099,88.1749496459961,32.626632690429695,1.0353901,14.7798735,0.2047447201874599,,,,,,,,,,,,False,False
3451205233942819456,,,NGC2099,88.1993408203125,32.62109375,1.7454807,17.586797500000003,0.1722103421611062,,,,,,,,,,,,False,False
3451205272600853248,,,NGC2099,88.21109008789062,32.6474609375,1.2066581999999997,15.6554585,0.2005404613487894,,,,,,,,,,,,False,False
3451205302662313344,,,NGC2099,88.1872329711914,32.63206100463867,1.8286354,17.487271,0.2328733037144988,,,,,,,,,,,,False,False
3451205302662345344,,,NGC2099,88.18519592285156,32.65016555786133,1.0632484,15.0289595,0.1487780484206264,,,,,,,,,,,,False,False
3451205306960598784,,,NGC2099,88.18682861328125,32.64888381958008,1.1914947,15.7666895,0.1121049715647488,,,,,,,,,,,,False,False
3451205371381434368,,,NGC2099,88.1153793334961,32.59239959716797,1.9673645,17.984599,0.2017461723030004,,,,,,,,,,,,False,False
3451205375680124416,,,NGC2099,88.11471557617188,32.5810546875,1.5548756,17.1569865,0.1421751549337268,,,,,,,,,,,,False,False
3451205375680418816,,,NGC2099,88.10875701904297,32.58620834350586,1.16169,15.6110485,0.1147114598904963,,,,,,,,,,,,False,False
3451205405741172480,,,NGC2099,88.11407470703125,32.594024658203125,0.9240572,14.138368000000002,0.2103600460566832,,,,,,,,,,,,False,False
3451205410036117248,,,NGC2099,88.11637115478516,32.60074996948242,2.1181214,18.432841000000003,0.1880524209889952,,,,,,,,,,,,False,False
3451205410039849472,,,NGC2099,88.12887573242188,32.599647521972656,0.9227876,13.781833,0.5368586078380131,,,,,,,,,,,,False,False
3451205410039849600,,,NGC2099,88.12468719482422,32.60276412963867,1.2874279,16.133206,0.1415917361092175,,,,,,,,,,,,False,False
3451205410039851904,,,NGC2099,88.1199722290039,32.599105834960945,0.5676415000000001,11.768743,0.2389067851032138,,,,,,,,,,,,False,True
3451205410039854720,,,NGC2099,88.12255859375,32.59065628051758,0.6936825999999999,13.24794,0.258665572958106,,,,,,,,,,,,False,False
3451205440100303232,,,NGC2099,88.09771728515625,32.589645385742195,0.48622566,11.924333,0.148902245651036,,,,,,,,,,,,False,True
3451205444399599744,,,NGC2099,88.10175323486328,32.594764709472656,0.52805434,11.577667,0.1835784011038176,262.0717,150.31831,0.5735770401764096,,,,,,,,,True,True
3451205478759329408,,,NGC2099,88.10919189453125,32.60636138916016,1.1798033,15.6082965,0.16090366950044,,,,,,,,,,,,False,False
3451205478759329792,,,NGC2099,88.11161804199219,32.6026611328125,1.1057276,15.2886825,0.1317210540530322,,,,,,,,,,,,False,False
3451205508820709120,,,NGC2099,88.137939453125,32.61114501953125,0.8563293999999999,13.290289,0.573526418928546,,,,,,,,,,,,False,False
3451205508820713216,,,NGC2099,88.125,32.605587005615234,0.5609922,12.669663,0.2032532995685279,,,,,,,,,,,,False,True
3451205508820713984,,,NGC2099,88.1266860961914,32.60868453979492,1.9324398,17.870453,0.2068472924346643,,,,,,,,,,,,False,False
3451205508820731904,,,NGC2099,88.13514709472656,32.611133575439446,1.5422115,17.026678000000004,0.1594929749433059,,,,,,,,,,,,False,False
3451205513119055616,,,NGC2099,88.13932800292969,32.61110305786133,1.2176861,16.092973,0.0472360984369836,,,,,,,,,,,,False,False
3451205513119060224,,,NGC2099,88.13548278808594,32.604366302490234,1.7154278,17.067392,0.2704465244660881,,,,,,,,,,,,False,False
3451205513119062400,,,NGC2099,88.13412475585938,32.60033798217773,0.85031314,13.952005,0.13005609196906,,,,,,,,,,,,False,False
3451205513119063424,,,NGC2099,88.1243667602539,32.606746673583984,1.2157764,15.881151,0.1140062447406606,,,,,,,,,,,,False,False
3451205547478788608,,,NGC2099,88.13739013671875,32.623252868652344,0.5279638600000001,12.45733,0.1789649350573089,,,,,,,,,,,,False,True
3451205547478791424,,,NGC2099,88.13845825195312,32.61671829223633,0.41855834,12.268508,0.0478173016139451,,,,,,,,,,,,False,True
3451205581838531584,,,NGC2099,88.12730407714844,32.62261199951172,1.381748,16.4626975,0.1578100760028183,,,,,,,,,,,,False,False
3451205611907073792,,,NGC2099,88.13789367675781,32.634002685546875,2.2497738,18.59125,0.2052104197604699,,,,,,,,,,,,False,False
3451205616198262272,,,NGC2099,88.13023376464844,32.63978958129883,0.7364056299999999,13.5645835,0.1602442253757901,,,,,,,,,,,,False,False
3451205616198262400,,,NGC2099,88.13887786865234,32.632137298583984,0.9343728,14.17425,0.2167301711179334,,,,,,,,,,,,False,False
3451205616198591360,,,NGC2099,88.12873840332031,32.630828857421875,1.128927,15.4094665,0.1324010294742786,,,,,,,,,,,,False,False
3451205646259668224,,,NGC2099,88.08421325683594,32.61081314086914,2.2531461,18.3607445,0.239606098285603,,,,,,,,,,,,False,False
3451205650558030336,,,NGC2099,88.08677673339844,32.60619735717773,1.0914666999999998,15.2100795,0.1327920254687867,,,,,,,,,,,,False,False
3451205684917756032,,,NGC2099,88.10737609863281,32.61867141723633,0.94067137,14.5494235,-0.0119008267558216,,,,,,,,,,,,False,False
3451205684917758592,,,NGC2099,88.10167694091797,32.61497116088867,1.040366,14.187144500000002,0.572054853574633,,,,,,,,,,,,False,False
3451205714979157760,,,NGC2099,88.0815658569336,32.624828338623054,1.3903658,16.529642499999998,0.1481558803859911,,,,,,,,,,,,False,False
3451205719277505152,,,NGC2099,88.0743179321289,32.62208938598633,1.1236836,14.661092999999996,0.6117122899149093,,,,,,,,,,,,False,False
3451205719277505664,,,NGC2099,88.07642364501953,32.618602752685554,1.0775015,15.0334595,0.1990376094061286,,,,,,,,,,,,False,False
3451205753637231104,,,NGC2099,88.0913314819336,32.636096954345696,0.9926928,14.679018,0.1023759729583999,,,,,,,,,,,,False,False
3451205783698635008,,,NGC2099,88.11226654052734,32.62445068359375,1.5918034,16.7506005,0.2735617847707834,,,,,,,,,,,,False,False
3451205787996960256,,,NGC2099,88.12052917480469,32.6312255859375,0.8826749700000001,13.9676115,0.2256896983340644,,,,,,,,,,,,False,False
3451205787996964352,,,NGC2099,88.10577392578125,32.636672973632805,1.2828081,16.2932415,0.0861706887527836,,,,,,,,,,,,False,False
3451205787996964864,,,NGC2099,88.11676788330078,32.626888275146484,0.62964515,13.0374995,0.2249982345575065,,,,,,,,,,,,False,False
3451205787996966784,,,NGC2099,88.1136474609375,32.62320327758789,1.2782229,16.1056915,0.1372728076786265,,,,,,,,,,,,False,False
3451205822356691328,,,NGC2099,88.11969757080078,32.651168823242195,0.49679164,11.8653895,0.1614559234839951,,,,,,,,,,,,False,True
3451205822356692352,,,NGC2099,88.12266540527344,32.646812438964844,1.0485646999999998,14.9265935,0.1607302560704215,,,,,,,,,,,,False,False
3451205822356696832,,,NGC2099,88.12064361572266,32.63465118408203,1.1880214999999998,15.750747499999996,0.1115209904300019,,,,,,,,,,,,False,False
3451205856716437760,,,NGC2099,88.10113525390625,32.64608764648437,0.46660176,12.3363135,0.1050408537587649,,,,,,,,,,,,False,True
3451205856716439680,,,NGC2099,88.10076141357422,32.64287567138672,1.6227649999999998,17.2965105,0.1581283398711787,,,,,,,,,,,,False,False
3451205921137609728,,,NGC2099,88.15418243408203,32.633190155029304,1.4891998,16.870494500000003,0.1538508551302747,,,,,,,,,,,,False,False
3451205925435900928,,,NGC2099,88.16057586669922,32.63454055786133,0.91785355,14.2770015,0.0833342914528566,,,,,,,,,,,,False,False
3451205925435902464,,,NGC2099,88.1530990600586,32.635936737060554,1.0190489,14.90218,0.0627213022345842,,,,,,,,,,,,False,False
3451205925435904640,,,NGC2099,88.15264129638672,32.630538940429695,1.2768452,16.0293345,0.1638281124575429,,,,,,,,,,,,False,False
3451205925435905536,,,NGC2099,88.15384674072266,32.6274299621582,0.9896509,14.667943499999998,0.0975745647649789,,,,,,,,,,,,False,False
3451205955497353600,,,NGC2099,88.17097473144531,32.64086151123047,1.3961795,16.4690435,0.1719899540820007,,,,,,,,,,,,False,False
3451205959791878016,,,NGC2099,88.1630630493164,32.64638900756836,1.2819045,16.1778485,0.1184898123064758,,,,,,,,,,,,False,False
3451205959795635840,,,NGC2099,88.16027069091797,32.646183013916016,0.43864276,12.1249625,0.083966262172408,,,,,,,,,,,,False,True
3451205959795636864,,,NGC2099,88.15991973876953,32.643333435058594,1.5707076,17.263934499999998,0.1330426739154845,,,,,,,,,,,,False,False
3451205989857094656,,,NGC2099,88.15007781982422,32.641456604003906,0.79124286,13.0582915,0.5098041040508214,,,,,,,,,,,,False,False
3451206161655734144,,,NGC2099,88.16950225830078,32.67508316040039,0.6012537,12.746184,0.2539409040198103,,,,,,,,,,,,False,True
3451206165954051712,,,NGC2099,88.17389678955078,32.67448043823242,1.1826046,15.479025500000002,0.2439718334854144,,,,,,,,,,,,False,False
3451206165954052224,,,NGC2099,88.16800689697266,32.6778564453125,0.46022245,12.541319,0.0726489804511623,,,,,,,,,,,,False,True
3451206200313807232,,,NGC2099,88.14033508300781,32.65242385864258,2.0102680000000004,17.799888499999998,0.2523216514525117,,,,,,,,,,,,False,False
3451206200313807488,,,NGC2099,88.13094329833984,32.659988403320305,0.90541536,13.6281425,0.5809219888671194,,,,,,,,,,,,False,False
3451206200313810816,,,NGC2099,88.13343048095703,32.648155212402344,0.49205188,11.2812475,0.113541581645706,112.10203,121.39201,1.0828707562209177,,,,,,,,,True,True
3451206200313812096,,,NGC2099,88.12814331054688,32.65053558349609,1.0673941,14.9813865,0.1962196788698363,,,,,,,,,,,,False,False
3451206234673543552,,,NGC2099,88.14315032958984,32.65770721435547,1.170913,15.49205,0.2035183166749365,,,,,,,,,,,,False,False
3451206264735050112,,,NGC2099,88.12943267822266,32.66452789306641,1.3261264999999998,16.128408500000003,0.2017770798022734,,,,,,,,,,,,False,False
3451206333454548992,,,NGC2099,88.15682983398438,32.67163848876953,0.88778326,14.070661,0.1442869850648483,,,,,,,,,,,,False,False
3451206367814162944,,,NGC2099,88.15718841552734,32.686317443847656,0.5477350000000001,12.9679645,0.105595984540783,,,,,,,,,,,,False,False
3451206406471651840,,,NGC2099,88.14618682861328,32.689319610595696,1.3479065,16.3540925,0.1509412114200566,,,,,,,,,,,,False,False
3451206406472226688,,,NGC2099,88.1461181640625,32.682971954345696,1.1655791999999998,14.9150695,0.6198666459641498,,,,,,,,,,,,False,False
3451206406472228224,,,NGC2099,88.14198303222656,32.680625915527344,1.4449585,16.6932685,0.1586206198026993,,,,,,,,,,,,False,False
3451206127296091776,,,NGC2099,88.16797637939453,32.65850830078125,0.4657458299999999,12.126351,0.1172862815419961,,,,,,,,,,,,False,True
3451206127296091904,,,NGC2099,88.16478729248047,32.661026000976555,1.3380621,16.150806499999998,0.2104433636911397,,,,,,,,,,,,False,False
3451206127296095104,,,NGC2099,88.1684341430664,32.663089752197266,1.8178881,17.5897465,0.2066804687741434,,,,,,,,,,,,False,False
3451206436533827200,,,NGC2099,88.15147399902344,32.69097900390625,1.8144348,17.3494605,0.2570057189580347,,,,,,,,,,,,False,False
3451206440831374720,,,NGC2099,88.15269470214844,32.70663833618164,1.0491553999999998,14.913576,0.1716077744597985,,,,,,,,,,,,False,False
3451206578270905472,,,NGC2099,88.2330322265625,32.652938842773445,0.8308304000000001,13.7824575,0.2394228314044517,,,,,,,,,,,,False,False
3451206578270905728,,,NGC2099,88.23943328857422,32.645797729492195,1.1339558,15.46671,0.1152264855990222,,,,,,,,,,,,False,False
3451206780129606016,,,NGC2099,88.23118591308594,32.66706085205078,1.4860966999999998,16.645446,0.210657403226391,,,,,,,,,,,,False,False
3451206715709847168,,,NGC2099,88.26486206054688,32.67620849609375,0.6364278,13.242246,0.1471124192375408,,,,,,,,,,,,False,False
3451206745769860224,,,NGC2099,88.22052001953125,32.647476196289055,2.1593678,18.106168,0.2516731829602393,,,,,,,,,,,,False,False
3451206750065832704,,,NGC2099,88.22398376464844,32.65201187133789,2.2724256,18.305129,0.2548584428531534,,,,,,,,,,,,False,False
3451206750069598720,,,NGC2099,88.22510528564453,32.655033111572266,1.0137928,14.771988500000004,0.1258413653869754,,,,,,,,,,,,False,False
3451206887508541184,,,NGC2099,88.24402618408203,32.684097290039055,0.5234692400000001,11.992382,0.1917013699854459,10.556455,70.03322,6.634160804929307,,,,,,,,,True,True
3451207024947487104,,,NGC2099,88.28985595703125,32.673812866210945,0.8527157999999999,13.366362000000002,0.5446197447611941,,,,,,,,,,,,False,False
3451207055007520256,,,NGC2099,88.29444885253906,32.68270874023437,2.102463,18.374229,0.1910125568472801,,,,,,,,,,,,False,False
3451207158086741504,,,NGC2099,88.3102035522461,32.69100570678711,1.656008,17.287095,0.1794706242397593,,,,,,,,,,,,False,False
3451207158087191808,,,NGC2099,88.30193328857422,32.702529907226555,0.47782452,11.7829855,0.1393039968253343,,,,,,,,,,,,False,True
3451207196746163840,,,NGC2099,88.32044982910156,32.70851516723633,1.1991325,14.9667485,0.7087363337975001,,,,,,,,,,,,False,False
3451207329885444736,,,NGC2099,88.26936340332031,32.712574005126946,2.0087445,17.881963,0.2357451423231988,,,,,,,,,,,,False,False
3451207334185124864,,,NGC2099,88.28345489501953,32.710044860839844,0.54703885,12.9319585,0.1172101633534885,,,,,,,,,,,,False,False
3451207402904601472,,,NGC2099,88.27059936523438,32.72095489501953,1.2222484,15.899502000000002,0.1190292319141872,,,,,,,,,,,,False,False
3451207402904605312,,,NGC2099,88.26425170898438,32.71264266967773,1.0433105,14.942219,0.1302488067329757,,,,,,,,,,,,False,False
3451207432964663808,,,NGC2099,88.28352355957031,32.715694427490234,1.611038,16.3350275,0.4860479943540308,,,,,,,,,,,,False,False
3451207437264338048,,,NGC2099,88.27922058105469,32.72110366821289,0.9788225,14.539928500000002,0.1339030241083398,,,,,,,,,,,,False,False
3451207604763333376,,,NGC2099,88.2088394165039,32.683135986328125,1.8308366,17.787814,0.1780784931582979,,,,,,,,,,,,False,False
3451207609063052288,,,NGC2099,88.21220397949219,32.685440063476555,1.1867717,15.516039,0.2319554250265188,,,,,,,,,,,,False,False
3451207639124483840,,,NGC2099,88.18826293945312,32.67691421508789,0.5551055,11.518929,0.2053466277942965,237.34238,125.490814,0.5287332755321659,,,,,,,,,True,True
3451207673484434688,,,NGC2099,88.20022583007812,32.696975708007805,1.5037968999999998,16.856658,0.1688170795112828,,,,,,,,,,,,False,False
3451207673484443008,,,NGC2099,88.194091796875,32.69954299926758,1.2615617,16.053441,0.129591336264342,,,,,,,,,,,,False,False
3451207883940961024,,,NGC2099,88.18275451660156,32.70238876342773,1.2596453,16.049342499999998,0.127954772194802,,,,,,,,,,,,False,False
3451208017089143680,,,NGC2099,88.2070083618164,32.726913452148445,2.1312883,18.8085385,0.1495280134948652,,,,,,,,,,,,False,False
3451208085799713408,,,NGC2099,88.20465850830078,32.74340057373047,1.4696047,16.919919,0.1279134760454295,,,,,,,,,,,,False,False
3451208090098756224,,,NGC2099,88.1982421875,32.749526977539055,0.7536996000000001,13.567796,0.2034830679357408,,,,,,,,,,,,False,False
3451208124459114752,,,NGC2099,88.2429428100586,32.714324951171875,1.3465817,16.481337,0.113729265217533,,,,,,,,,,,,False,False
3451208399336398208,,,NGC2099,88.21133422851562,32.74226760864258,0.93304464,14.319721,0.1068382546352761,,,,,,,,,,,,False,False
3451208463756840960,,,NGC2099,88.207763671875,32.74911880493164,1.5081942,16.980321,0.1446258637774655,,,,,,,,,,,,False,False
3451207918300114944,,,NGC2099,88.16667938232422,32.70796585083008,0.98335096,14.676387,0.0683141712142053,,,,,,,,,,,,False,False
3451207918300118016,,,NGC2099,88.16331481933594,32.705642700195305,0.98804876,14.635166,0.1114727447337008,,,,,,,,,,,,False,False
3451207948362431872,,,NGC2099,88.17232513427734,32.72080612182617,1.1404627,15.429972500000002,0.1543305740695446,,,,,,,,,,,,False,False
3451208571135033472,,,NGC2099,88.25011444091797,32.78259658813477,1.2905155999999998,16.372642000000003,0.075863948728304,,,,,,,,,,,,False,False
3451208601195828992,,,NGC2099,88.22894287109375,32.77816390991211,1.6494066,17.324989,0.1682876789092131,,,,,,,,,,,,False,False
3451208674214913920,,,NGC2099,88.40921783447266,32.633094787597656,1.3850337,16.5196305,0.1452452287150565,,,,,,,,,,,,False,False
3451208708574643840,,,NGC2099,88.435302734375,32.64218521118164,1.0305623999999998,14.785003499999998,0.1827571446272342,,,,,,,,,,,,False,False
3451208738633991936,,,NGC2099,88.4051284790039,32.641319274902344,1.1245965999999998,15.2371205,0.2272048285279938,,,,,,,,,,,,False,False
3451208846013591168,,,NGC2099,88.44744110107422,32.65732192993164,1.0242072,14.5842825,0.2761915829854295,,,,,,,,,,,,False,False
3451208949089031040,,,NGC2099,88.39513397216797,32.651050567626946,2.1397067,18.7402235,0.15847755381216,,,,,,,,,,,,False,False
3451209803785908224,,,NGC2099,88.38471984863281,32.68769073486328,1.6800187,16.522123999999998,0.4577708008950987,,,,,,,,,,,,False,False
3451209808086271232,,,NGC2099,88.38587951660156,32.68423843383789,0.4757626299999999,11.522384,0.1255130406914419,,,,,,,,,,,,False,True
3451209838145648128,,,NGC2099,88.35762786865234,32.6906623840332,1.0812180999999998,14.936391,0.2797471313987691,,,,,,,,,,,,False,False
3451209842443873792,,,NGC2099,88.36093139648438,32.68579864501953,1.4313958,16.54581,0.1864747066671761,,,,,,,,,,,,False,False
3451209842446012288,,,NGC2099,88.36332702636719,32.691234588623054,0.94419796,14.215242000000002,0.2189508155880932,,,,,,,,,,,,False,False
3451209979885353344,,,NGC2099,88.38207244873047,32.70469284057617,1.5077192,16.079881,0.5096665339500207,,,,,,,,,,,,False,False
3451210117323922432,,,NGC2099,88.33929443359375,32.701343536376946,0.9603588,14.379007,0.164042314985387,,,,,,,,,,,,False,False
3451210181743686400,,,NGC2099,88.37599182128906,32.725067138671875,0.5014289000000001,12.366141,0.1494195662976414,,,,,,,,,,,,False,True
3451210250463219456,,,NGC2099,88.36317443847656,32.72562026977539,1.4786733,16.888911,0.1414246952816861,,,,,,,,,,,,False,False
3451210387911883520,,,NGC2099,88.41366577148438,32.72926712036133,1.7652352,16.890558,0.3666277404950237,,,,,,,,,,,,False,False
3451210564000482944,,,NGC2099,88.43678283691406,32.765335083007805,1.3481048,15.784193000000002,0.4332463394331348,,,,,,,,,,,,False,False
3451210735799181184,,,NGC2099,88.41451263427734,32.762218475341804,1.1676183,15.3618525,0.2789836987776716,,,,,,,,,,,,False,False
3451210834578832768,,,NGC2099,88.4152603149414,32.778865814208984,1.484634,16.8532175,0.1541202604962676,,,,,,,,,,,,False,False
3451211422993923712,,,NGC2099,88.54385375976562,32.76682662963867,1.3712335,15.955907500000002,0.3629778678696375,,,,,,,,,,,,False,False
3451212896163480832,,,NGC2099,88.48654174804688,32.85493850708008,1.0473764,14.534022,0.3880136976773297,,,,,,,,,,,,False,False
3451213067961760512,,,NGC2099,88.33753204345703,32.71863174438477,1.7558075000000002,17.4363505,0.2053628368929671,,,,,,,,,,,,False,False
3451213072261421312,,,NGC2099,88.32256317138672,32.71689987182617,1.3712485,16.336328,0.1856821954321584,,,,,,,,,,,,False,False
3451213140980896512,,,NGC2099,88.31857299804688,32.726757049560554,0.68069,13.396783,0.148754173391371,,,,,,,,,,,,False,False
3451213239760479232,,,NGC2099,88.3621826171875,32.74832534790039,1.4817024,16.8706505,0.1478226286995826,,,,,,,,,,,,False,False
3451213755156601728,,,NGC2099,88.39693450927734,32.78859329223633,2.1067825000000004,18.6503325,0.1592534516312799,,,,,,,,,,,,False,False
3451213965614594176,,,NGC2099,88.34673309326172,32.796958923339844,0.94275697,14.332166,0.13237498558411,,,,,,,,,,,,False,False
3451213995674791040,,,NGC2099,88.36012268066406,32.807300567626946,1.3258144,16.2601595,0.1527109128220344,,,,,,,,,,,,False,False
3451214034334061568,,,NGC2099,88.37191009521484,32.80781936645508,1.0563442,15.0700305,0.0965093027980621,,,,,,,,,,,,False,False
3451214343571721344,,,NGC2099,88.31869506835938,32.80159378051758,0.9676822,14.434121,0.1563569073772253,,,,,,,,,,,,False,False
3451214515369754624,,,NGC2099,88.25502014160156,32.80053329467773,1.3149682,16.300836,0.1256584204377649,,,,,,,,,,,,False,False
3451214515369762944,,,NGC2099,88.25458526611328,32.78953170776367,0.7772811000000001,13.3552675,0.3843587107511794,,,,,,,,,,,,False,False
3451214545430456448,,,NGC2099,88.26566314697266,32.806907653808594,0.43116936,12.347067,0.0567971293617964,,,,,,,,,,,,False,True
3451214652808688384,,,NGC2099,88.26459503173828,32.81956100463867,0.603422,12.877453,0.2295276607194552,,,,,,,,,,,,False,False
3451214755888571520,,,NGC2099,88.33843231201172,32.82333755493164,1.0891951,15.130507499999998,0.1763899184407056,,,,,,,,,,,,False,False
3451215099485234048,,,NGC2099,88.31184387207031,32.85131072998047,0.9891187,14.572319,0.152798732641798,,,,,,,,,,,,False,False
3451215232625470464,,,NGC2099,88.33454895019531,32.875473022460945,1.6647188,17.279544,0.1861457821223058,,,,,,,,,,,,False,False
3451215271284635136,,,NGC2099,88.40887451171875,32.80676651000977,1.2619376999999998,15.964659500000002,0.1647827033746038,,,,,,,,,,,,False,False
3451215614882017152,,,NGC2099,88.38228607177734,32.840599060058594,1.4549290999999998,16.77621,0.1471787730866021,,,,,,,,,,,,False,False
3451215717961217792,,,NGC2099,88.43872833251953,32.86327743530273,0.6347948999999999,13.288061,0.1180963263453684,,,,,,,,,,,,False,False
3451217466009680640,,,NGC2099,88.06379699707031,32.62618637084961,1.5486895,17.040251,0.16119051469638,,,,,,,,,,,,False,False
3451217466016359808,,,NGC2099,88.06549835205078,32.622421264648445,1.9951197,17.763382,0.253269921298297,,,,,,,,,,,,False,False
3451217470307498624,,,NGC2099,88.07051086425781,32.632843017578125,0.8787211,14.0705555,0.1131018006495761,,,,,,,,,,,,False,False
3451217470307503360,,,NGC2099,88.0705337524414,32.624561309814446,1.0478359000000002,14.995291,0.1128379483645029,,,,,,,,,,,,False,False
3451217470307504128,,,NGC2099,88.06087493896484,32.630767822265625,0.9088548,14.112227,0.1801195349404567,,,,,,,,,,,,False,False
3451217500369443200,,,NGC2099,88.07523345947266,32.6422119140625,2.2368057999999995,18.4334885,0.2234584111878779,,,,,,,,,,,,False,False
3451217504667221376,,,NGC2099,88.07817840576172,32.648941040039055,1.1420124,15.46663,0.1379144913356472,,,,,,,,,,,,False,False
3451217504667225984,,,NGC2099,88.07804870605469,32.64365005493164,1.3094393,16.261116,0.130498098223595,,,,,,,,,,,,False,False
3451217504667751680,,,NGC2099,88.08367156982422,32.64557647705078,1.4604023000000002,15.921611,0.5484343838133637,,,,,,,,,,,,False,False
3451217534731541760,,,NGC2099,88.05500793457031,32.64380645751953,1.3366683,15.969193999999998,0.2942037504812527,,,,,,,,,,,,False,False
3451217539026976768,,,NGC2099,88.05216979980469,32.64520263671875,1.4886735,10.048888,0.2832050180656201,10.612369,1.9608183,0.18476725601983873,,,,,,,,,True,False
3451217539026978048,,,NGC2099,88.05973815917969,32.636642456054695,1.5245024,16.970232000000003,0.1588040240963051,,,,,,,,,,,,False,False
3451217539026979456,,,NGC2099,88.05375671386719,32.639816284179695,1.0715306999999998,14.229127999999998,0.6478011028416,,,,,,,,,,,,False,False
3451217569088942336,,,NGC2099,88.06533813476562,32.651477813720696,0.468686,12.461108500000002,0.0956154247987647,,,,,,,,,,,,False,True
3451217569095582976,,,NGC2099,88.0667724609375,32.644798278808594,1.8271891,17.738209,0.184546240682392,,,,,,,,,,,,False,False
3451217603455403264,,,NGC2099,88.07939910888672,32.65396881103516,1.9572628,17.707732000000004,0.2480519211125587,,,,,,,,,,,,False,False
3451217607746419584,,,NGC2099,88.08972930908203,32.659698486328125,1.2299269,15.9307515,0.1210337240657266,,,,,,,,,,,,False,False
3451217642106146304,,,NGC2099,88.10253143310547,32.66306304931641,1.3348196,16.341533499999997,0.1385966235822399,,,,,,,,,,,,False,False
3451217642106150528,,,NGC2099,88.09968566894531,32.66084671020508,0.9144453,14.243502500000002,0.0954564742414238,,,,,,,,,,,,False,False
3451217672174866944,,,NGC2099,88.07746124267578,32.667423248291016,1.675906,17.381815000000003,0.1725916775115824,,,,,,,,,,,,False,False
3451217676465896960,,,NGC2099,88.08326721191406,32.664932250976555,0.5531102000000001,12.3152555,0.2208316264955364,,,,,,,,,,,,False,True
3451217676465898880,,,NGC2099,88.0771484375,32.666122436523445,0.7702978300000001,13.817038,0.0049082960507218,,,,,,,,,,,,False,False
3451217706527825408,,,NGC2099,88.083251953125,32.67941665649414,0.3862953699999999,11.1179015,0.0110730104611822,116.65245,76.22232,0.6534137945666807,,,,,,,,,True,True
3451217706527986048,,,NGC2099,88.08531951904297,32.674758911132805,1.4699164,16.864861499999996,0.1396517247247208,,,,,,,,,,,,False,False
3451217745185411968,,,NGC2099,88.04437255859375,32.64278793334961,0.91825925,14.196132,0.1440479154687552,,,,,,,,,,,,False,False
3451217775259759488,,,NGC2099,88.05419158935547,32.65504837036133,1.4006445,16.5178155,0.1623779269888843,,,,,,,,,,,,False,False
3451217813904882048,,,NGC2099,88.0288314819336,32.66810989379883,1.3675066,15.826142999999998,0.4425623662922771,,,,,,,,,,,,False,False
3451217878326638848,,,NGC2099,88.06837463378906,32.6747932434082,2.419625,18.560823,0.2568933623543353,,,,,,,,,,,,False,False
3451217882624325504,,,NGC2099,88.07469940185547,32.67333221435547,1.270134,15.8515165,0.2329246190228212,,,,,,,,,,,,False,False
3451217882624326784,,,NGC2099,88.06324005126953,32.681900024414055,0.55578024,12.928267,0.1334779515875286,,,,,,,,,,,,False,False
3451217882624329216,,,NGC2099,88.07073211669922,32.670753479003906,0.6999548000000001,13.53526,0.090077999517473,,,,,,,,,,,,False,False
3451217947046150400,,,NGC2099,88.0629653930664,32.685081481933594,1.0894421,15.336398,0.0527289887378464,,,,,,,,,,,,False,False
3451218015767879168,,,NGC2099,88.10712432861328,32.66864776611328,1.3235377,16.293525499999998,0.1389778274920151,,,,,,,,,,,,False,False
3451218020063253504,,,NGC2099,88.10936737060547,32.67905807495117,1.0981369,15.1652965,0.1848713125815497,,,,,,,,,,,,False,False
3451218054422973824,,,NGC2099,88.12518310546875,32.688316345214844,0.88668043,14.0421155,0.1669059039279893,,,,,,,,,,,,False,False
3451218054422978304,,,NGC2099,88.1234130859375,32.682945251464844,1.4483755,16.5329385,0.2082823451766547,,,,,,,,,,,,False,False
3451218118844890112,,,NGC2099,88.10147857666016,32.69806289672852,2.0391608,17.624619499999998,0.3046893257920412,,,,,,,,,,,,False,False
3451218123142446592,,,NGC2099,88.11479949951172,32.70148086547852,0.7355414000000001,13.4549745,0.2375934330381819,,,,,,,,,,,,False,False
3451218157502176000,,,NGC2099,88.1344223022461,32.69611358642578,1.3832802,16.464458500000003,0.1590020250631597,,,,,,,,,,,,False,False
3451218187564391552,,,NGC2099,88.14522552490234,32.70343780517578,1.9568661,18.5132215,0.1316723253311145,,,,,,,,,,,,False,False
3451218187564434432,,,NGC2099,88.14327239990234,32.713890075683594,1.8673752000000003,17.0854885,0.3686162351187631,,,,,,,,,,,,False,False
3451218260581369728,,,NGC2099,88.13162231445312,32.72905731201172,2.0072735,17.975784,0.2184456256570013,,,,,,,,,,,,False,False
3451218260581373568,,,NGC2099,88.13360595703125,32.72244644165039,1.5178402,16.871019000000004,0.1766180750843637,,,,,,,,,,,,False,False
3451218325003378944,,,NGC2099,88.10184478759766,32.71227264404297,1.2566175999999998,16.0690785,0.1161219817709358,,,,,,,,,,,,False,False
3451218325003442816,,,NGC2099,88.10034942626953,32.716873168945305,1.1859349,15.67467,0.1418950552642199,,,,,,,,,,,,False,False
3451218329300876032,,,NGC2099,88.10619354248047,32.709972381591804,1.9824839,17.9462595,0.2138881791138331,,,,,,,,,,,,False,False
3451218329300884096,,,NGC2099,88.09295654296875,32.710071563720696,1.288224,16.160051,0.1335292789745121,,,,,,,,,,,,False,False
3451218329300886144,,,NGC2099,88.09963989257812,32.701499938964844,0.5849380999999999,13.2326495,0.0501478014461099,,,,,,,,,,,,False,False
3451218363660640640,,,NGC2099,88.07624816894531,32.70248031616211,1.1978348,15.188726,0.5142442035107407,,,,,,,,,,,,False,False
3451218393722907776,,,NGC2099,88.0918960571289,32.72607421875,1.9854687,18.015045,0.2037188858752455,,,,,,,,,,,,False,False
3451218398020348032,,,NGC2099,88.08840942382812,32.729537963867195,0.8076283,13.911492000000004,0.0259495923397757,,,,,,,,,,,,False,False
3451218398020361728,,,NGC2099,88.0802230834961,32.71979522705078,1.1117903000000002,15.266732,0.1651351998226361,,,,,,,,,,,,False,False
3451218462442388224,,,NGC2099,88.11995697021484,32.72589492797852,1.2995122999999995,16.2222085,0.1292404749403705,,,,,,,,,,,,False,False
3451218501099562752,,,NGC2099,88.09667205810547,32.72265243530273,1.4321478,9.74897,0.1948797396178773,5.83205,1.4720279,0.2524031686971134,,,,,,,,,True,False
3451218531161923712,,,NGC2099,88.1033706665039,32.740421295166016,1.6164653999999998,17.124623,0.1890314675752453,,,,,,,,,,,,False,False
3451218565521415552,,,NGC2099,88.02850341796875,32.679378509521484,2.0196577,18.710776000000003,0.1302563542020654,,,,,,,,,,,,False,False
3451218599881156864,,,NGC2099,88.03397369384766,32.679489135742195,1.0953356,15.1174165,0.2072426121024458,,,,,,,,,,,,False,False
3451218599881172992,,,NGC2099,88.02962493896484,32.684864044189446,1.4260164,16.667476999999998,0.1475347205278245,,,,,,,,,,,,False,False
3451218599881187328,,,NGC2099,88.0347900390625,32.688671112060554,1.305937,16.301447500000002,0.1138339597745034,,,,,,,,,,,,False,False
3451218604178846336,,,NGC2099,88.0396728515625,32.68485641479492,0.5557695500000001,12.741307,0.182705347440108,,,,,,,,,,,,False,True
3451218668600672768,,,NGC2099,88.02387237548828,32.69049453735352,1.4128138,15.853203,0.5122216144772509,,,,,,,,,,,,False,False
3451218668600712960,,,NGC2099,88.01649475097656,32.699256896972656,1.2747446000000002,15.998194,0.1730075012980859,,,,,,,,,,,,False,False
3451218737320199936,,,NGC2099,88.05149841308594,32.704452514648445,1.2333900999999998,15.9054945,0.137487034267533,,,,,,,,,,,,False,False
3451218874759174784,,,NGC2099,88.01190185546875,32.71152877807617,2.3925692,18.924847,0.2003965721244756,,,,,,,,,,,,False,False
3451219115279345792,,,NGC2099,88.06529235839844,32.72729110717773,1.3120056000000002,15.501244000000002,0.582825311065868,,,,,,,,,,,,False,False
3451219287076193792,,,NGC2099,88.09554290771484,32.74715042114258,1.2910012,16.136475,0.1458061587935068,,,,,,,,,,,,False,False
3451219394452782464,,,NGC2099,88.0389175415039,32.745468139648445,1.190213,15.737043,0.1223483458943736,,,,,,,,,,,,False,False
3451219424515196928,,,NGC2099,88.05859375,32.76029586791992,1.2487715,15.988617,0.1322327418599046,,,,,,,,,,,,False,False
3451219463172256512,,,NGC2099,88.03146362304688,32.75497055053711,1.3716936999999998,16.359585499999998,0.1783531275058227,,,,,,,,,,,,False,False
3451219531891698688,,,NGC2099,88.06397247314453,32.77207565307617,0.82312567,13.908207,0.0823947289514737,,,,,,,,,,,,False,False
3451219600611180800,,,NGC2099,88.05879974365234,32.76888656616211,2.2739456,18.662925,0.2025103130374737,,,,,,,,,,,,False,False
3451219630675592832,,,NGC2099,88.05902862548828,32.78468704223633,1.7625239,17.490484999999996,0.1981533028860726,,,,,,,,,,,,False,False
3451219699392964864,,,NGC2099,88.1609878540039,32.72427749633789,2.1930126000000003,18.8293335,0.1627463691594125,,,,,,,,,,,,False,False
3451219841129274368,,,NGC2099,88.18868255615234,32.762073516845696,0.5420763999999999,12.8325035,0.1393060480410725,,,,,,,,,,,,False,False
3451219841129289600,,,NGC2099,88.17977905273438,32.749340057373054,1.2418,15.81176,0.1962764574387255,,,,,,,,,,,,False,False
3451219768112124160,,,NGC2099,88.15541076660156,32.73251724243164,0.42925016,12.144228500000002,0.0711130642016803,,,,,,,,,,,,False,True
3451219768112501504,,,NGC2099,88.15061950683594,32.7387580871582,1.8206514000000005,17.640934999999995,0.1984668992574217,,,,,,,,,,,,False,False
3451220012928015232,,,NGC2099,88.1236343383789,32.752296447753906,1.3694123,16.439344000000002,0.150738772054417,,,,,,,,,,,,False,False
3451220283510584192,,,NGC2099,88.18592834472656,32.766075134277344,2.0900734,18.611145,0.1589269994456643,,,,,,,,,,,,False,False
3451220322165591424,,,NGC2099,88.19107818603516,32.78319549560547,1.1424229999999995,15.354126,0.206744377885048,,,,,,,,,,,,False,False
3451220455305595008,,,NGC2099,88.21498107910156,32.80447769165039,1.7770122000000002,17.980975,0.1296546953150238,,,,,,,,,,,,False,False
3451220528324013056,,,NGC2099,88.18759155273438,32.79882431030273,0.7692362,13.656089,0.1712416239027901,,,,,,,,,,,,False,False
3451220597043488640,,,NGC2099,88.17450714111328,32.81143951416016,1.4111541,16.531281999999997,0.169607852814972,,,,,,,,,,,,False,False
3451220768842259840,,,NGC2099,88.10408782958984,32.76789093017578,1.5015789000000002,16.181545000000003,0.433327670898279,,,,,,,,,,,,False,False
3451220798904804224,,,NGC2099,88.12161254882812,32.776554107666016,2.1041058,18.036585,0.2442070783155962,,,,,,,,,,,,False,False
3451220970703592448,,,NGC2099,88.12647247314453,32.80066680908203,1.127089,15.208548,0.2554752912172754,,,,,,,,,,,,False,False
3451221112439645184,,,NGC2099,88.06871795654297,32.79536819458008,1.3405249999999995,16.382268,0.1335501097194687,,,,,,,,,,,,False,False
3451221215518805504,,,NGC2099,88.12162017822266,32.82281494140625,1.2909379,16.136411,0.1457338922188649,,,,,,,,,,,,False,False
3451221864056468864,,,NGC2099,87.97870635986328,32.726009368896484,1.5284603999999995,16.8432275,0.192215509479174,,,,,,,,,,,,False,False
3451221864056480000,,,NGC2099,87.97720336914062,32.728355407714844,1.5794515,16.9858855,0.1956475184569362,,,,,,,,,,,,False,False
3451221898415903232,,,NGC2099,87.98941802978516,32.72866439819336,0.45677572,12.4309375,0.0825347035943803,,,,,,,,,,,,False,True
3451221902713718656,,,NGC2099,87.99418640136719,32.73464584350586,1.1800547,15.7490475,0.0949765345125316,,,,,,,,,,,,False,False
3451221932775948160,,,NGC2099,87.9734115600586,32.72671127319336,1.5236043,16.9382685,0.1652510054803684,,,,,,,,,,,,False,False
3451221932775968512,,,NGC2099,87.96505737304688,32.727294921875,1.4611506,16.802712,0.1463221502942818,,,,,,,,,,,,False,False
3451221967135760768,,,NGC2099,87.9699935913086,32.74306106567383,1.5369254,16.9907565,0.1634422544281678,,,,,,,,,,,,False,False
3451222005792923392,,,NGC2099,88.00115966796875,32.74359130859375,0.9749407,14.59758,0.0850208831385254,,,,,,,,,,,,False,False
3451222070215020288,,,NGC2099,87.98530578613281,32.75514602661133,1.6939042999999998,17.376364000000002,0.1835970691354863,,,,,,,,,,,,False,False
3451222138934437632,,,NGC2099,87.95993041992188,32.741195678710945,1.9991907,17.874564000000003,0.2332508824351956,,,,,,,,,,,,False,False
3451222211951383040,,,NGC2099,87.94725799560547,32.75177383422852,1.4224543,16.734807,0.1282726814076779,,,,,,,,,,,,False,False
3451222211951389568,,,NGC2099,87.93982696533203,32.747543334960945,1.2732958,16.050345,0.149798810067389,,,,,,,,,,,,False,False
3451222315030544896,,,NGC2099,87.99051666259766,32.78472900390625,1.0820515000000002,15.159883,0.1319045827433075,,,,,,,,,,,,False,False
3451222345092499584,,,NGC2099,87.96868896484375,32.76612091064453,0.6011098,12.025771999999998,0.2840925798922015,,,,,,,,,,,,False,True
3451222383750028800,,,NGC2099,87.97835540771484,32.78614044189453,0.6729357,12.708912,0.3716632826715235,,,,,,,,,,,,False,False
3451222418109748992,,,NGC2099,88.02738952636719,32.76639175415039,0.65715604,12.5525235,0.3576058271426401,,,,,,,,,,,,False,False
3451222452469480704,,,NGC2099,88.03617095947266,32.76796340942383,0.53967936,13.069562,0.0492884179101045,,,,,,,,,,,,False,False
3451222516891738112,,,NGC2099,88.02755737304688,32.78334426879883,2.2253669,18.296861,0.241167421320423,,,,,,,,,,,,False,False
3451222624268152832,,,NGC2099,88.03528594970703,32.7952880859375,0.7056964,13.619087,0.0261683371996982,,,,,,,,,,,,False,False
3451222658627878016,,,NGC2099,88.04670715332031,32.80376434326172,0.98288184,14.743028,0.0244167994929239,,,,,,,,,,,,False,False
3451222830426576896,,,NGC2099,88.02719116210938,32.811691284179695,0.95503654,14.2575475,0.2254737931792582,,,,,,,,,,,,False,False
3451222864786312704,,,NGC2099,88.0268325805664,32.815921783447266,0.95238056,14.3003605,0.1867809868459741,,,,,,,,,,,,False,False
3451222997928018304,,,NGC2099,87.94662475585938,32.77169418334961,2.3537898,18.251284,0.2910190720694838,,,,,,,,,,,,False,False
3451223002225340416,,,NGC2099,87.95079040527344,32.7796630859375,0.8002512999999999,13.650683,0.2658107642687843,,,,,,,,,,,,False,False
3451223582043773824,,,NGC2099,87.96576690673828,32.81982421875,1.9078094,17.691188,0.2290868798030748,,,,,,,,,,,,False,False
3451223586340855168,,,NGC2099,87.96456146240234,32.817432403564446,2.4141686000000004,18.658653,0.2405375064789326,,,,,,,,,,,,False,False
3451223822562005248,,,NGC2099,87.96977996826172,32.836498260498054,1.5483954000000002,16.883974,0.1976488808999689,,,,,,,,,,,,False,False
3451223822563520128,,,NGC2099,87.97295379638672,32.84201431274414,1.9289648,17.843032,0.2101439371290007,,,,,,,,,,,,False,False
3451223856921727872,,,NGC2099,87.94407653808594,32.833572387695305,1.847462,17.477728999999997,0.2447187524457457,,,,,,,,,,,,False,False
3451223861218753664,,,NGC2099,87.9531021118164,32.838180541992195,1.4723084,16.258409,0.3496594329263777,,,,,,,,,,,,False,False
3451224204816066432,,,NGC2099,88.0855941772461,32.82358932495117,1.093121,15.216508,0.1343970429399701,,,,,,,,,,,,False,False
3451223655060292992,,,NGC2099,88.01053619384766,32.83131790161133,1.2510427,16.012966499999997,0.126972193317195,,,,,,,,,,,,False,False
3451224239175782400,,,NGC2099,88.0958251953125,32.844268798828125,1.02331494,14.783592,0.1554871053746459,,,,,,,,,,,,False,False
3451224307895252480,,,NGC2099,88.09530639648438,32.85219192504883,0.8789849,14.014698,0.1664702902307548,,,,,,,,,,,,False,False
3451224342255033984,,,NGC2099,88.04827117919922,32.83715057373047,2.0194421,17.974873,0.2232627383315365,,,,,,,,,,,,False,False
3451224750275110144,,,NGC2099,88.13282775878906,32.87888717651367,1.9745335,18.046334,0.1947791559878938,,,,,,,,,,,,False,False
3451225132528916096,,,NGC2099,88.10877990722656,32.91628646850586,1.1213745000000002,15.4479835,0.0894761086789666,,,,,,,,,,,,False,False
3451225785363981312,,,NGC2099,88.0622329711914,32.9069709777832,0.4800239,12.671918,0.0786284168419997,,,,,,,,,,,,False,True
3451225888443152512,,,NGC2099,88.10716247558594,32.92850112915039,0.68931045,13.1439235,0.2943592049123416,,,,,,,,,,,,False,False
3451226060241880832,,,NGC2099,88.03606414794922,32.93727493286133,1.3758425,16.527610499999998,0.1333650006591204,,,,,,,,,,,,False,False
3451226163321058176,,,NGC2099,88.07577514648438,32.95662307739258,1.2396387000000002,16.1077895,0.0770738775824445,,,,,,,,,,,,False,False
3451226296461136640,,,NGC2099,88.24401092529297,32.817581176757805,1.893513,17.787481,0.2049286346448802,,,,,,,,,,,,False,False
3451226365180625920,,,NGC2099,88.24540710449219,32.82613754272461,1.4455569,16.610637,0.1816375495649574,,,,,,,,,,,,False,False
3451226399540367616,,,NGC2099,88.26559448242188,32.82750701904297,1.8830450000000003,17.80956,0.1966937281574318,,,,,,,,,,,,False,False
3451375864401886848,,,NGC2099,88.2302474975586,33.17328643798828,1.0745977,14.6653605,0.4227056842234173,,,,,,,,,,,,False,False
3444967429598829056,,,NGC2099,87.99834442138672,31.95549201965332,1.0370237,15.0433265,0.0417477670385089,,,,,,,,,,,,False,False
3444971793285661952,,,NGC2099,87.888427734375,32.03067779541016,1.2821321,15.1562245,0.839502565742068,,,,,,,,,,,,False,False
3445174794919190912,,,NGC2099,87.56729888916016,32.143333435058594,1.3338017,16.371944499999998,0.1284172339965477,,,,,,,,,,,,False,False
3445176371170131968,,,NGC2099,87.56920623779297,32.22526168823242,1.4964185,16.924928499999996,0.1474666576061037,,,,,,,,,,,,False,False
3445177505040273024,,,NGC2099,87.6795883178711,32.271484375,0.6108122699999999,13.1401545,0.1482557314484966,,,,,,,,,,,,False,False
3445177505041699072,,,NGC2099,87.68444061279297,32.26830673217773,2.0036031000000003,17.8254595,0.2444264057289353,,,,,,,,,,,,False,False
3445179158601571072,,,NGC2099,87.45946502685547,32.229137420654304,1.3207765000000002,15.0793305,1.0596460910493757,,,,,,,,,,,,False,False
3445181254549352064,,,NGC2099,87.53640747070312,32.3022346496582,1.6544228,17.0743765,0.2266072033735398,,,,,,,,,,,,False,False
3445181907384330240,,,NGC2099,87.58778381347656,32.35671615600586,1.304567,16.251971,0.1267956200452888,,,,,,,,,,,,False,False
3445181976103828352,,,NGC2099,87.55318450927734,32.343299865722656,1.3372551,16.317459,0.1490856018025568,,,,,,,,,,,,False,False
3445182246685783552,,,NGC2099,87.49649047851562,32.31623077392578,1.469545,16.768841,0.1615722914295274,,,,,,,,,,,,False,False
3445182800737543296,,,NGC2099,87.53605651855469,32.36869430541992,1.1166626,15.028662,0.3488125529694709,,,,,,,,,,,,False,False
3445227842058679040,,,NGC2099,87.36844635009766,32.341419219970696,1.9265286,17.821087,0.2129856210236436,,,,,,,,,,,,False,False
3445230453399166720,,,NGC2099,87.47444152832031,32.45228958129883,1.2279683,16.0714395,0.0696281097624386,,,,,,,,,,,,False,False
3445230801292047744,,,NGC2099,87.44046020507812,32.44027328491211,1.1218901,15.5827145,0.0278679283295057,,,,,,,,,,,,False,False
3445231174953682432,,,NGC2099,87.4454116821289,32.45656967163086,2.0769387,18.2069045,0.2065048257845325,,,,,,,,,,,,False,False
3445234198610717824,,,NGC2099,87.34322357177734,32.47974395751953,1.4124492,16.505349,0.1787187696328304,,,,,,,,,,,,False,False
3445234336049707008,,,NGC2099,87.36625671386719,32.49380111694336,1.5311378000000002,16.991842000000002,0.1589860287103852,,,,,,,,,,,,False,False
3445234993180087040,,,NGC2099,87.40913391113281,32.558448791503906,1.3542041,9.96619,0.2218196285072447,10.242635,1.6128315,0.15746255724235023,,,,,,,,,True,False
3445235985317351808,,,NGC2099,87.36676025390625,32.59103775024414,2.1256259,17.790849,0.3033803451291259,,,,,,,,,,,,False,False
3445248187319615104,,,NGC2099,87.32086944580078,32.65439224243164,1.3198493999999998,16.407678,0.1021165354915955,,,,,,,,,,,,False,False
3445157988717994496,,,NGC2099,87.7517318725586,32.027603149414055,1.4532553,16.787535000000002,0.1431160402966614,,,,,,,,,,,,False,False
3445159809785079552,,,NGC2099,87.8547592163086,32.08008575439453,1.70711,17.447327,0.1773678938863445,,,,,,,,,,,,False,False
3445160879225104128,,,NGC2099,87.79389190673828,32.118698120117195,1.4294701,16.6271295,0.1613062107889568,,,,,,,,,,,,False,False
3445161287243102592,,,NGC2099,87.7868881225586,32.15253448486328,1.0741057,15.039105500000002,0.1825503159083031,,,,,,,,,,,,False,False
3445160771846519424,,,NGC2099,87.75674438476562,32.12126922607422,0.9737092,13.4805035,0.7994441123893518,,,,,,,,,,,,False,False
3445163696723661696,,,NGC2099,87.73748779296875,32.125350952148445,1.2099853,15.5480295,0.2732207181106438,,,,,,,,,,,,False,False
3445164104741630592,,,NGC2099,87.75497436523438,32.13823699951172,1.5962949000000002,16.9817045,0.2090407518292104,,,,,,,,,,,,False,False
3445164310900100864,,,NGC2099,87.7658462524414,32.174156188964844,1.4691341999999998,16.5375065,0.2285582677348419,,,,,,,,,,,,False,False
3445164521357361152,,,NGC2099,87.74918365478516,32.190231323242195,0.8889193599999999,14.027451500000002,0.1885261974765139,,,,,,,,,,,,False,False
3445164555717091328,,,NGC2099,87.7796401977539,32.199352264404304,1.9702668,18.0817485,0.1879248584872499,,,,,,,,,,,,False,False
3445165513490976128,,,NGC2099,87.69966888427734,32.225608825683594,1.7336178999999998,17.814834500000003,0.132956597563196,,,,,,,,,,,,False,False
3445165655228719232,,,NGC2099,87.72505950927734,32.24418258666992,1.3340947,16.079348,0.2352457791000048,,,,,,,,,,,,False,False
3445165689588459392,,,NGC2099,87.70160675048828,32.24966049194336,1.3042041,16.0309965,0.2084921054587839,,,,,,,,,,,,False,False
3444968602127732736,,,NGC2099,87.86498612812534,31.912783709628897,1.1140633,15.613272,-0.0037645713087789,,,,,,,,,,,,False,False
3444970251395163904,,,NGC2099,87.9035890380373,31.94954831234497,1.351448,16.96596,0.0311354697748045,,,,,,,,,,,,False,False
3445167922971063552,,,NGC2099,87.36051997934163,32.08580454167872,0.75366974,13.397825,0.3121506274043634,,,,,,,,,,,,False,False
3445173454888929920,,,NGC2099,87.31728763360515,32.1385206470473,1.1705389,15.685479,0.101187827130748,,,,,,,,,,,,False,False
3445235096259368320,,,NGC2099,87.3085596102737,32.50501764656197,0.7340336,13.76834,-0.0563552371994061,,,,,,,,,,,,False,False
3445247053448335488,,,NGC2099,87.1758960384248,32.58758713436509,1.3008728,16.250214,0.1223517484068316,,,,,,,,,,,,False,False
3450915375189991040,,,NGC2099,88.4363367602278,31.903788997786187,1.1963472,15.839007,0.0925934881592559,,,,,,,,,,,,False,False
3450915585645146112,,,NGC2099,88.44964850020273,31.93862910881585,1.1404877,15.571693,0.0801180014220162,,,,,,,,,,,,False,False
3450917063113800832,,,NGC2099,88.6272401159893,31.99293797881091,1.215209,15.81429,0.1408261077635676,,,,,,,,,,,,False,False
3450917131833270784,,,NGC2099,88.6203800634801,32.01136945489686,0.9753523,14.629528,0.0670030916872267,,,,,,,,,,,,False,False
3450942077003251968,,,NGC2099,88.68862488693159,32.11117123503462,1.5027962,15.821926,0.7193827785108763,,,,,,,,,,,,False,False
3450950525202262144,,,NGC2099,88.83154552991039,32.279174521805,0.45688248,12.752666,0.0229893916207408,,,,,,,,,,,,False,True
3450955477301479424,,,NGC2099,88.26989797880577,31.88134985224872,0.9874058,14.732918,0.0483489886458556,,,,,,,,,,,,False,False
3450957607605193088,,,NGC2099,88.3628852869706,31.95617964078641,0.5179224,12.645908,0.1413388582151046,,,,,,,,,,,,False,True
3450958019922170496,,,NGC2099,88.16832106534501,31.84278065031521,0.9206848,14.296562,0.0796049006909556,,,,,,,,,,,,False,False
3450968808879843840,,,NGC2099,88.30421839810015,32.13822258357565,0.9500723,14.3759,0.1299335765494618,,,,,,,,,,,,False,False
3450972618512305664,,,NGC2099,87.99476753060297,31.998005299402777,1.1525736,15.951467,-0.0250832468122526,,,,,,,,,,,,False,False
3450979353020937728,,,NGC2099,88.0080380472683,32.20756270728609,0.4044447,11.23718,0.0345260917448379,127.215706,77.868195,0.6120957659111682,,,,,,,,,True,True
3450979769635912320,,,NGC2099,88.03362189978324,32.212678538159004,0.6076546,13.123397,0.1499743251240371,,,,,,,,,,,,False,False
3450981418903343104,,,NGC2099,88.16597959869378,32.170215436255035,1.1110954,14.934572,0.395856902922956,,,,,,,,,,,,False,False
3450981899939668224,,,NGC2099,88.2207181603866,32.21155238476591,1.0647726,14.536138,0.45059149567068,,,,,,,,,,,,False,False
3450986607223803008,,,NGC2099,88.26303132926917,32.28938751524294,0.81779003,13.525437,0.3979226570055017,,,,,,,,,,,,False,False
3450988149114368640,,,NGC2099,88.1916899873035,32.37864892048872,1.5656147,17.07959,0.1646152487137997,,,,,,,,,,,,False,False
3450988630152101120,,,NGC2099,88.23942961855552,32.41078188066655,0.6134348,13.117915,0.1631736877979694,,,,,,,,,,,,False,False
3451003095604016256,,,NGC2099,88.64400327851347,32.42607873723964,0.7434931,13.033925,0.4303054569881047,,,,,,,,,,,,False,False
3451003821452908032,,,NGC2099,88.69389487228118,32.48502697412517,1.1274767,15.393706,0.1371482415928306,,,,,,,,,,,,False,False
3451010246723705088,,,NGC2099,88.51424383899868,32.46730952801165,0.40956402,11.708933,0.063260785990069,,,,,,,,,,,,False,True
3451012789344384896,,,NGC2099,88.29748979735643,32.49847363306348,1.0445366,14.511437,0.389116953529711,,,,,,,,,,,,False,False
3451013957575433600,,,NGC2099,88.48134082435702,32.55420953925799,1.0018158,14.166684,0.4553194936325521,,,,,,,,,,,,False,False
3451016259677904384,,,NGC2099,88.54386497279219,32.500976333694965,1.4167643,14.780097,1.686109036463733,,,,,,,,,,,,False,False
3451016637635021056,,,NGC2099,88.52405287190842,32.536166662144105,0.7003927,13.288622,0.2528475039897656,,,,,,,,,,,,False,False
3451017084311598080,,,NGC2099,88.57180841519458,32.57004595030583,1.1785727,15.247085,0.4003004693881482,,,,,,,,,,,,False,False
3451021344919143296,,,NGC2099,88.52601746865516,32.65882265529432,0.8884039,13.357788,0.6247270671058829,,,,,,,,,,,,False,False
3451021860315207040,,,NGC2099,88.59681808295319,32.655078367683686,1.3876877,16.402166,0.1834676954645135,,,,,,,,,,,,False,False
3451094801741563264,,,NGC2099,88.93012091843661,32.51328625656287,0.7991495,12.806244,0.5653092935916387,,,,,,,,,,,,False,False
3451095351497736448,,,NGC2099,88.97801422322664,32.56176451515939,1.2557354,15.692608,0.2930205550320946,,,,,,,,,,,,False,False
3451112123347667840,,,NGC2099,88.78248539243647,32.65827989680764,0.7810669,13.666136,0.1965629536927731,,,,,,,,,,,,False,False
3451115250083830400,,,NGC2099,88.81606474655602,32.7744803450512,0.78129196,13.78851,0.0728235736421882,,,,,,,,,,,,False,False
3451118205021332096,,,NGC2099,88.7092664070351,32.8535758633292,1.028575,14.620663,0.2725656988404996,,,,,,,,,,,,False,False
3451118514258976640,G16600173018780,102009029.0,NGC2099,88.76661363750956,32.80926056469205,1.1305199,13.977459,1.070389702885267,,,,5692.81,33.72,3.912,0.047,-0.126,0.03,-5.99274,,False,False
3451173043166450176,,,NGC2099,87.88560400103485,32.38196286962745,0.38871956,11.251561,0.0224730070682984,144.36243,83.800385,0.5804861070847867,,,,,,,,,True,True
3451173421123564544,,,NGC2099,87.87539108707333,32.42256118365718,1.0276194,14.988065,0.0408707219119232,,,,,,,,,,,,False,False
3451174280116984960,,,NGC2099,88.13264590907997,32.36616783241002,0.47662735,11.916427,0.1378498455123326,,,,,,,,,,,,False,True
3451175070387392128,,,NGC2099,88.0118828182537,32.38722802941594,,,,,,,,,,,,,,,False,False
3451175512767145088,,,NGC2099,88.05278319272352,32.40963475790619,0.46217346,11.073328,0.0619864727383622,25.961946,16.809874,0.6474812789457308,,,,,,,,,True,False
3451175585787042304,,,NGC2099,88.07191636163198,32.4167139719896,,,,,,,,,,,,,,,False,False
3451176612279158912,,,NGC2099,88.17527654419382,32.45526126265224,0.5958214,12.770755,0.2409037427863744,,,,,,,,,,,,False,True
3451176887156678144,,,NGC2099,88.10916996433345,32.43352044816337,0.5253258,11.215715,0.1311984114645561,66.733635,40.55143,0.6076610392945027,,,,,,,,,True,False
3451176887156678272,,,NGC2099,88.10414722488412,32.432441663735474,0.49932003,11.600527,0.1553808158655271,,,,,,,,,,,,False,True
3451177441212870144,,,NGC2099,88.14553040043322,32.47597588995648,0.54756355,12.494922,0.2034826889830195,,,,,,,,,,,,False,True
3451177539991702912,,,NGC2099,88.1670676939392,32.495869667701655,0.55472755,11.594605,0.2128294195618395,,,,,,,,,,,,False,True
3451177539992112896,,,NGC2099,88.17003218078479,32.48112399930114,0.97000504,14.402719,0.1834282587293182,,,,,,,,,,,,False,False
3451177574351441152,,,NGC2099,88.17508251869634,32.498516551300945,0.5927124,13.206343,0.0803747090304673,,,,,,,,,,,,False,False
3451177647371294208,,,NGC2099,88.1472592840267,32.48477968590094,1.3402557,16.312065,0.1546275333047141,,,,,,,,,,,,False,False
3451177647371299456,,,NGC2099,88.13835539661221,32.48324059812437,0.82853127,13.842536,0.1703879759729356,,,,,,,,,,,,False,False
3451177853529701120,,,NGC2099,88.15368169252493,32.52758105192336,0.6491766,13.0052395,0.2709379734074971,,,,,,,,,,,,False,False
3451178575084284288,,,NGC2099,88.04287642543085,32.43199899988791,0.8851681,14.002982,0.1991996000130981,,,,,,,,,,,,False,False
3451178953037778304,,,NGC2099,88.01581397370036,32.47298226198982,1.1981163,15.753723,0.1320353814804223,,,,,,,,,,,,False,False
3451179605876444928,,,NGC2099,87.9641567234832,32.467045395783394,0.71987057,13.214277,0.3250902801066389,,,,,,,,,,,,False,False
3451179876455268224,,,NGC2099,87.95122734058297,32.48833580580105,0.5655718,12.77517,0.1914208003758959,,,,,,,,,,,,False,True
3451179949473813376,,,NGC2099,87.97976216669072,32.500809124740165,1.4068966,10.18776,0.2976907711356759,,,,,,,,,,,,False,False
3451180116972082048,,,NGC2099,88.07301584141327,32.46324949512197,0.5550709,11.369367,0.1835976687018977,,,,,,,,,,,,False,True
3451180151332219264,,,NGC2099,88.05611769915349,32.47132538632517,0.6944771,13.290764,0.2395895925153876,,,,,,,,,,,,False,False
3451180185691960576,,,NGC2099,88.0687544753566,32.476579762741935,1.1049004,14.920845,0.3816870411777532,,,,,,,,,,,,False,False
3451180426211066112,,,NGC2099,88.03179705128008,32.47963007368975,0.7460823,12.993259,0.4455733539198278,,,,,,,,,,,,False,False
3451180460570527232,,,NGC2099,88.04647580054771,32.50201852902488,0.68734264,13.061683,0.3205762895438803,,,,,,,,,,,,False,False
3451180464869875968,,,NGC2099,88.04531553363536,32.49340800661795,0.51906586,12.390983,0.1716067882979471,,,,,,,,,,,,False,True
3451180499229603584,,,NGC2099,88.06572280644757,32.503060843868084,0.56100845,11.297834,0.1761186043075592,,,,,,,,,,,,False,False
3451180598010337664,,,NGC2099,88.06763744613231,32.51885129620112,0.78000927,13.005282,0.502635144987791,,,,,,,,,,,,False,False
3451180838526584064,,,NGC2099,88.12680259901467,32.53246812167932,0.48670673,11.047915,0.0759325080467746,,,,,,,,,,,,False,False
3451180838526584576,,,NGC2099,88.11883962445572,32.52514460571523,0.4449768,11.7557955,0.1024751377699663,,,,,,,,,,,,False,True
3451180842827217536,,,NGC2099,88.12425067330565,32.53742151431392,0.52355194,11.809009,0.1910877610711887,,,,,,,,,,,,False,True
3451180911546442112,,,NGC2099,88.09041172093757,32.528039448292986,0.5500107,11.708379,0.2162344266060497,,,,,,,,,,,,False,True
3451180945902489216,,,NGC2099,88.09312307778471,32.52821412850174,0.79736423,13.7063265,0.2079605901833867,,,,,,,,,,,,False,False
3451180980265918208,,,NGC2099,88.0789197593806,32.538243585879286,1.4230337,10.411466,0.3803663512076072,,,,,,,,,,,,False,False
3451181014625652096,,,NGC2099,88.09033181105067,32.53600450453795,0.65265465,13.203331,0.1986658627716541,,,,,,,,,,,,False,False
3451181152064583680,,,NGC2099,88.10787299202583,32.56746368876118,1.2443323,15.738477,0.240300870456762,,,,,,,,,,,,False,False
3451181323863324800,,,NGC2099,88.0408562490062,32.523282116423744,1.4355907,9.9561205,0.2427832663555665,,,,,,,,,,,,False,False
3451181353933186688,,,NGC2099,88.04664961836546,32.53173206364852,1.3111057,15.629126,0.469015955142014,,,,,,,,,,,,False,False
3451181358223058688,,,NGC2099,88.05233408830749,32.52400887171846,0.7621336,13.52349,0.257821787372645,,,,,,,,,,,,False,False
3451181392582797184,,,NGC2099,88.04044013196672,32.533880219146184,0.64636326,12.718531,0.3290684488054744,,,,,,,,,,,,False,False
3451181392582797312,,,NGC2099,88.03591333345321,32.537640138241464,0.82951736,13.6626425,0.3413462746413067,,,,,,,,,,,,False,False
3451181633101242240,,,NGC2099,88.03934818552294,32.556955931162385,1.1741753,15.754496,0.0800165567336349,,,,,,,,,,,,False,False
3451181667460705024,,,NGC2099,88.01749569756053,32.55080786766433,0.9598932,14.783232,-0.0907113876466164,,,,,,,,,,,,False,False
3451181731892051328,,,NGC2099,88.06767869163882,32.54124028393394,1.0838413,15.230345,0.0945160711686608,,,,,,,,,,,,False,False
3451181731894675200,,,NGC2099,88.0710369687892,32.540226724774705,0.4365263,12.1306715,0.0809988895685611,,,,,,,,,,,,False,True
3451181766240577280,,,NGC2099,88.07644595714528,32.54739271562331,0.5394535,11.702149,0.204391039909041,,,,,,,,,,,,False,True
3451181804899645312,,,NGC2099,88.05289758750249,32.54894625761688,0.4269743,11.193357,0.0489149962440861,,,,,,,,,,,,False,True
3451181834960050816,,,NGC2099,88.06274673251683,32.560887297756935,0.5549717,13.029519,0.094311247585902,,,,,,,,,,,,False,False
3451181839259371520,,,NGC2099,88.06386083290124,32.5624653022071,1.0175295,14.652316,0.2129499680311457,,,,,,,,,,,,False,False
3451181873619095424,,,NGC2099,88.08706818841115,32.57125882582875,1.0198727,14.321651,0.4069554894649348,,,,,,,,,,,,False,False
3451181873619096192,,,NGC2099,88.09182063914434,32.565081858724945,0.6139555,10.81483,0.1170158593103631,,,,,,,,,,,,False,False
3451181903679522432,,,NGC2099,88.09985944797343,32.58247934592729,0.47887802,11.330124,0.1084918720295396,183.893,76.25344,0.41466200453524604,,,,,,,,,True,True
3451181942338852096,,,NGC2099,88.08107961913474,32.57090422615199,0.8547096,13.263122,0.5771962902537369,,,,,,,,,,,,False,False
3451182079773859456,,,NGC2099,88.02734459307875,32.58049715052458,1.0850925,14.928488,0.3000804896552888,,,,,,,,,,,,False,False
3451182114137269888,,,NGC2099,88.05462445436665,32.58687399622386,0.41754913,11.144637,0.0368549204306672,,,,,,,,,,,,False,True
3451182144197688832,,,NGC2099,88.06631501082123,32.59369306694158,0.44175053,11.7261,0.098593585491419,85.72651,118.16656,1.3784132819591046,,,,,,,,,True,True
3451182148497005952,,,NGC2099,88.06104665082381,32.585968907518044,0.6736326,13.24687,0.2190541700139222,,,,,,,,,,,,False,False
3451182178565099520,,,NGC2099,88.07280764036518,32.600652319657485,1.1019154,15.506342,0.0076192020894978,,,,,,,,,,,,False,False
3451182251576204544,,,NGC2099,88.0702951537711,32.6130542873982,0.40439796,12.059516,0.0463527672998547,,,,,,,,,,,,False,True
3451182487800088320,,,NGC2099,87.72367950225805,32.3173562457393,0.39513397,11.703829,0.0475382459144737,,,,,,,,,,,,False,True
3451183935199335808,,,NGC2099,87.71665466713993,32.37444980135731,1.4086399,16.21991,0.2815012377307486,,,,,,,,,,,,False,False
3451184897275808640,,,NGC2099,87.80047535991785,32.40156875709595,0.4175501,11.654856,0.0712047717711141,,,,,,,,,,,,False,True
3451184961696389632,,,NGC2099,87.79965918134153,32.42331532646652,1.294014,16.12185,0.1556370427165865,,,,,,,,,,,,False,False
3451185064775598208,,,NGC2099,87.86186450548938,32.415716031808664,0.60955334,13.231799,0.0994038135738368,,,,,,,,,,,,False,False
3451185996787429760,,,NGC2099,87.7511421678391,32.45535827110019,0.5648012,12.860156,0.1694629742659419,,,,,,,,,,,,False,False
3451186237305567232,,,NGC2099,87.80728179761641,32.47524454420464,1.1507645,15.463406,0.164377950301987,,,,,,,,,,,,False,False
3451191318247852288,,,NGC2099,87.90740254517608,32.492662068862515,0.4096985,11.514022,0.0583123409789524,,,,,,,,,,,,False,True
3451191700503899008,,,NGC2099,87.91737370715407,32.50969844219943,0.66048336,13.182439,0.2234287740892178,,,,,,,,,,,,False,False
3451192009741531008,,,NGC2099,87.90378692735781,32.5408388550732,0.4150524,11.910599,0.0664752260225352,,,,,,,,,,,,False,True
3451192039802775296,,,NGC2099,87.93799635326108,32.54221699833453,1.464653,16.817516,0.1458677126180018,,,,,,,,,,,,False,False
3451193315412258048,,,NGC2099,87.9905651980019,32.553891603589534,0.8127794,13.36389,0.4581464563635461,,,,,,,,,,,,False,False
3451193379832142592,,,NGC2099,87.98320413140871,32.56003616685328,0.43381023,11.576836,0.085836334612321,,,,,,,,,,,,False,True
3451193517271669504,,,NGC2099,88.0061148578917,32.58936739920048,1.3203535,15.9653425,0.2675206570199602,,,,,,,,,,,,False,False
3451193727728355072,,,NGC2099,87.99932119161585,32.59815088019815,1.1405945,15.533678,0.0987351942979982,,,,,,,,,,,,False,False
3451193929595325184,,,NGC2099,88.02688014122567,32.607763515825354,1.318243,16.211113,0.1590291978831778,,,,,,,,,,,,False,False
3451194170113215488,,,NGC2099,87.98806634449505,32.62089536698572,0.6952553,12.765655,0.4010823918595124,,,,,,,,,,,,False,False
3451194174404945664,,,NGC2099,87.99166984765948,32.61583126201898,0.5056915,11.02057,0.0850252546753432,161.93826,41.665184,0.25729055011459306,,,,,,,,,True,False
3451194307546000000,,,NGC2099,88.00617979984835,32.63631698968535,0.4654789,11.596486,0.1197509317764384,18.219276,146.307,8.030341051971549,,,,,,,,,True,True
3451194341905817472,,,NGC2099,88.01860787336432,32.65271923199431,0.5096102,12.824951,0.0879602727854568,,,,,,,,,,,,False,False
3451194380563439488,,,NGC2099,87.93039515933977,32.58281340303051,0.4708357,11.562695,0.1233304773020136,,,,,,,,,,,,False,True
3451194410631047936,,,NGC2099,87.94714529289357,32.591565681693126,0.6128082,12.661517,0.2836188321612065,,,,,,,,,,,,False,False
3451194621081556864,,,NGC2099,87.95350889430436,32.631793739202,1.082861,14.027181,0.8584945856823631,,,,,,,,,,,,False,False
3451194994740804352,,,NGC2099,87.96619505960832,32.63840973491152,1.1752892,15.463509,0.2334360421874245,,,,,,,,,,,,False,False
3451195136477589632,,,NGC2099,87.9832099121568,32.66162628701136,,,,,,,,,,,,,,,False,False
3451195376995731584,,,NGC2099,87.99398354343393,32.69117131966149,0.9399557,14.124084,0.2772195528143435,,,,,,,,,,,,False,False
3451196064190651904,,,NGC2099,87.85754147770346,32.591319381683206,0.93073463,14.294157,0.1160357004096989,,,,,,,,,,,,False,False
3451197404220448128,,,NGC2099,87.77844444376274,32.6577964792163,0.8757,14.13976,0.0424512613061061,,,,,,,,,,,,False,False
3451197679098313856,,,NGC2099,87.89143020556072,32.629400274105464,0.7646446,13.145646,0.4356989227371334,,,,,,,,,,,,False,False
3451198778609931520,,,NGC2099,87.85275378817344,32.671797076139946,0.40880394,11.393898,0.0503551479605862,,,,,,,,,,,,False,True
3451199465804608896,,,NGC2099,87.916553338333,32.738152817059785,0.4253788,11.668912,0.0798689747733211,,,,,,,,,,,,False,True
3451201115072556288,,,NGC2099,88.21532019360828,32.51786991235227,0.52279377,11.188337,0.1245311084928347,115.49586,136.60876,1.1828022233870548,,,,,,,,,True,False
3451201252511803648,,,NGC2099,88.16933659865894,32.523827757574104,0.550951,12.568609,0.2012654772649448,,,,,,,,,,,,False,True
3451201286871252608,,,NGC2099,88.18739400838388,32.532832887100355,0.94628716,14.305703,0.1620967620759415,,,,,,,,,,,,False,False
3451201355590733696,,,NGC2099,88.17109309475757,32.537116268902984,0.84987545,13.845005,0.2391863647238538,,,,,,,,,,,,False,False
3451201488738800640,,,NGC2099,88.19636960595214,32.55703919066916,0.58796215,12.867178,0.2062854760166986,,,,,,,,,,,,False,False
3451201974065974400,,,NGC2099,88.25145728243032,32.60100892339366,1.3261309,10.652006,0.4381085735118304,,,,,,,,,,,,False,False
3451202042785447168,,,NGC2099,88.24236399411387,32.61862366883987,0.7971411,13.6865,0.2256549849456163,,,,,,,,,,,,False,False
3451202455102299136,,,NGC2099,88.31153528402037,32.593373642652914,0.56454754,12.170608,0.2383954319587886,,,,,,,,,,,,False,True
3451204276168502144,,,NGC2099,88.15589780428694,32.533669566424315,0.6966133,12.617012,0.41356925642963,,,,,,,,,,,,False,False
3451204340587626112,,,NGC2099,88.15082593373482,32.55503300987604,0.600502,12.913231,0.2147234301720391,,,,,,,,,,,,False,False
3451204413607431296,,,NGC2099,88.17657163750404,32.57232118955096,0.41138077,11.702901,0.0651998767820729,,,,,,,,,,,,False,True
3451204482326914048,,,NGC2099,88.1582128203588,32.572795473466485,0.7133274,13.058597,0.3686587046775066,,,,,,,,,,,,False,False
3451204581107402496,,,NGC2099,88.14225294600057,32.57059848233404,0.7222872,13.175959,0.3447017960516857,,,,,,,,,,,,False,False
3451204581118122112,,,NGC2099,88.14978796313582,32.5740441537294,0.42562866,11.684312,0.0804175322808091,,,,,,,,,,,,False,True
3451204615466584832,,,NGC2099,88.1277695162146,32.5778944287467,0.44185925,11.490879,0.0891633163749293,5.567694,87.25344,15.6713784917059,,,,,,,,,True,True
3451204619765877632,,,NGC2099,88.12921247738917,32.575497984222075,0.8918505,13.523998,0.5866153045881078,,,,,,,,,,,,False,False
3451204619765883008,,,NGC2099,88.1186672886698,32.56954488657702,0.9769201,14.255911,0.3021863011770819,,,,,,,,,,,,False,False
3451204722845065856,,,NGC2099,88.16590495470267,32.60520791974508,0.90931606,14.178924,0.1266317651974457,,,,,,,,,,,,False,False
3451205066442429056,,,NGC2099,88.21704370236463,32.62595758200148,0.5102291,11.129589,0.105186455029504,258.88342,104.15432,0.40232132285644245,,,,,,,,,True,False
3451205680619400320,,,NGC2099,88.10089742369723,32.62552453450797,0.5325699,11.501268,0.1806414763965291,134.75728,57.112705,0.42381906936679037,,,,,,,,,True,True
3451208536775961472,,,NGC2099,88.24933776982378,32.764703669757395,0.96063995,14.778991,-0.0850550894768124,,,,,,,,,,,,False,False
3451209567568087552,,,NGC2099,88.43531687332506,32.70560125521806,0.96564674,14.030541,0.4505410191048956,,,,,,,,,,,,False,False
3451211697871827968,,,NGC2099,88.52769702637698,32.7924325566612,0.47577763,11.61036,0.1312865647365475,,,,,,,,,,,,False,True
3451213587657476480,,,NGC2099,88.33845231064913,32.78755831056039,1.3535919,16.240656,0.1971234412669045,,,,,,,,,,,,False,False
3451214717229147904,,,NGC2099,88.32779293428887,32.813038868013734,0.7933836,13.325185,0.4309743766285679,,,,,,,,,,,,False,False
3451218290643563008,,,NGC2099,88.09295070583539,32.69196345871475,0.9086256,13.982831,0.2999637547610504,,,,,,,,,,,,False,False
3451218569819126784,,,NGC2099,88.02331197258898,32.671618502631986,0.42083836,11.35075,0.0582026229128047,37.208317,99.113365,2.6637422219338758,,,,,,,,,True,True
3451219050855432960,,,NGC2099,88.00670819003787,32.726999401905864,0.6133261,12.476431,0.2976773552148317,,,,,,,,,,,,False,False
3451220837561732224,,,NGC2099,88.10263749997247,32.77629733185111,0.9985752,14.717063,0.101411659440093,,,,,,,,,,,,False,False
3451222070220710528,,,NGC2099,87.98076005566169,32.751091237527866,,,,,,,,,,,,,,,False,False
3451224617132894464,,,NGC2099,88.11064620661087,32.84377954150043,1.0177422,14.23071,0.4611243195901204,,,,,,,,,,,,False,False
3451231557799911808,,,NGC2099,88.16074954754416,32.98032269893763,0.67473316,13.243402,0.222942429145514,,,,,,,,,,,,False,False
3451237433315743232,,,NGC2099,87.66826937983437,32.57413679944965,1.1874027,15.308424,0.3805474590626168,,,,,,,,,,,,False,False
3451247363275896192,,,NGC2099,87.76388157081057,32.79766070483593,,,,,,,,,,,,,,,False,False
3451247638157847424,,,NGC2099,87.75005119675556,32.817331152891576,1.2047768,15.079035,0.6348167436616088,,,,,,,,,,,,False,False
3451249665382523136,G16618150336035,269306082.0,NGC2099,87.5703300351712,32.80518143432878,1.2727184,13.974544,1.5633978460884614,,,,5313.12,33.66,3.695,0.047,-0.087,0.028,-5.0251,,False,False
3451255575257544832,,,NGC2099,87.53061110750164,32.79846900787423,0.9050274,14.178104,0.1124914678861496,,,,,,,,,,,,False,False
3451260076382601472,,,NGC2099,87.38581899229936,32.86987534283142,0.9168072,13.539565,0.6454425907849328,,,,,,,,,,,,False,False
3451266703515917824,,,NGC2099,87.48672591984982,32.968458122918456,1.1050425,15.457671,0.0382106604498981,,,,,,,,,,,,False,False
3451267979122399872,,,NGC2099,87.44491598873454,33.03839458274278,1.1570482,15.62835,0.0951593250830214,,,,,,,,,,,,False,False
3451275057228945152,,,NGC2099,87.80430864303058,32.93470364373963,,,,,,,,,,,,,,,False,False
3451286116768843008,,,NGC2099,88.05334606016893,33.21419627505436,1.040328,14.819338,0.1988834926899205,,,,,,,,,,,,False,False
3451292580695044864,,,NGC2099,87.59340851021284,33.10842387553781,1.2749996,16.092981,0.1367887970872594,,,,,,,,,,,,False,False
3451294058163774080,,,NGC2099,87.65832991133871,33.19113336019827,1.5561504,16.253107,0.46531265136064,,,,,,,,,,,,False,False
3451295260754599040,,,NGC2099,87.74129749785023,33.225814269727586,0.9454727,14.328431,0.1442519548248768,,,,,,,,,,,,False,False
3451297558561796480,,,NGC2099,87.9128114335592,33.252963947762225,1.3454418,16.64856,0.0754120796445889,,,,,,,,,,,,False,False
3451301101910110848,,,NGC2099,87.79042909943229,33.259909704863766,1.1434994,15.551546,0.0975454182069651,,,,,,,,,,,,False,False
3451301136269845376,,,NGC2099,87.79463872610187,33.274590713958226,1.0764914,15.152648,0.1168923920110076,,,,,,,,,,,,False,False
3451328452261378688,,,NGC2099,88.36688999483715,33.17139554630624,0.9975519,13.991954,0.597782803150822,,,,,,,,,,,,False,False
957722044231998720,,,NGC2281,100.61614227294922,41.20109176635742,2.9339752,18.48406,-0.1671101528966058,,,,,,,,,,,,False,False
957729745109779072,,,NGC2281,100.83142852783205,41.34203338623047,2.3854141,16.97691,-0.1204731127383873,,,,,,,,,,,,False,False
957735581969506048,,,NGC2281,100.67298126220705,41.54045104980469,2.7154617,16.946497,0.0088607580688808,,,,,,,,,,,,False,False
957745035193282560,,,NGC2281,100.55106353759766,41.43478775024414,1.2758417,14.36891,-0.0621757177791436,,,,,,,,,,,,False,False
957756129092349952,,,NGC2281,101.00564575195312,41.55644607543945,2.4075508,18.015808,-0.2324968272109131,,,,,,,,,,,,False,False
957760252261177984,,,NGC2281,100.81764221191406,41.66893768310547,1.9381895,15.869742,-0.0584217602479862,,,,,,,,,,,,False,False
957761630946840832,,,NGC2281,100.86767578125,41.696083068847656,1.2321844,14.213419,-0.0021224744901295,,,,,,,,,,,,False,False
957769391951680000,,,NGC2281,101.05785369873048,41.8618049621582,2.6609478,16.736416000000002,0.0484260638452517,,,,,,,,,,,,False,False
957773824357887616,,,NGC2281,100.84054565429688,41.77130889892578,2.802559,17.403402,-0.0635851522252735,,,,,,,,,,,,False,False
957796540441098112,,,NGC2281,100.24128723144533,41.71339416503906,1.0885916000000002,13.642721,0.2117701032570519,,,,,,,,,,,,False,False
963772695375773568,,,NGC2281,101.27428436279295,41.95607376098633,2.1440544,16.135298000000002,-0.0136743419507002,,,,,,,,,,,,False,False
963774855742805248,,,NGC2281,101.09484100341795,41.95343399047852,2.486786,18.741577,-0.2549240752881779,,,,,,,,,,,,False,False
963778360436190592,,,NGC2281,100.97203826904295,42.1181755065918,2.2039604,16.332386,-0.0462000279413877,,,,,,,,,,,,False,False
963787568846237440,,,NGC2281,101.07721710205078,42.349945068359375,2.7203999,17.514463,-0.1050924759748053,,,,,,,,,,,,False,False
963788122898641280,,,NGC2281,100.9235382080078,42.06224822998047,2.5554237,18.57669,-0.2367871036327951,,,,,,,,,,,,False,False
945582301991403264,,,NGC2281,100.62620544433594,40.36278533935547,2.822548,18.11759,-0.155210715996243,,,,,,,,,,,,False,False
945583195344039168,,,NGC2281,100.69031524658205,40.45193481445313,2.5550957000000003,17.118055,-0.087299324100833,,,,,,,,,,,,False,False
945587936987988096,,,NGC2281,100.51814270019533,40.53707504272461,2.6976566,17.299073999999997,-0.0755535771047145,,,,,,,,,,,,False,False
945623636756234880,,,NGC2281,101.26153564453124,40.57383346557617,2.6621742000000004,18.32938,-0.203670950466821,,,,,,,,,,,,False,False
945628863732182784,,,NGC2281,101.33366394042967,40.5965690612793,2.504671,17.534163,-0.1659691273372422,,,,,,,,,,,,False,False
945628893795157632,,,NGC2281,101.34005737304688,40.61731719970703,1.7446117,15.431568,-0.033582319067226,,,,,,,,,,,,False,False
945629099953584256,,,NGC2281,101.41651153564452,40.61252212524414,2.271616,16.53004,-0.068671792627559,,,,,,,,,,,,False,False
945629890227579392,,,NGC2281,101.2917022705078,40.635215759277344,2.255127,16.71699,-0.121097408320986,,,,,,,,,,,,False,False
945630890956724864,,,NGC2281,101.41149139404295,40.67756271362305,2.0773869,16.054807999999998,-0.0276996022085623,,,,,,,,,,,,False,False
945631268914365952,,,NGC2281,101.49539184570312,40.70821762084961,2.5118560000000003,16.852562,-0.0456097088301129,,,,,,,,,,,,False,False
945631951811922816,,,NGC2281,101.35867309570312,40.70256423950195,1.899272,15.689004,-0.0090839465784647,,,,,,,,,,,,False,False
945632226689844096,,,NGC2281,101.42141723632812,40.7241325378418,2.361948,16.816868,-0.0976044091415308,,,,,,,,,,,,False,False
945632574584424832,,,NGC2281,101.38773345947266,40.77248001098633,1.5176401000000002,14.89803,0.0086330325066264,,,,,,,,,,,,False,False
945633291842918144,,,NGC2281,101.06871032714844,40.51519775390625,0.69189835,11.91776,0.0455982100508498,16.871187,19.11911,1.1332403582510229,,,,,,,,,True,False
945634288275423360,,,NGC2281,101.0329818725586,40.5327262878418,2.878336,18.110712,-0.1432498426748122,,,,,,,,,,,,False,False
945634464369576704,,,NGC2281,101.0854263305664,40.53715896606445,2.1585693,16.401267999999998,-0.0916731182068457,,,,,,,,,,,,False,False
945638518818570240,,,NGC2281,100.96376037597656,40.63195419311523,2.4737663,17.891678,-0.2089675103197103,,,,,,,,,,,,False,False
945641370676815488,,,NGC2281,101.04945373535156,40.76721954345703,2.7062187,17.395622,-0.0900046677034611,,,,,,,,,,,,False,False
945644050736354304,,,NGC2281,101.3213882446289,40.75508499145508,1.3783101999999998,14.628722,-0.0544316443213712,,,,,,,,,,,,False,False
945644531772843776,,,NGC2281,101.3833465576172,40.81655883789063,2.7360191,18.315512,-0.1890781174406973,,,,,,,,,,,,False,False
945646215400454912,,,NGC2281,101.1895523071289,40.7804069519043,1.8229313000000005,15.515415,0.0083318447334829,,,,,,,,,,,,False,False
945652739453673728,,,NGC2281,101.7237777709961,40.76244735717773,2.7338295,18.387476,-0.1947951205753197,,,,,,,,,,,,False,False
945652739453682048,,,NGC2281,101.71731567382812,40.77058410644531,2.7194405,16.848831,0.0379193313013525,,,,,,,,,,,,False,False
945653568383999488,,,NGC2281,101.74549865722656,40.84274291992188,2.181899,15.714768,0.2432656398233157,,,,,,,,,,,,False,False
945653637104036992,,,NGC2281,101.73795318603516,40.84901809692383,1.862236,15.647572,-0.0238998313828299,,,,,,,,,,,,False,False
945653740183582592,,,NGC2281,101.63495635986328,40.79948425292969,0.6441231,11.636307,0.0932837649470263,25.143105,12.991203,0.5166904803523671,,,,,,,,,True,False
945654423080966528,,,NGC2281,101.70101928710938,40.87618637084961,3.29348,18.139978,-0.0634009121071075,,,,,,,,,,,,False,False
945655733047529728,,,NGC2281,101.55303192138672,40.83390426635742,1.9793997,15.164834,0.5550482563279583,,,,,,,,,,,,False,False
945656969998108544,,,NGC2281,101.59513092041016,40.824668884277344,2.583826,17.73846,-0.1689413097668601,,,,,,,,,,,,False,False
945657618536678400,,,NGC2281,101.64824676513672,40.91059112548828,2.593361,17.275051,-0.103305469784131,,,,,,,,,,,,False,False
945659336523536768,,,NGC2281,101.815185546875,40.86248397827149,2.326332,16.814882,-0.11165954410998,,,,,,,,,,,,False,False
945659336523539584,,,NGC2281,101.8169174194336,40.86606216430664,2.6446686,18.210451000000003,-0.1983634232162029,,,,,,,,,,,,False,False
945659336523542656,,,NGC2281,101.80047607421876,40.86739349365234,1.9829597,15.863554,-0.0189927020976946,,,,,,,,,,,,False,False
945659645761203712,,,NGC2281,101.763427734375,40.88320541381836,2.7717247000000005,17.914854000000002,-0.1447663671961948,,,,,,,,,,,,False,False
945659650057688448,,,NGC2281,101.76756286621094,40.88347625732422,1.2002373,14.114889000000002,0.0161731145710374,,,,,,,,,,,,False,False
945659920639160064,,,NGC2281,101.8298110961914,40.923526763916016,2.8639984,17.897074,-0.1221365008843696,,,,,,,,,,,,False,False
945660062374546816,,,NGC2281,101.79019927978516,40.907901763916016,1.2268677,14.169418,0.0479730651490928,,,,,,,,,,,,False,False
945660165453759360,,,NGC2281,101.8397445678711,40.93649673461914,1.1280937,13.589772,0.4424962902136721,,,,,,,,,,,,False,False
945660990087480832,,,NGC2281,101.8079071044922,40.95546340942383,2.219965,16.35674,-0.0449576733181814,,,,,,,,,,,,False,False
945662123958840960,,,NGC2281,101.92002868652344,41.00676727294922,1.4232874,14.703429000000002,-0.0132258066531441,,,,,,,,,,,,False,False
945662291462078464,,,NGC2281,101.88487243652344,41.023658752441406,2.546917,16.991533,-0.0643034017596892,,,,,,,,,,,,False,False
945662536275705984,,,NGC2281,101.8135757446289,40.99256896972656,1.4084921,14.643081,0.0178560805613684,,,,,,,,,,,,False,False
945662570635442944,,,NGC2281,101.825439453125,41.0001220703125,0.93404293,13.164952,0.0769230995830429,,,,,,,,,,,,False,False
945663150454737152,,,NGC2281,101.89353942871094,41.05029296875,2.9207706,17.231504,0.0079185838955713,,,,,,,,,,,,False,False
945663184814503936,,,NGC2281,101.89935302734376,41.06308364868164,1.5606489,15.025289,-0.0219319302856189,,,,,,,,,,,,False,False
945663326549417728,,,NGC2281,101.85504150390624,41.07151412963867,1.4031305,14.681188,-0.0437391933904631,,,,,,,,,,,,False,False
945664799726064768,,,NGC2281,101.66326904296876,41.00940322875977,2.9144115000000004,17.944778,-0.1168648475460391,,,,,,,,,,,,False,False
945664937161072896,,,NGC2281,101.61651611328124,41.001731872558594,2.8398876,17.753672,-0.109135334554512,,,,,,,,,,,,False,False
945665113256948992,,,NGC2281,101.6570053100586,41.04495620727539,2.6405888,17.353127999999998,-0.1021062030173994,,,,,,,,,,,,False,False
945665383837753472,,,NGC2281,101.72604370117188,41.06364822387695,2.6923084,17.602057000000002,-0.1251951763908859,,,,,,,,,,,,False,False
945666242830675072,,,NGC2281,101.75609588623048,41.08838272094727,0.9070978,13.013205,0.1034288357572133,,,,,,,,,,,,False,False
945666247127188864,,,NGC2281,101.77033996582033,41.09407043457031,0.46178246,10.945829,0.1369003865907773,37.231384,10.082564,0.27080819772909864,,,,,,,,,True,False
945666522005081472,,,NGC2281,101.8305435180664,41.12334442138672,1.8435841,15.596607,-0.0158329073348159,,,,,,,,,,,,False,False
945667479781880704,,,NGC2281,101.76333618164062,41.13329315185547,2.0134335,15.95924,-0.0360464726403235,,,,,,,,,,,,False,False
945667823379315072,,,NGC2281,101.77102661132812,41.17356491088867,3.0569382000000003,17.895845,-0.0788119179515077,,,,,,,,,,,,False,False
945668991610127488,,,NGC2281,101.45484924316406,40.94078063964844,2.7052765,17.403017000000002,-0.091517946374647,,,,,,,,,,,,False,False
945669854899801472,,,NGC2281,101.44319152832033,40.984519958496094,2.547779,18.249342,-0.2196519994043294,,,,,,,,,,,,False,False
945670709597100032,,,NGC2281,101.5544891357422,40.985450744628906,2.7360344,17.386627,-0.0798225181610394,,,,,,,,,,,,False,False
945670748252971392,,,NGC2281,101.57282257080078,40.984336853027344,0.77288055,12.256437,0.1460862762534554,,,,,,,,,,,,False,False
945671126210088064,,,NGC2281,101.56155395507812,41.02458190917969,2.9307995,17.973587,-0.1168398433778399,,,,,,,,,,,,False,False
945673737550269696,,,NGC2281,101.2681655883789,40.99441909790039,2.7786865,17.586985000000002,-0.100566357502726,,,,,,,,,,,,False,False
945676035356740736,,,NGC2281,101.36109924316406,41.12666702270508,2.0876656,16.11243,-0.0425106693231572,,,,,,,,,,,,False,False
945676039652897664,,,NGC2281,101.36029815673828,41.12879180908203,2.6817093,17.025364,-0.0234055849739327,,,,,,,,,,,,False,False
945676172795715328,,,NGC2281,101.37876892089844,41.14527130126953,2.8732338,17.58496,-0.0755495741225997,,,,,,,,,,,,False,False
945677310962964224,,,NGC2281,101.65296936035156,41.07657623291016,2.5838604,18.33471,-0.2183678494057344,,,,,,,,,,,,False,False
945677448401914496,,,NGC2281,101.65867614746094,41.10025405883789,1.1519461000000002,13.996135999999998,-0.0164249104299509,,,,,,,,,,,,False,False
945677787704085120,,,NGC2281,101.63314819335938,41.12944793701172,2.5223026,18.04659,-0.2105862362326495,,,,,,,,,,,,False,False
945677860718795008,,,NGC2281,101.56062316894533,41.08019638061523,1.7630443999999998,14.994210999999998,0.4044677435697152,,,,,,,,,,,,False,False
945679677489101312,,,NGC2281,101.75912475585938,41.21114730834961,1.8205681,15.585554,-0.0341106699589852,,,,,,,,,,,,False,False
945679681784870016,,,NGC2281,101.76545715332033,41.22299575805664,0.4629612,10.907853,0.1532904547269078,223.52184,61.562756,0.2754216590199866,,,,,,,,,True,False
945679922303045248,,,NGC2281,101.73489379882812,41.21840286254883,2.2849255,16.635904,-0.0894837122467377,,,,,,,,,,,,False,False
945680712577028096,,,NGC2281,101.69004821777344,41.2609748840332,0.7659159000000001,12.2681265,0.1117657038047985,,,,,,,,,,,,False,False
945682082670819200,,,NGC2281,101.53500366210938,41.2325325012207,1.7257718999999998,15.000213,0.3233455348848875,,,,,,,,,,,,False,False
945683250901978368,,,NGC2281,101.5205535888672,41.28068923950195,2.2992363,16.687778,-0.0953389093757413,,,,,,,,,,,,False,False
945684316053908224,,,NGC2281,101.63562774658205,41.32387161254883,1.9619331,15.849709,-0.0301948117618644,,,,,,,,,,,,False,False
945686755596001664,,,NGC2281,100.86032104492188,40.7054443359375,2.6554203,17.812468,-0.1599436446041292,,,,,,,,,,,,False,False
945691054859445888,,,NGC2281,100.77249908447266,40.777828216552734,2.5734577,18.659454,-0.2378341555527937,,,,,,,,,,,,False,False
945695865221836800,,,NGC2281,101.02877807617188,40.92097854614258,1.3330841,14.419208,0.0825208626320927,,,,,,,,,,,,False,False
945695899582239104,,,NGC2281,101.0421371459961,40.94740676879883,0.6751318000000001,11.675973,0.1776738426018662,,,,,,,,,,,,False,False
945699472994340608,,,NGC2281,101.05857849121094,41.02089309692383,0.6369705,11.550325,0.1416006438545605,,,,,,,,,,,,False,False
945701633361804672,,,NGC2281,101.14405059814452,41.1049919128418,2.3997746,17.42837,-0.1824478380737167,,,,,,,,,,,,False,False
945705756531053696,,,NGC2281,100.81258392333984,40.9682502746582,2.6045837000000005,18.608738,-0.2303345817080929,,,,,,,,,,,,False,False
945714213322095616,,,NGC2281,100.96797943115234,41.14017105102539,1.7564526000000005,15.363312,0.0257357439776557,,,,,,,,,,,,False,False
945718710151978496,,,NGC2281,100.92522430419922,41.26750946044922,2.724823,18.135208,-0.176472797135718,,,,,,,,,,,,False,False
945720844751563776,,,NGC2281,101.25692749023438,41.05222702026367,1.9827404,15.869352,-0.0217762401857657,,,,,,,,,,,,False,False
945722047342402432,,,NGC2281,101.22333526611328,41.10903930664063,1.1965914,14.081199,0.0567860659051048,,,,,,,,,,,,False,False
945722631457930624,,,NGC2281,101.27545928955078,41.17143249511719,1.0192356,13.475060999999998,0.104422277414542,,,,,,,,,,,,False,False
945723142558095872,,,NGC2281,101.34674072265624,41.1685905456543,2.8415146,17.566257,-0.0808373416497073,,,,,,,,,,,,False,False
945728296519888000,,,NGC2281,101.2895736694336,41.32074737548828,2.4422092,17.223917,-0.1424425810715454,,,,,,,,,,,,False,False
945730323743587328,,,NGC2281,101.48253631591795,41.32307434082031,2.4200382,16.738628,-0.0551743217879851,,,,,,,,,,,,False,False
945731079657854080,,,NGC2281,101.39849853515624,41.3403205871582,2.276785,16.51137,-0.0609815286552644,,,,,,,,,,,,False,False
945731461910628480,,,NGC2281,101.40799713134766,41.350563049316406,0.9826107,13.318744,0.1153868773738681,,,,,,,,,,,,False,False
945732110450032256,,,NGC2281,101.49422454833984,41.37520599365234,2.9695225,17.952105,-0.1057609685675717,,,,,,,,,,,,False,False
945733244321441792,,,NGC2281,101.4678192138672,41.42493438720703,2.5320454,16.929922,-0.0560742430369443,,,,,,,,,,,,False,False
945733454775425280,,,NGC2281,101.49886322021484,41.43533706665039,0.7372761,11.852618,0.2998121518036506,59.821144,32.57986,0.5446211459948007,,,,,,,,,True,False
945733622278596224,,,NGC2281,101.5429229736328,41.47396087646485,2.5235653,17.338957,-0.1346390979072476,,,,,,,,,,,,False,False
945738363922293248,,,NGC2281,101.0885238647461,41.244407653808594,2.787962,17.634863,-0.1052473284391967,,,,,,,,,,,,False,False
945748847938127360,G16224879749784,427216245.0,NGC2281,101.23570251464844,41.540435791015625,0.8524294,12.644678,0.1696522060473028,,,,6088.57,22.67,4.406,0.032,0.056,0.021,-4.52173,,False,False
945752142177643392,,,NGC2281,101.18798828125,41.584808349609375,2.8406086,17.152248,0.0008443752839387,,,,,,,,,,,,False,False
945752176537387136,,,NGC2281,101.19696044921876,41.59927749633789,2.7029495,17.495205,-0.1069093720553576,,,,,,,,,,,,False,False
950575321731470080,,,NGC2281,103.3428955078125,40.14308166503906,2.5743942000000004,17.722101000000002,-0.1694683615033803,,,,,,,,,,,,False,False
950633767646519680,,,NGC2281,102.73424530029295,40.1921272277832,2.6083927000000005,17.337355,-0.1090906357206493,,,,,,,,,,,,False,False
950634248682911360,,,NGC2281,102.75749206542967,40.22768020629883,2.8492165000000003,17.638237,-0.0901594879069302,,,,,,,,,,,,False,False
950634424776994560,,,NGC2281,102.783203125,40.2684211730957,1.6364355,15.174581,-0.0109893649006471,,,,,,,,,,,,False,False
950636378985621760,,,NGC2281,102.8536148071289,40.31055068969727,2.3437786,18.26014,-0.2589165184913734,,,,,,,,,,,,False,False
950641532946423552,,,NGC2281,103.0461196899414,40.449066162109375,2.7225304,18.040699,-0.1683105914119153,,,,,,,,,,,,False,False
950659022053371904,,,NGC2281,103.56187438964844,40.63484573364258,2.483347,16.881973000000002,-0.0637866556387998,,,,,,,,,,,,False,False
950667371469806336,,,NGC2281,103.30742645263672,40.64926528930664,2.7841072,17.98732,-0.1499293819895939,,,,,,,,,,,,False,False
950669780947725184,,,NGC2281,103.07170104980467,40.60947799682617,1.7370911,15.315304,0.0338107956471584,,,,,,,,,,,,False,False
950670708660600064,,,NGC2281,103.0976104736328,40.69830322265625,1.6370564,15.134493,0.0221346932750608,,,,,,,,,,,,False,False
950673315704572800,,,NGC2281,103.34056091308594,40.69025039672852,1.3611155,14.594354999999998,-0.0655168646012132,,,,,,,,,,,,False,False
950675549087611648,,,NGC2281,103.45199584960938,40.7788314819336,2.5878124,16.63176,0.0503655757391267,,,,,,,,,,,,False,False
950681252804230144,,,NGC2281,103.34224700927734,40.94209289550781,2.5489197,18.6985,-0.2434872375186789,,,,,,,,,,,,False,False
950702006087220864,,,NGC2281,103.96308135986328,40.60485458374024,2.7830467,17.694426999999997,-0.1148759683811745,,,,,,,,,,,,False,False
950782236075138560,,,NGC2281,103.77320098876952,41.23404693603516,2.5727386,17.710464,-0.1686108240663362,,,,,,,,,,,,False,False
950785710705084160,,,NGC2281,103.73458099365234,41.287391662597656,1.0470667,13.644994,0.0220037659059213,,,,,,,,,,,,False,False
945262657641067136,,,NGC2281,101.55157470703124,39.75438690185547,2.399786,16.7675,-0.0708117990010665,,,,,,,,,,,,False,False
945329452972493056,,,NGC2281,101.17691040039062,39.97466659545898,2.0885143,16.276726,-0.0958674606630442,,,,,,,,,,,,False,False
945331892513874304,,,NGC2281,101.23104858398438,40.09045028686523,2.301674,16.548332000000002,-0.0589881926361642,,,,,,,,,,,,False,False
945345739488771200,,,NGC2281,102.24249267578124,39.86376190185547,3.0372887000000004,17.27901,0.0328513743918208,,,,,,,,,,,,False,False
945361781189841792,,,NGC2281,101.9617919921875,39.96220779418945,2.5732956,16.442228,0.1141426435005255,,,,,,,,,,,,False,False
945361987348295040,,,NGC2281,101.97899627685548,40.00056457519531,2.8687267000000003,17.799432999999997,-0.1084950735068632,,,,,,,,,,,,False,False
945372638867997312,,,NGC2281,102.36460876464844,40.05827713012695,2.91572,18.009094,-0.1243038297705723,,,,,,,,,,,,False,False
945374704748209792,,,NGC2281,102.16404724121094,40.03586196899414,2.900985700000001,18.542007,-0.1772062816901362,,,,,,,,,,,,False,False
945381022644211840,,,NGC2281,102.53337860107422,40.19625473022461,2.6905289,17.365171,-0.0894061133448436,,,,,,,,,,,,False,False
945381714134799488,,,NGC2281,102.60272216796876,40.28759765625,1.1265373,13.962898999999998,-0.0867241269413597,,,,,,,,,,,,False,False
945386863799188608,,,NGC2281,102.1135482788086,40.09383392333984,2.9338474,17.875029,-0.1036115862384691,,,,,,,,,,,,False,False
945395007056306176,,,NGC2281,102.10661315917967,40.35175323486328,2.7248363,17.503286,-0.1021686102205762,,,,,,,,,,,,False,False
945396793763554816,,,NGC2281,102.26627349853516,40.3425407409668,0.6935463000000001,11.935111,0.0392886989091909,,,,,,,,,,,,False,False
945397725770466432,,,NGC2281,102.41316986083984,40.39298248291016,2.3763847,17.070839000000003,-0.1401086264003076,,,,,,,,,,,,False,False
945397725772648960,,,NGC2281,102.41387176513672,40.39138412475586,2.1289062000000003,16.248247,-0.0630275786955385,,,,,,,,,,,,False,False
945399031442705792,,,NGC2281,102.36521911621094,40.44698715209961,1.8299799,15.536376,0.0037163660180959,,,,,,,,,,,,False,False
945399576902568576,,,NGC2281,102.3989486694336,40.49475860595703,2.6599522,17.124102,-0.0531432927115172,,,,,,,,,,,,False,False
945400504615477632,,,NGC2281,102.23394775390624,40.4183464050293,2.401537,17.330710999999997,-0.1699583729230073,,,,,,,,,,,,False,False
945402467416532480,,,NGC2281,102.36140441894533,40.5067024230957,2.0091448,15.962708,-0.040708032291154,,,,,,,,,,,,False,False
945402845373652480,,,NGC2281,102.35691833496094,40.53382110595703,1.4087505,14.669382,-0.0138236280274631,,,,,,,,,,,,False,False
945403154611307904,,,NGC2281,102.29693603515624,40.52477264404297,2.266138,16.759825,-0.1252790489456827,,,,,,,,,,,,False,False
945403631354745728,,,NGC2281,102.30775451660156,40.560340881347656,2.362255,16.752453,-0.0830855405322957,,,,,,,,,,,,False,False
945413217718140928,,,NGC2281,101.7377471923828,40.084232330322266,0.56814384,11.341438,0.1127746441255634,14.951196,16.52199,1.1050614278616908,,,,,,,,,True,False
945418960091083520,,,NGC2281,101.70830535888672,40.25414657592773,1.874526,15.616134,0.005501647415747,,,,,,,,,,,,False,False
945419063170296576,,,NGC2281,101.71617889404295,40.26319885253906,1.8398218,15.631644,-0.0382471088431486,,,,,,,,,,,,False,False
945419402470524160,,,NGC2281,101.68657684326172,40.29951858520508,2.5827808,17.584671,-0.1514298546392341,,,,,,,,,,,,False,False
945424423289524352,,,NGC2281,101.55465698242188,40.18591690063477,2.6188335,18.029175,-0.1889918515118593,,,,,,,,,,,,False,False
945433936639938944,,,NGC2281,101.67174530029295,40.42659378051758,2.337511,16.844639,-0.1132384029079597,,,,,,,,,,,,False,False
945432910144840064,,,NGC2281,101.7015609741211,40.388031005859375,0.24598312,10.212837,0.0443062435262916,,,,,,,,,,,,False,True
945433489965556608,,,NGC2281,101.70851135253906,40.40799331665039,2.7415123,17.457834,-0.0903201187237283,,,,,,,,,,,,False,False
945434658194480640,,,NGC2281,101.66331481933594,40.46910095214844,2.8492165000000003,18.190855,-0.156982766956146,,,,,,,,,,,,False,False
945436620996439296,,,NGC2281,101.52012634277344,40.46479797363281,2.549799,16.44015,0.1027064457304689,,,,,,,,,,,,False,False
945436655356176768,,,NGC2281,101.53247833251952,40.46897888183594,1.574605,14.460319,0.8936692117625288,,,,,,,,,,,,False,False
945436689715913600,,,NGC2281,101.54491424560548,40.47235107421875,0.78587055,12.405436,0.0958470652737285,,,,,,,,,,,,False,False
945437067673034624,,,NGC2281,101.59546661376952,40.43159866333008,2.3451786,16.62562,-0.0592440192417943,,,,,,,,,,,,False,False
945438957458630528,,,NGC2281,101.62096405029295,40.58077239990234,1.869915,15.741531,-0.062057634413504,,,,,,,,,,,,False,False
945439056241065856,,,NGC2281,101.56695556640624,40.56563949584961,2.9920444,18.007960999999998,-0.1079793388482898,,,,,,,,,,,,False,False
945441083465478016,,,NGC2281,101.9835968017578,40.37773132324219,2.7638264,17.59818,-0.1060987449045403,,,,,,,,,,,,False,False
945442251696626176,,,NGC2281,102.1094207763672,40.44020080566406,1.8539333,15.678917000000002,-0.0478176215207275,,,,,,,,,,,,False,False
945443080627341824,,,NGC2281,101.99714660644533,40.47252655029297,1.2514324,14.2370825,0.0443211571837836,,,,,,,,,,,,False,False
945443630383143936,,,NGC2281,102.04619598388672,40.50366973876953,2.3682594,16.637014,-0.0516865441410352,,,,,,,,,,,,False,False
945444107122307968,G16224920752972,137016160.0,NGC2281,101.86630249023438,40.399208068847656,0.85521793,12.675519,0.1592418298287422,,,,6020.63,42.36,4.388,0.063,0.005,0.042,-4.29283,,False,False
945444175841959936,,,NGC2281,101.86164855957033,40.41471481323242,2.4651012000000003,16.767789999999998,-0.0435066309037222,,,,,,,,,,,,False,False
945444794317246592,,,NGC2281,101.83399963378906,40.40836334228516,1.3063564,14.386323999999998,0.0313402037437517,,,,,,,,,,,,False,False
945446752822423936,,,NGC2281,101.97110748291016,40.52372741699219,2.8943424,18.05955,-0.1345047422643554,,,,,,,,,,,,False,False
945447238155695104,,,NGC2281,101.8854751586914,40.51531600952149,1.9028883,15.772481,-0.0462826493766971,,,,,,,,,,,,False,False
945447714895130880,,,NGC2281,101.97378540039062,40.56999206542969,2.5231228,17.216759,-0.1155204142118199,,,,,,,,,,,,False,False
945447989773057280,,,NGC2281,101.95012664794922,40.596282958984375,2.6956215,18.506338,-0.2094000357354589,,,,,,,,,,,,False,False
945448917485939712,,,NGC2281,102.1577377319336,40.52678680419922,2.6785831,17.304848,-0.0824059826740739,,,,,,,,,,,,False,False
945448956142574464,G16224968778151,137016056.0,NGC2281,102.14855194091795,40.52400588989258,0.8240843000000001,12.712625,0.0335024285779428,,,,6033.04,34.97,4.465,0.05,-0.026,0.034,-4.35536,,False,False
945449123645315072,,,NGC2281,102.17024230957033,40.55871963500977,2.7269173,17.32997,-0.0723776649626394,,,,,,,,,,,,False,False
945449368459442304,,,NGC2281,102.10002899169922,40.516597747802734,2.611065,17.472792000000002,-0.1289234692536362,,,,,,,,,,,,False,False
945450674129473664,,,NGC2281,102.21597290039062,40.59305191040039,0.22511578,8.790531,0.026977687197362,,,,,,,,,,,,False,True
945450811568422144,,,NGC2281,102.26346588134766,40.57512664794922,0.991312,13.399866,0.0721652255709002,,,,,,,,,,,,False,False
945452117238471168,,,NGC2281,102.2350082397461,40.66726684570313,1.4799242,14.825107,-0.0027961552530519,,,,,,,,,,,,False,False
945453178094789376,,,NGC2281,102.11839294433594,40.61999893188477,2.4086876,17.297915,-0.1634712526264708,,,,,,,,,,,,False,False
945453246813053696,,,NGC2281,102.09855651855467,40.63344955444336,2.1745281000000003,16.495860999999998,-0.108069216111892,,,,,,,,,,,,False,False
945454689922067712,,,NGC2281,102.13560485839844,40.63860702514648,2.4327278,17.098772,-0.1253868024202367,,,,,,,,,,,,False,False
945455274037264768,G16224936940101,137116070.0,NGC2281,102.16535949707033,40.69635772705078,0.90889835,13.020613,0.1040018541502221,,,,5876.46,52.33,4.563,0.078,0.067,0.053,-4.0372,0.13185,False,False
945455617635072000,,,NGC2281,102.17281341552734,40.72973251342773,0.6967087,11.972447,0.0250590844644918,,,,,,,,,,,,False,False
945457954097102464,,,NGC2281,101.73350524902344,40.48082733154297,2.9601173,17.520485,-0.041205601570461,,,,,,,,,,,,False,False
945458194615310208,,,NGC2281,101.7586669921875,40.53091049194336,2.263342,16.6046,-0.0918366382364159,,,,,,,,,,,,False,False
945461939826849792,,,NGC2281,101.75550842285156,40.61075592041016,2.2562733,16.318846,-0.011929920643219,,,,,,,,,,,,False,False
945463799549457408,,,NGC2281,101.75445556640624,40.67002487182617,1.4199677,14.729181,-0.0513579757141911,,,,,,,,,,,,False,False
945464413728086528,,,NGC2281,101.81521606445312,40.72651290893555,2.5379314,17.949593,-0.1995606543549484,,,,,,,,,,,,False,False
945464516807317376,,,NGC2281,101.82911682128906,40.7526741027832,2.4681396,16.87019,-0.0670378135830729,,,,,,,,,,,,False,False
945464826044938752,,,NGC2281,101.71015167236328,40.71127700805664,2.5887794,18.261248,-0.2126698728106963,,,,,,,,,,,,False,False
945464933420822912,,,NGC2281,101.7070083618164,40.7305908203125,2.1133766,16.23524,-0.0682493296528475,,,,,,,,,,,,False,False
945465139579247872,L16224963896135,137016064.0,NGC2281,101.7864227294922,40.74174499511719,0.79653835,12.338875,0.1774068821353207,,,,6260.91,35.9,4.372,0.048,-0.067,0.035,-4.36246,,False,False
945465242658462080,,,NGC2281,101.79578399658205,40.74985122680664,1.5263262,14.865495,0.0622375582617292,,,,,,,,,,,,False,False
945465277018199168,,,NGC2281,101.80931854248048,40.759037017822266,0.314888,8.841279,0.0880012211349066,,,,,,,,,,,,False,False
945467304242755072,,,NGC2281,101.95399475097656,40.73986434936523,1.4720631000000002,14.065853,1.4266437901445574,,,,,,,,,,,,False,False
945469224091500544,,,NGC2281,101.97462463378906,40.811180114746094,2.702448,18.514969,-0.2087792952293264,,,,,,,,,,,,False,False
945467334305854720,,,NGC2281,101.97271728515624,40.742652893066406,2.6158333,16.955444,-0.0306278657728124,,,,,,,,,,,,False,False
945467884061667456,,,NGC2281,102.05712890625,40.74393081665039,2.550024,17.528671,-0.1531045601666408,,,,,,,,,,,,False,False
945467952781148544,,,NGC2281,102.03827667236328,40.74808883666992,2.766348,17.87865,-0.1418854165583156,,,,,,,,,,,,False,False
945468025797248128,,,NGC2281,102.07855987548828,40.76946258544922,1.6798391,15.256381,-0.0051619892284244,,,,,,,,,,,,False,False
945468231955682560,G16224940068188,137116136.0,NGC2281,102.01741027832033,40.78264999389648,0.8166952,12.425715,0.1899138336207163,,,,6231.4,45.41,4.351,0.063,-0.005,0.045,-4.16033,,False,False
945468571256473728,,,NGC2281,102.1248779296875,40.81900024414063,2.5014038,17.144793,-0.110227516982868,,,,,,,,,,,,False,False
945469056589402624,G16224942839875,296116136.0,NGC2281,101.99577331542967,40.81305694580078,1.089139,13.700875,0.1398255699631364,,,,5397.08,50.0,4.63,0.078,0.13,0.049,-4.36909,,False,False
945469468906259328,,,NGC2281,101.99930572509766,40.84967041015625,1.12675,13.818454999999998,0.150285963744805,,,,,,,,,,,,False,False
945469675064682752,,,NGC2281,102.06497955322266,40.86702346801758,1.0626516,13.58019,0.1704518521335458,,,,,,,,,,,,False,False
945470495401814656,,,NGC2281,101.88182067871094,40.79533004760742,2.7950459,18.196466,-0.1680503319812568,,,,,,,,,,,,False,False
945470873358941056,,,NGC2281,101.8871841430664,40.80554962158203,1.9072313000000003,15.709838,-0.0121795048653381,,,,,,,,,,,,False,False
945470980734758528,,,NGC2281,101.8924331665039,40.82529830932617,1.5297651,14.898734,0.034578843659286,,,,,,,,,,,,False,False
945471216955864320,,,NGC2281,101.8094711303711,40.78763198852539,0.6513977,11.635468,0.1210573924547074,,,,,,,,,,,,False,False
945471564850314624,,,NGC2281,101.81970977783205,40.837684631347656,0.32506847,10.53005,0.0795390949319413,99.25745,18.10548,0.18240928010945273,,,,,,,,,True,True
945471564850315136,,,NGC2281,101.8192367553711,40.8315658569336,1.1302518999999998,13.882744,0.0654706178942015,,,,,,,,,,,,False,False
945471633569791744,,,NGC2281,101.81256866455078,40.8413314819336,2.4485874,16.130909,0.1890234129347103,,,,,,,,,,,,False,False
945471972870105728,,,NGC2281,101.83953094482422,40.858375549316406,0.6535101,11.564099,0.1857939587936161,24.682117,19.338297,0.7834942602370777,,,,,,,,,True,False
945472458203499392,,,NGC2281,101.96459197998048,40.86734390258789,1.5868416,15.018444,0.0342169750072379,,,,,,,,,,,,False,False
945472458203500160,,,NGC2281,101.95764923095705,40.86492538452149,0.94124603,13.088141,0.1622305517152591,,,,,,,,,,,,False,False
945472561282716032,,,NGC2281,101.94761657714844,40.86762237548828,1.7485075,15.385196,0.0005391210848713,,,,,,,,,,,,False,False
945472763144579456,,,NGC2281,101.94679260253906,40.90290069580078,2.8112411,17.899158,-0.1341790378633711,,,,,,,,,,,,False,False
945473072382225024,,,NGC2281,101.9710693359375,40.90389251708984,3.0034523,17.78813,-0.0751946535614111,,,,,,,,,,,,False,False
945473415979607296,,,NGC2281,101.89678955078124,40.89321899414063,2.7373352000000004,18.269701,-0.185269802830659,,,,,,,,,,,,False,False
945473557715127552,,,NGC2281,101.92082214355467,40.90891647338867,2.442173,16.76398,-0.0521637046430652,,,,,,,,,,,,False,False
945473626434606976,,,NGC2281,101.88829803466795,40.90353393554688,0.2956647999999999,10.474853,0.0558323281769126,30.62562,4.215938,0.13766049470998465,,,,,,,,,True,True
945473793936740352,,,NGC2281,101.92267608642578,40.94894409179688,2.7684631,18.225912,-0.1757552783767744,,,,,,,,,,,,False,False
945474206253097600,,,NGC2281,101.9395751953125,40.96147155761719,0.5791502,11.373419,0.1154838989441131,41.37185,19.64706,0.4748895686318112,,,,,,,,,True,False
945540559204597888,,,NGC2281,100.84049987792967,40.365821838378906,2.5370026,16.683086,0.0110745625859557,,,,,,,,,,,,False,False
945543234968929664,,,NGC2281,100.933837890625,40.48871612548828,3.170084,18.644802,-0.141427700356723,,,,,,,,,,,,False,False
951385558721246976,,,NGC2281,102.66954040527344,40.26393508911133,2.6708012,17.398352,-0.1006851010756309,,,,,,,,,,,,False,False
951386834329026944,,,NGC2281,102.60337829589844,40.31752014160156,1.6285696000000005,15.156932,-0.0100923069332707,,,,,,,,,,,,False,False
951390472163866880,,,NGC2281,102.61317443847656,40.40918731689453,2.002923,15.983651,-0.0536813472365788,,,,,,,,,,,,False,False
951390476461266688,,,NGC2281,102.61515045166016,40.41566848754883,2.5330944,16.995480999999998,-0.0701854028916845,,,,,,,,,,,,False,False
951397069233748608,,,NGC2281,102.9537124633789,40.60792922973633,2.7210007000000003,17.729122,-0.1346192055659192,,,,,,,,,,,,False,False
951397790788252544,,,NGC2281,102.8616714477539,40.60514450073242,2.6385822,17.447392999999998,-0.1175261702021388,,,,,,,,,,,,False,False
951398276121806848,,,NGC2281,102.9264907836914,40.67475509643555,1.6375284,15.197988,-0.0268830310659753,,,,,,,,,,,,False,False
951400853102196480,,,NGC2281,102.84596252441406,40.6491584777832,1.5108433,14.959761,-0.0634972708406072,,,,,,,,,,,,False,False
951403120844997760,,,NGC2281,102.48220825195312,40.4656867980957,2.2028465,16.180166,0.0069396327755509,,,,,,,,,,,,False,False
951403258283944064,,,NGC2281,102.50259399414062,40.49275588989258,2.127077,16.249235000000002,-0.0644477998411528,,,,,,,,,,,,False,False
951405693528075136,,,NGC2281,102.54808807373048,40.5953483581543,2.2675400000000003,16.655434,-0.1020008380212856,,,,,,,,,,,,False,False
951406621241030144,,,NGC2281,102.50711059570312,40.62080001831055,2.6302376,18.315117,-0.2085678190351645,,,,,,,,,,,,False,False
951407656330454656,,,NGC2281,102.42196655273438,40.58067321777344,2.011013,15.694744,0.0948291872654783,,,,,,,,,,,,False,False
951410606970788736,,,NGC2281,102.53646850585938,40.735050201416016,2.676382,17.873081,-0.1616011438866997,,,,,,,,,,,,False,False
951409271238149632,G16225426094556,90602081.0,NGC2281,102.39729309082033,40.67045974731445,0.9466438,13.29256,0.0107125229767118,,,,5623.41,56.63,4.466,0.088,-0.006,0.059,-4.34872,,False,False
951410297733110912,,,NGC2281,102.55109405517578,40.70388412475586,2.6569824,18.113596,-0.1882619762407696,,,,,,,,,,,,False,False
951410435172059776,,,NGC2281,102.50051879882812,40.69677734375,2.825224,17.211868,-0.0179822612112126,,,,,,,,,,,,False,False
951408206086288000,,,NGC2281,102.4570083618164,40.6406364440918,2.2373257,16.630272,-0.1099571696779515,,,,,,,,,,,,False,False
951410645627661440,,,NGC2281,102.5110092163086,40.74616241455078,1.8946991,15.68227,-0.010003314279778,,,,,,,,,,,,False,False
951411603403226496,,,NGC2281,102.44962310791016,40.75826644897461,2.5512028,18.15411,-0.2125463543794287,,,,,,,,,,,,False,False
951412565475849088,,,NGC2281,102.70667266845705,40.71144104003906,2.5982952,18.290878,-0.2128673426504393,,,,,,,,,,,,False,False
951413050809337088,,,NGC2281,102.62629699707033,40.7032356262207,1.9544144,15.049535999999998,0.6862538003350717,,,,,,,,,,,,False,False
951413802426152448,G16225422225670,224311002.0,NGC2281,102.62677764892578,40.77423477172852,0.9082546,13.021952,0.1008611670526985,,,,5859.49,35.65,4.574,0.049,0.125,0.034,-4.34748,,False,False
951416654284803456,,,NGC2281,102.58736419677734,40.79362869262695,2.6697083,18.333488,-0.2025765787469419,,,,,,,,,,,,False,False
951417895532548608,,,NGC2281,102.5764617919922,40.83367919921875,1.1921825,14.055205,0.0805097801277372,,,,,,,,,,,,False,False
951418307849289088,,,NGC2281,102.58309936523438,40.8978157043457,1.9260302,15.836492000000002,-0.0544968069935415,,,,,,,,,,,,False,False
951420158978295424,,,NGC2281,102.65628051757812,40.95674133300781,2.0578938,16.156422,-0.0774190310270579,,,,,,,,,,,,False,False
951421400225704064,,,NGC2281,103.0774917602539,40.727386474609375,1.9693565,16.033922,-0.0964544728980141,,,,,,,,,,,,False,False
951429058150531456,,,NGC2281,103.02719116210938,40.96287536621094,2.5076466,17.980818,-0.2086449116047401,,,,,,,,,,,,False,False
951434864946424064,,,NGC2281,103.1325454711914,41.05543518066406,2.7830582,17.806585000000002,-0.1294744608380022,,,,,,,,,,,,False,False
951436308054769792,,,NGC2281,103.1760482788086,41.0692253112793,0.90785694,13.0744095,0.0598999845060046,,,,,,,,,,,,False,False
951437407567124992,,,NGC2281,103.12352752685548,41.11446380615234,2.8703823,18.116486,-0.1454527096972009,,,,,,,,,,,,False,False
951441599455078912,,,NGC2281,102.87435150146484,40.994441986083984,2.5041313,18.356937,-0.2341972986217363,,,,,,,,,,,,False,False
951442771982974592,,,NGC2281,102.77982330322266,40.97069549560547,1.8833141,15.649963,-0.004128389715324,,,,,,,,,,,,False,False
951443523600466176,,,NGC2281,102.76153564453124,41.02656555175781,2.5737343,18.016586,-0.19743504311175,,,,,,,,,,,,False,False
951443630976427520,G16225558313315,90502180.0,NGC2281,102.7775650024414,41.03886795043945,0.8653002000000001,12.788772,0.1195464517881038,,,,5943.5,21.84,4.428,0.03,0.01,0.02,-4.32875,,False,False
951444107715381632,,,NGC2281,102.7021713256836,41.01884841918945,0.7136574,12.05014,0.0441999168241266,,,,,,,,,,,,False,False
951444794910777728,,,NGC2281,102.82805633544922,41.02008438110352,2.295313,16.481197,-0.0429814448753317,,,,,,,,,,,,False,False
951445207227702528,,,NGC2281,102.83919525146484,41.07880783081055,2.641302,17.299309,-0.0927706042245067,,,,,,,,,,,,False,False
951445310306941952,,,NGC2281,102.82757568359376,41.102935791015625,2.8792057,17.84949,-0.1126819596622252,,,,,,,,,,,,False,False
951448333963933696,,,NGC2281,102.99050903320312,41.11922836303711,2.2195854,16.705811999999998,-0.1342299837761585,,,,,,,,,,,,False,False
951449540851388928,,,NGC2281,103.06265258789062,41.154441833496094,0.93774605,13.248063,0.0192467608678759,,,,,,,,,,,,False,False
951457306152396544,,,NGC2281,102.26909637451172,40.73342895507813,1.3738985,14.58583,-0.0146592813624136,,,,,,,,,,,,False,False
951457679812398976,,,NGC2281,102.32843017578124,40.77405548095703,2.3918877,18.437243,-0.2581320047143697,,,,,,,,,,,,False,False
951457782891615232,,,NGC2281,102.2751693725586,40.77344512939453,2.4898453,17.257984,-0.1326634429511714,,,,,,,,,,,,False,False
951457787188730240,G16225419788754,90602098.0,NGC2281,102.27180480957033,40.75625991821289,0.80528164,12.54783,0.0738405721111414,,,,6110.23,27.24,4.347,0.038,-0.055,0.024,-4.28763,0.16744,False,False
951458817980858112,,,NGC2281,102.40831756591795,40.81003189086914,2.4663715,16.877182,-0.069321606069385,,,,,,,,,,,,False,False
951458989779539072,,,NGC2281,102.45354461669922,40.8446159362793,2.0303097,16.01281,-0.0448931882145587,,,,,,,,,,,,False,False
951459711334054528,,,NGC2281,102.38270568847656,40.83971786499024,2.119154,16.193005,-0.0506565243182422,,,,,,,,,,,,False,False
951460806548608384,,,NGC2281,102.24689483642578,40.78872299194336,2.4443912999999995,17.104847,-0.1224514822887649,,,,,,,,,,,,False,False
951461012707046272,,,NGC2281,102.23875427246094,40.79475021362305,2.5695953,17.150167,-0.0885528634029484,,,,,,,,,,,,False,False
951462352736252288,,,NGC2281,102.22415924072266,40.90449523925781,2.6814423,16.598614,0.1056310571719021,,,,,,,,,,,,False,False
951462352736252672,,,NGC2281,102.21621704101562,40.909217834472656,2.3217812,16.88395,-0.127139841510222,,,,,,,,,,,,False,False
951462597551931520,G16225414790884,45307098.0,NGC2281,102.319091796875,40.86738967895508,0.8094901999999999,12.552481,0.0850234137508322,,,,6099.67,36.69,4.387,0.052,0.02,0.035,-4.34462,,False,False
951463353466163840,,,NGC2281,102.35089874267578,40.92929458618164,1.0652151,13.700934,0.028076577846346,,,,,,,,,,,,False,False
951463387825899008,,,NGC2281,102.3631362915039,40.948768615722656,1.6423874,15.177956,-0.0040239243983931,,,,,,,,,,,,False,False
951463903221990784,,,NGC2281,102.25264739990234,40.92638778686523,1.7672577,15.425425,-0.0018129614842121,,,,,,,,,,,,False,False
951464521697267968,,,NGC2281,102.29754638671876,40.98983383178711,1.2807921999999998,14.295935,0.0729552053405503,,,,,,,,,,,,False,False
951465032796028928,,,NGC2281,102.48575592041016,40.89364242553711,0.6697854999999999,11.882971,-0.0245806517516738,,,,,,,,,,,,False,False
951465655568612736,,,NGC2281,102.5216064453125,40.95747756958008,2.8325138,17.110176,0.0084118860411119,,,,,,,,,,,,False,False
951466308403648896,,,NGC2281,102.4728546142578,40.93339538574219,1.8261404,15.591954,-0.0316419145692804,,,,,,,,,,,,False,False
951467167397095168,,,NGC2281,102.54972839355467,40.971946716308594,1.0436211,13.402026,0.2663044162399481,,,,,,,,,,,,False,False
951467369258859520,,,NGC2281,102.6254425048828,40.99324417114258,2.7018452,17.444042,-0.0992105278068233,,,,,,,,,,,,False,False
951467854591849856,,,NGC2281,102.60570526123048,41.04977035522461,1.1628542,14.0377245,-0.033326173446563,,,,,,,,,,,,False,False
951468163829512192,,,NGC2281,102.49683380126952,40.99747085571289,0.11518669,8.705606,-0.0456314900030028,,,,,,,,,,,,False,False
951468503130280704,,,NGC2281,102.55325317382812,41.041934967041016,2.905138,17.99946,-0.1254272174877152,,,,,,,,,,,,False,False
951468679225569152,,,NGC2281,102.59363555908205,41.0771713256836,2.3967285,16.82358,-0.0849780839078453,,,,,,,,,,,,False,False
951468949806950528,,,NGC2281,102.5721435546875,41.10812377929688,2.8548164000000003,17.557775,-0.0759322825197982,,,,,,,,,,,,False,False
951469332060635776,,,NGC2281,102.3551254272461,40.96198272705078,1.5151529,14.851602,0.0517278190089918,,,,,,,,,,,,False,False
951469469499581696,,,NGC2281,102.38468170166016,40.99494552612305,2.114214,16.259134,-0.0752965805810001,,,,,,,,,,,,False,False
951470259773561344,,,NGC2281,102.39093017578124,41.0153694152832,1.3357382,14.486802,-0.0083803101379399,,,,,,,,,,,,False,False
951470637730681856,,,NGC2281,102.39950561523438,41.02234649658203,1.8455963,15.5786495,-0.00372202709273,,,,,,,,,,,,False,False
951470770873032448,,,NGC2281,102.40773010253906,41.05467224121094,2.9783897,18.005533,-0.1105766444330013,,,,,,,,,,,,False,False
951471080110709760,,,NGC2281,102.39979553222656,41.08586883544922,1.7817439999999998,15.5743065,-0.0696119908179466,,,,,,,,,,,,False,False
951471084407275008,,,NGC2281,102.40352630615234,41.0766487121582,2.5948372,17.08265,-0.0666613244853288,,,,,,,,,,,,False,False
951471561147030144,,,NGC2281,102.45530700683594,41.07090377807617,2.8655415,17.610416,-0.0816475469562018,,,,,,,,,,,,False,False
951471595506764288,,,NGC2281,102.48291015625,41.06688690185547,2.772726,17.659374,-0.1125978192170669,,,,,,,,,,,,False,False
951471702882553600,,,NGC2281,102.48101043701172,41.09548568725586,1.0946207,13.557588,0.3300935568107522,,,,,,,,,,,,False,False
951472729378195968,,,NGC2281,102.44768524169922,41.12721633911133,1.4693346,14.854592000000002,-0.0575390005449258,,,,,,,,,,,,False,False
951473313493803904,,,NGC2281,102.47027587890624,41.181148529052734,2.3403282,16.770296,-0.0963552851124753,,,,,,,,,,,,False,False
951473554010942208,,,NGC2281,102.16712188720705,40.86341857910156,0.712821,11.942215,0.1193984947501732,,,,,,,,,,,,False,False
951473931968237440,,,NGC2281,102.17530059814452,40.87943649291992,2.9208336,18.373184,-0.1601210223018602,,,,,,,,,,,,False,False
951475031479713664,,,NGC2281,102.1268081665039,40.92422103881836,1.6931095,14.538773,1.1102460189289012,,,,,,,,,,,,False,False
951475271997896064,,,NGC2281,102.14689636230467,40.97071075439453,2.8181248,17.015697,0.0279037628290782,,,,,,,,,,,,False,False
951475448094088832,,,NGC2281,102.13533020019533,40.98085784912109,1.3167973,13.66244,1.2275603012753176,,,,,,,,,,,,False,False
951474413004426496,,,NGC2281,102.16639709472656,40.93701934814453,2.508669,17.033672,-0.0868565298369455,,,,,,,,,,,,False,False
951475856113443200,,,NGC2281,102.1956787109375,40.951416015625,1.7554016,15.483873,-0.0510060176586965,,,,,,,,,,,,False,False
951475860410947456,,,NGC2281,102.1909637451172,40.94578552246094,0.33345318,10.449978,0.1051769947433673,170.07564,22.240492,0.1307682393551481,,,,,,,,,True,True
951476371510354944,,,NGC2281,102.27867126464844,41.02630233764648,2.573265,17.13631,-0.0846952628956404,,,,,,,,,,,,False,False
951476410166748544,,,NGC2281,102.23775482177734,41.00696182250977,0.8693103999999999,12.782172,0.1369368405384123,,,,,,,,,,,,False,False
951476410166749696,,,NGC2281,102.2400360107422,40.99405670166016,0.8478403,12.635664,0.1602241506370954,,,,,,,,,,,,False,False
951476547605917568,G16224926980570,45307147.0,NGC2281,102.25421905517578,41.0224609375,1.1201944,13.389346,0.5619017826087012,,,,5646.5,31.17,4.572,0.049,0.003,0.032,-3.97688,0.10592,False,False
951477230503004416,,,NGC2281,102.21517944335938,41.036224365234375,2.7624588,17.910563,-0.146346660845846,,,,,,,,,,,,False,False
951477333582224128,,,NGC2281,102.22406005859376,41.05016708374024,2.389904,16.967057999999998,-0.116981103653507,,,,,,,,,,,,False,False
951477372239416064,,,NGC2281,102.24332427978516,41.05436706542969,2.929493,18.495724,-0.1688125786864227,,,,,,,,,,,,False,False
951477578397851904,,,NGC2281,102.184326171875,41.07170867919922,2.4556675,17.138275,-0.1243503878468565,,,,,,,,,,,,False,False
951477784556311168,,,NGC2281,102.03189849853516,40.92999267578125,2.661316,17.784615,-0.1554896462391335,,,,,,,,,,,,False,False
951477990714735488,,,NGC2281,102.0504150390625,40.97482681274414,1.8097019,15.46686,0.0232089106872658,,,,,,,,,,,,False,False
951478192575664384,,,NGC2281,102.04327392578124,40.98126220703125,2.7467194,17.440351,-0.0859587326600631,,,,,,,,,,,,False,False
951478196873165312,,,NGC2281,102.0418930053711,40.986087799072266,0.53990746,10.50986,0.3426997317621335,,,,,,,,,,,,False,False
951478261295139968,,,NGC2281,102.0257568359375,40.98832702636719,1.6723232,15.297195,-0.0442538129531892,,,,,,,,,,,,False,False
951478330014615680,,,NGC2281,102.08425903320312,40.987525939941406,2.7775326,18.51513,-0.1960762628191259,,,,,,,,,,,,False,False
951478536173055744,,,NGC2281,102.09571838378906,41.01431274414063,2.1433191000000003,15.458264000000002,0.4286875395933411,,,,,,,,,,,,False,False
951478540470543744,,,NGC2281,102.09506225585938,41.00418472290039,0.5668335,11.36003,0.0954767366734624,25.701157,11.564142,0.44994635844604197,,,,,,,,,True,False
951478811050907136,,,NGC2281,102.08050537109376,41.04113006591797,0.7499113000000001,12.056759,0.1947625215542872,,,,,,,,,,,,False,False
951478849708390528,,,NGC2281,102.08158111572266,41.05028533935547,1.7696381,15.371796,0.0371193043071704,,,,,,,,,,,,False,False
951478948489863552,,,NGC2281,101.98607635498048,40.97922134399414,0.73004055,12.041951,0.1203197071877421,,,,,,,,,,,,False,False
951479193305581312,,,NGC2281,101.98737335205078,41.00500869750977,1.6213131,14.962515,0.1597561109785281,,,,,,,,,,,,False,False
951479257727568640,,,NGC2281,101.97572326660156,41.03153991699219,2.8919353,17.288511,-0.0140393331464142,,,,,,,,,,,,False,False
951479433823743744,,,NGC2281,102.04273223876952,41.01959991455078,1.2231264,13.4283905,0.9288643126195496,,,,,,,,,,,,False,False
951479532605479808,,,NGC2281,102.03894805908205,41.04618453979492,2.751402,17.913069,-0.1490775752348258,,,,,,,,,,,,False,False
951479605620200960,,,NGC2281,102.07159423828124,41.07017135620117,2.6828938,17.733355,-0.1443827495596858,,,,,,,,,,,,False,False
951479639982168960,,,NGC2281,102.0534210205078,41.07334899902344,2.9165268,17.609135000000002,-0.0682835214078044,,,,,,,,,,,,False,False
951479670044364928,,,NGC2281,102.07352447509766,41.07566452026367,0.88694286,12.481966,0.3917131618716204,,,,,,,,,,,,False,False
951479910564122368,,,NGC2281,102.0294189453125,41.07910537719727,2.0392323,16.919512,-0.2413461222852592,,,,,,,,,,,,False,False
951480219800254848,,,NGC2281,102.1553726196289,41.072532653808594,2.1028805,16.173573,-0.054289563754309,,,,,,,,,,,,False,False
951480224097710976,,,NGC2281,102.14828491210938,41.067481994628906,1.1869669,14.066663,0.0351651758123504,,,,,,,,,,,,False,False
951480288519726976,,,NGC2281,102.11609649658205,41.05378723144531,2.1326141,16.291697,-0.0744742302317958,,,,,,,,,,,,False,False
951480494678172032,,,NGC2281,102.13103485107422,41.10041046142578,2.6423054,16.956442000000003,-0.0210144826983004,,,,,,,,,,,,False,False
951480567695088000,,,NGC2281,102.18275451660156,41.08629608154297,0.4837532,11.056379,0.1224371763233638,130.0749,49.959286,0.3840809103062927,,,,,,,,,True,False
951480700836607616,,,NGC2281,102.20925903320312,41.11824417114258,2.5242386000000003,18.450764000000003,-0.2356821536331149,,,,,,,,,,,,False,False
951480872635206272,,,NGC2281,102.13363647460938,41.1085319519043,0.29745388,10.42913,0.0667446703201345,156.63121,13.744675,0.08775182800413787,,,,,,,,,True,True
951480941354780032,,,NGC2281,102.16981506347656,41.12440490722656,0.542984,11.143848,0.1835053235618616,180.79128,50.95413,0.28183953341112467,,,,,,,,,True,False
951480945652207744,,,NGC2281,102.16737365722656,41.12236785888672,0.36037827,10.610612,0.1043940076054853,171.4576,46.905933,0.2735716177060684,,,,,,,,,True,True
951481010074259840,,,NGC2281,102.1622543334961,41.138668060302734,2.6641102,17.508986,-0.1195643779349769,,,,,,,,,,,,False,False
951481048731419776,,,NGC2281,102.16773986816406,41.1466178894043,1.0971718,13.513798,0.3804559485197744,,,,,,,,,,,,False,False
951481048731420032,,,NGC2281,102.16757202148438,41.14585113525391,1.5407848,15.054377,-0.0828789672693922,,,,,,,,,,,,False,False
951480425958608256,,,NGC2281,102.14771270751952,41.090633392333984,0.21685219,10.165019,0.0204504854805783,79.093285,13.65665,0.172665100457011,,,,,,,,,True,True
951481151810654464,,,NGC2281,102.07231903076172,41.08296203613281,0.1727457,9.334555,0.0341875074466636,,,,,,,,,,,,False,True
951481254889861504,,,NGC2281,102.11255645751952,41.10811996459961,1.7375975,15.3940935,-0.0192288507377382,,,,,,,,,,,,False,False
951481388031433856,,,NGC2281,102.0658187866211,41.11025619506836,2.7979392999999995,17.72537,-0.1154286259068748,,,,,,,,,,,,False,False
951481426686329728,,,NGC2281,102.05413818359376,41.10977554321289,2.3392105,16.63981,-0.0656770012436046,,,,,,,,,,,,False,False
951481529767767424,,,NGC2281,102.09376525878906,41.13435745239258,1.283452,13.429334,1.1589453105759615,,,,,,,,,,,,False,False
951481976444360704,,,NGC2281,102.0990219116211,41.17105865478516,1.3041258,14.364567999999998,0.0567727923978103,,,,,,,,,,,,False,False
951482109585899648,,,NGC2281,102.1278305053711,41.18664169311523,1.6135998,15.051098,0.0541631090945041,,,,,,,,,,,,False,False
951482315745121792,,,NGC2281,102.32637786865234,41.05051040649414,2.7378159,16.785234,0.0650984979279812,,,,,,,,,,,,False,False
951482423120942848,,,NGC2281,102.33057403564452,41.08242416381836,1.1700258,14.050054,-0.0191329828124447,,,,,,,,,,,,False,False
951482594919636864,,,NGC2281,102.31355285644533,41.074806213378906,1.159729,13.991205,0.0306732189102297,,,,,,,,,,,,False,False
951481765988505984,,,NGC2281,102.1572494506836,41.14632797241211,2.6508865000000004,17.299297,-0.0898476538162095,,,,,,,,,,,,False,False
951481804645662336,,,NGC2281,102.16839599609376,41.16266632080078,1.4639015,14.758072,0.0316681385952809,,,,,,,,,,,,False,False
951482968580230272,,,NGC2281,102.37572479248048,41.12678527832031,3.0908108,17.894312,-0.0710060273431388,,,,,,,,,,,,False,False
951483213394919808,,,NGC2281,102.3380355834961,41.13296127319336,1.8039436,15.541216,-0.0279029347668749,,,,,,,,,,,,False,False
951483591352053120,,,NGC2281,102.25448608398438,41.113189697265625,2.4898376,18.219465,-0.2288495900716116,,,,,,,,,,,,False,False
951483625711795456,,,NGC2281,102.22748565673828,41.10605239868164,1.4343805,14.682363,0.0432248108855315,,,,,,,,,,,,False,False
951484205529936128,,,NGC2281,102.28223419189452,41.17850112915039,2.3011246,16.694755999999998,-0.0961186467144939,,,,,,,,,,,,False,False
951484514768487168,,,NGC2281,102.41851806640624,41.15493392944336,2.422655,18.067282,-0.2326883691543139,,,,,,,,,,,,False,False
951485034461035392,,,NGC2281,102.4352798461914,41.19865036010742,1.319788,14.3934145,0.0723821791636773,,,,,,,,,,,,False,False
951485717359397504,,,NGC2281,102.3751220703125,41.22323989868164,2.7826824,17.892864000000003,-0.1398397026770975,,,,,,,,,,,,False,False
951486237051875072,,,NGC2281,102.40762329101562,41.265533447265625,1.5341511,14.926434,0.0160838644769806,,,,,,,,,,,,False,False
951486301474980608,,,NGC2281,102.36608123779295,41.25445556640625,2.7818813,18.336626000000003,-0.1822902510113246,,,,,,,,,,,,False,False
951487160467438208,,,NGC2281,102.27957916259766,41.18610382080078,2.4554577,17.023872,-0.1039031539213221,,,,,,,,,,,,False,False
951487263546658048,,,NGC2281,102.28327941894533,41.20138168334961,2.4111862,17.279663,-0.160217778215297,,,,,,,,,,,,False,False
951487297906399488,,,NGC2281,102.29622650146484,41.21523284912109,2.5373936,17.390131,-0.1380149398059005,,,,,,,,,,,,False,False
951487469705090304,,,NGC2281,102.22293090820312,41.20783996582031,2.3451061,16.709238,-0.0802756615650049,,,,,,,,,,,,False,False
951487748880396416,,,NGC2281,102.17021942138672,41.190696716308594,2.5295792,17.46409,-0.1503754347333773,,,,,,,,,,,,False,False
951488088180261248,,,NGC2281,102.17623901367188,41.22060775756836,0.7508898,12.1615095,0.1244081803905843,,,,,,,,,,,,False,False
951488298636109184,,,NGC2281,102.20586395263672,41.24362564086914,1.2807788999999998,14.248875,0.1534921880630053,,,,,,,,,,,,False,False
951489565650181760,,,NGC2281,102.37273406982422,41.31929397583008,2.4094677000000004,17.107347,-0.1347595560019879,,,,,,,,,,,,False,False
951489771808629632,,,NGC2281,102.36346435546876,41.34040069580078,1.9705601,15.84186,-0.0194413747541464,,,,,,,,,,,,False,False
951491661594012160,,,NGC2281,102.72284698486328,41.11064529418945,2.057354,16.110027,-0.061968149614382,,,,,,,,,,,,False,False
951490841256744448,,,NGC2281,102.3036117553711,41.38420104980469,1.9092026,15.847677,-0.0732875843654929,,,,,,,,,,,,False,False
951495308022771200,,,NGC2281,102.73381042480467,41.27692794799805,2.0845375,16.2012,-0.0750820842783287,,,,,,,,,,,,False,False
951495411102015232,,,NGC2281,102.57817840576172,41.13404846191406,1.5313072,14.956306,-0.0183905717231641,,,,,,,,,,,,False,False
951498774060049536,,,NGC2281,102.60740661621094,41.305931091308594,2.3894691000000003,17.057577,-0.1333230268929701,,,,,,,,,,,,False,False
951498980218489984,,,NGC2281,102.60430908203124,41.31806945800781,2.8836593999999995,18.336056,-0.1636359283465484,,,,,,,,,,,,False,False
951501217898075648,,,NGC2281,102.76148986816406,41.30767822265625,2.578001,18.399067,-0.2233445736548982,,,,,,,,,,,,False,False
951501591558640640,,,NGC2281,102.8676300048828,41.36708450317383,2.3528748,16.28872,0.0552191652948226,,,,,,,,,,,,False,False
951503584423527680,,,NGC2281,102.87224578857422,41.45613479614258,2.1804829,16.450048000000002,-0.0932528361393236,,,,,,,,,,,,False,False
951504653871598080,,,NGC2281,102.7383041381836,41.38556671142578,0.8969630999999999,12.939292,0.1224849694737666,,,,,,,,,,,,False,False
951505478505615488,,,NGC2281,102.71713256835938,41.40737915039063,0.94000435,13.165213,0.0971692369700201,,,,,,,,,,,,False,False
951507260915564416,,,NGC2281,102.84523010253906,41.50735092163086,2.4134026,18.220827,-0.2436402086695319,,,,,,,,,,,,False,False
951508188628528640,,,NGC2281,102.87311553955078,41.560691833496094,2.228468,16.546972,-0.0941663259740012,,,,,,,,,,,,False,False
951508910181974144,,,NGC2281,102.44951629638672,41.26255798339844,0.6575346,11.138759,0.3995276678232465,,,,,,,,,,,,False,False
951509219420512128,,,NGC2281,102.53023529052734,41.302921295166016,2.8278084,18.378096,-0.1772486325132681,,,,,,,,,,,,False,False
951509666097078528,,,NGC2281,102.43637084960938,41.26555633544922,2.5851707000000004,17.271504999999998,-0.1052365264753075,,,,,,,,,,,,False,False
951509670393438336,,,NGC2281,102.43709564208984,41.27331161499024,1.9009972,15.78178,-0.0521578685070949,,,,,,,,,,,,False,False
951510353291921280,,,NGC2281,102.50627899169922,41.3546257019043,2.7805328,18.23143,-0.1739118028508021,,,,,,,,,,,,False,False
951511727681500032,,,NGC2281,102.6144790649414,41.41790390014648,2.4800339,17.214334,-0.1288888833814735,,,,,,,,,,,,False,False
951513308229430912,,,NGC2281,102.3617172241211,41.36847305297852,2.717661,17.802862,-0.144324308410919,,,,,,,,,,,,False,False
951514751337494272,G16225341735445,45406216.0,NGC2281,102.41629791259766,41.45085906982422,0.7732372,12.265114,0.1415134965028966,,,,6283.1,45.99,4.339,0.071,0.069,0.046,-4.34998,0.13084,False,False
951516366246229376,,,NGC2281,102.4316177368164,41.49450302124024,2.6926117,18.381516,-0.2017558628282361,,,,,,,,,,,,False,False
951517465756834944,,,NGC2281,102.65582275390624,41.44729995727539,0.5011797,11.087262,0.1369028450016982,18.587175,10.310148,0.5546915009946375,,,,,,,,,True,False
951520867372009600,,,NGC2281,102.71026611328124,41.60908508300781,2.8794937000000003,18.24355,-0.1560955487960096,,,,,,,,,,,,False,False
951523409991567872,,,NGC2281,102.57132720947266,41.62439727783203,0.59884644,11.451399,0.1061256073906588,31.808977,14.643502,0.4603575273734833,,,,,,,,,True,False
951526433649256320,,,NGC2281,103.33333587646484,41.05678176879883,2.7754060000000003,17.480387,-0.0846221201634881,,,,,,,,,,,,False,False
951531450171094528,,,NGC2281,103.2864761352539,41.21482467651367,2.7101097000000003,17.960417,-0.1631059649029712,,,,,,,,,,,,False,False
951534061511684096,,,NGC2281,103.33013916015624,41.30374526977539,2.6404724,17.801203,-0.1622175259942169,,,,,,,,,,,,False,False
951545919917037440,,,NGC2281,103.18408203125,41.39942932128906,1.4860048,14.846072,-0.0102826141271109,,,,,,,,,,,,False,False
951548290738993664,,,NGC2281,103.1242446899414,41.35192108154297,1.4413614,14.756993,-0.025494957377641,,,,,,,,,,,,False,False
951569898717566080,,,NGC2281,103.70133209228516,41.75141525268555,2.733448,16.997882999999998,0.0020308163223207,,,,,,,,,,,,False,False
951574953895867520,,,NGC2281,103.7961196899414,41.76568984985352,2.3720493,16.677843,-0.0606575060971968,,,,,,,,,,,,False,False
951580932490377344,,,NGC2281,103.50341033935548,41.75765609741211,1.6724949,15.176691,0.0453536441585936,,,,,,,,,,,,False,False
951602952786845312,,,NGC2281,102.8937759399414,41.66740798950195,2.797636,17.412388,-0.0666266457151972,,,,,,,,,,,,False,False
951614325860242304,,,NGC2281,102.85020446777344,41.65864562988281,1.7044163,15.329639000000002,-0.021177258765681,,,,,,,,,,,,False,False
951615081774509056,,,NGC2281,102.87338256835938,41.721458435058594,2.2473068,16.532259,-0.0811986006438529,,,,,,,,,,,,False,False
951614085340868736,G16223495368836,90603077.0,NGC2281,103.05815887451172,42.00289535522461,0.8475560999999999,12.806733,0.0498776707636466,,,,6004.43,33.67,4.457,0.048,0.112,0.029,-4.41807,,False,False
951623126249007232,,,NGC2281,102.98210906982422,41.85809326171875,0.42243767,10.72063,0.15547725949239,211.02464,32.66924,0.15481244275550002,,,,,,,,,True,True
951638137158312320,,,NGC2281,103.09138488769533,42.06218338012695,2.8222294,17.050339,0.0201369876009053,,,,,,,,,,,,False,False
951656038582166784,,,NGC2281,102.93222045898438,42.25083541870117,2.6603794,16.818838,0.0230221994748428,,,,,,,,,,,,False,False
951667033697718784,,,NGC2281,101.98040771484376,41.04858016967773,1.9450865,15.682628,0.0385410469082068,,,,,,,,,,,,False,False
951667171136671872,,,NGC2281,101.93319702148438,41.04486846923828,2.494566,16.936638000000002,-0.0717291371484733,,,,,,,,,,,,False,False
951667519030721664,,,NGC2281,101.99178314208984,41.08453369140625,1.2293062,14.198515,0.0097492337828753,,,,,,,,,,,,False,False
951667690829412480,,,NGC2281,102.01475524902344,41.12236785888672,1.5192995,14.8549185,0.057694824508372,,,,,,,,,,,,False,False
951667858331406208,,,NGC2281,101.99417114257812,41.12014770507813,0.40486145,10.843234,0.0921915635252019,153.83783,50.103794,0.32569228258094907,,,,,,,,,True,False
951667965707292672,,,NGC2281,101.99472045898438,41.14582061767578,0.34053516,10.616756,0.0778709253122307,103.5598,24.262249,0.23428250151120417,,,,,,,,,True,True
951668206225476224,,,NGC2281,101.92081451416016,41.12063217163086,2.334282,16.972901999999998,-0.1385749047455438,,,,,,,,,,,,False,False
951668236288528384,,,NGC2281,101.92630767822266,41.120452880859375,0.6956043000000001,11.897077,0.0787265821801731,25.413147,32.853264,1.292766456669062,,,,,,,,,True,False
951668442447004416,,,NGC2281,101.91021728515624,41.13735961914063,2.6354218,17.306504999999998,-0.0958037322840307,,,,,,,,,,,,False,False
951668584182588928,,,NGC2281,101.96050262451172,41.14570236206055,2.7254314,16.985765,0.002233503500392,,,,,,,,,,,,False,False
951668614245697152,,,NGC2281,101.94729614257812,41.14261245727539,2.4800472,16.4081,0.0786440524633019,,,,,,,,,,,,False,False
951668854763870720,,,NGC2281,101.94554901123048,41.1594123840332,2.5358677000000003,17.1525,-0.1001646606090641,,,,,,,,,,,,False,False
951668927779971712,,,NGC2281,101.9276351928711,41.18305206298828,2.0664434,15.988399,-0.0084781715033308,,,,,,,,,,,,False,False
951669133938423552,,,NGC2281,102.04944610595705,41.13909149169922,2.7658806,17.310055,-0.0568929948761766,,,,,,,,,,,,False,False
951669576318384384,,,NGC2281,102.03325653076172,41.19147109985352,1.7475605,15.459135,-0.046230590478392,,,,,,,,,,,,False,False
951669786773407360,,,NGC2281,102.11099243164062,41.19417953491211,2.3023777,16.507738,-0.0471935266735522,,,,,,,,,,,,False,False
951670022994996992,,,NGC2281,102.0577392578125,41.22734832763672,2.2544384,16.57561,-0.0888575900759203,,,,,,,,,,,,False,False
951670061651312768,,,NGC2281,102.09064483642578,41.22373580932617,2.1581392000000004,15.49969,0.4036871384613735,,,,,,,,,,,,False,False
951670160433955712,,,NGC2281,102.08480834960938,41.24061584472656,2.4925423,16.387775,0.0935854826856994,,,,,,,,,,,,False,False
951670199090283008,,,NGC2281,101.9952621459961,41.17708969116211,0.21391392,10.103418,0.0259656088184463,13.455067,3.7785244,0.2808253871942815,,,,,,,,,True,True
951670302169496064,,,NGC2281,101.99027252197266,41.19930267333984,2.3564014,16.670107,-0.0656605498000829,,,,,,,,,,,,False,False
951670366592305280,,,NGC2281,102.0365982055664,41.21061325073242,0.5131073,11.197775,0.0943499684302385,70.006134,30.234068,0.4318774123421813,,,,,,,,,True,False
951670400952043776,,,NGC2281,102.01583099365234,41.208946228027344,0.5853404999999999,11.274861,0.1960201301464351,56.143616,20.55472,0.3661096570623452,,,,,,,,,True,False
951670645767685760,,,NGC2281,102.00873565673828,41.23655319213867,2.4789867,16.680223,-0.0138055900832832,,,,,,,,,,,,False,False
951670783205821568,,,NGC2281,102.04966735839844,41.246036529541016,0.8530464,12.7188,0.1245220011095235,,,,,,,,,,,,False,False
951670783205822976,,,NGC2281,102.0501480102539,41.2344970703125,2.749216,16.785020000000003,0.0698928397070123,,,,,,,,,,,,False,False
951670813268980352,,,NGC2281,102.03050231933594,41.22803497314453,2.2092686,16.451864,-0.0787923718147912,,,,,,,,,,,,False,False
951672084579223168,G16225000922742,45307177.0,NGC2281,101.93435668945312,41.22056579589844,0.9075756,13.042976,0.082921430921254,,,,5805.51,53.22,4.463,0.082,0.101,0.054,-4.47546,,False,False
951672325097478016,,,NGC2281,101.89598846435548,41.24655532836914,2.6158733,16.868778,-0.0086510807086165,,,,,,,,,,,,False,False
951672359457218048,,,NGC2281,101.91504669189452,41.25157928466797,2.0138931,16.092894,-0.0854299167218699,,,,,,,,,,,,False,False
951672707351206144,,,NGC2281,101.80168914794922,41.21221160888672,1.66924,15.201505,0.0201544143603119,,,,,,,,,,,,False,False
951672913509626880,,,NGC2281,101.8218231201172,41.25768280029297,1.1637774,13.981549,0.0673273012744787,,,,,,,,,,,,False,False
951673562048057856,,,NGC2281,101.94396209716795,41.245208740234375,2.2609215,17.104534,-0.1848978668343252,,,,,,,,,,,,False,False
951673871285719936,,,NGC2281,101.9243621826172,41.27669143676758,2.4064102000000003,17.077772,-0.1308566541952948,,,,,,,,,,,,False,False
951674287899127424,G16224819210952,90610199.0,NGC2281,102.02139282226562,41.32435607910156,0.80682373,12.51955,0.0964685953465685,,,,6104.52,31.57,4.314,0.045,-0.033,0.028,-4.40614,,False,False
951674356618609792,,,NGC2281,101.99476623535156,41.31372833251953,1.1028366000000005,13.799715,0.0618869868886933,,,,,,,,,,,,False,False
951674665856269696,G16225001636249,45307191.0,NGC2281,101.89491271972656,41.28770446777344,0.78985596,12.483851,0.0611739666277154,,,,6180.94,35.41,4.371,0.05,-0.067,0.032,-4.23034,,False,False
951675486193476992,,,NGC2281,101.9241180419922,41.35697937011719,1.6421328000000002,15.1493025,0.0183839569573221,,,,,,,,,,,,False,False
951675765367874432,,,NGC2281,102.1178207397461,41.24736785888672,0.7028675,11.871735,0.1317847732265853,,,,,,,,,,,,False,False
951675937166560512,,,NGC2281,102.15202331542967,41.265811920166016,0.6064415,11.49038,0.0957011121206505,37.70994,14.981207,0.3972747503708571,,,,,,,,,True,False
951676212044467200,,,NGC2281,102.1259536743164,41.29365921020508,1.8773603,15.668313,-0.0196652032886987,,,,,,,,,,,,False,False
951676899239237632,,,NGC2281,102.09049987792967,41.302284240722656,1.4516268,6.0720367,-0.2276854467614294,7.826856,0.4519215,0.05773985109729883,,,,,,,,,True,False
951676929303028736,,,NGC2281,102.1026840209961,41.29694747924805,2.5657578,17.556870999999997,-0.1524470456366331,,,,,,,,,,,,False,False
951676998021940096,,,NGC2281,102.09761810302734,41.32110595703125,2.2216053,16.404675,-0.058760400256597,,,,,,,,,,,,False,False
951677375979074560,,,NGC2281,102.13623809814452,41.3448371887207,2.6527042,17.055239,-0.0406011647206673,,,,,,,,,,,,False,False
951678097533585792,,,NGC2281,102.22332763671876,41.35547637939453,2.3452682,18.19164,-0.2553035412595208,,,,,,,,,,,,False,False
951678441131544064,,,NGC2281,102.26625061035156,41.36882400512695,2.5887318,17.959574,-0.1893661480319331,,,,,,,,,,,,False,False
951678651585862656,,,NGC2281,102.2720718383789,41.41968536376953,2.0520992,16.049511,-0.0434276645446697,,,,,,,,,,,,False,False
951678784728388224,,,NGC2281,102.22835540771484,41.4035758972168,2.542427,16.560446,0.0535474024895834,,,,,,,,,,,,False,False
951678784728394880,,,NGC2281,102.23085021972656,41.4118537902832,2.6219692,18.292976,-0.2085953660402081,,,,,,,,,,,,False,False
951679476220436992,,,NGC2281,102.16303253173828,41.43277359008789,1.6941613999999998,15.168515,0.0873274146488435,,,,,,,,,,,,False,False
951679918599596160,,,NGC2281,102.19625091552734,41.47932434082031,0.7535,12.272088,0.0622978398040726,,,,,,,,,,,,False,False
951679987319304576,,,NGC2281,102.22801971435548,41.49569320678711,1.235857,14.24061,-0.0304235832409231,,,,,,,,,,,,False,False
951680300853332736,,,NGC2281,102.0549545288086,41.36542892456055,0.97192,13.380423,0.0189648167289812,,,,,,,,,,,,False,False
951681121190623616,,,NGC2281,102.06878662109376,41.43510818481445,2.6697311000000004,17.946635999999998,-0.1705291959168418,,,,,,,,,,,,False,False
951681464788573568,,,NGC2281,101.9738998413086,41.38880920410156,2.6366196,17.90512,-0.1737756637285968,,,,,,,,,,,,False,False
951682426860695680,,,NGC2281,102.14900970458984,41.45648956298828,2.6986656000000004,18.24283,-0.1904814233812173,,,,,,,,,,,,False,False
951682602955785984,G16224822015088,45406005.0,NGC2281,102.12068176269533,41.46546936035156,0.99510956,13.454173999999998,0.0316759388056246,,,,5488.49,36.54,4.477,0.05,0.005,0.036,-4.3503,,False,False
951683526372356096,,,NGC2281,102.10709381103516,41.49559020996094,2.4875755,16.83662,-0.0514219325520307,,,,,,,,,,,,False,False
951684832042252672,,,NGC2281,101.74517059326172,41.25951385498047,2.673277,18.29117,-0.1989037223485917,,,,,,,,,,,,False,False
951685656675987072,,,NGC2281,101.7178726196289,41.28154373168945,2.6129265,18.185204,-0.2026462920054984,,,,,,,,,,,,False,False
951685759755224704,,,NGC2281,101.76375579833984,41.31480407714844,1.4939413,14.827825,0.0277913873744967,,,,,,,,,,,,False,False
951685867131002368,,,NGC2281,101.7079086303711,41.29500961303711,1.5811271999999998,15.001228,0.0393768800915309,,,,,,,,,,,,False,False
951685931553912064,,,NGC2281,101.69414520263672,41.306678771972656,2.8244934,17.641947000000002,-0.0969999131107776,,,,,,,,,,,,False,False
951685965913660928,,,NGC2281,101.7023696899414,41.32636260986328,2.909912,17.866734,-0.10793626140585,,,,,,,,,,,,False,False
951686481309757824,,,NGC2281,101.74947357177734,41.35739135742188,2.2393456,16.417982000000002,-0.0532525876034644,,,,,,,,,,,,False,False
951687305943504896,,,NGC2281,101.89837646484376,41.39741516113281,2.7009964,18.435463,-0.2039163212351877,,,,,,,,,,,,False,False
951689298808320256,,,NGC2281,101.69232177734376,41.38098907470703,2.631569,18.271494,-0.2053082504833496,,,,,,,,,,,,False,False
951690230816584448,,,NGC2281,101.66413879394533,41.41699981689453,2.714384,18.561237,-0.2096241717257178,,,,,,,,,,,,False,False
951691154234233472,,,NGC2281,101.76519775390624,41.43611526489258,2.374607,16.944569,-0.118437962997099,,,,,,,,,,,,False,False
951691738349828480,,,NGC2281,101.81689453125,41.49153900146485,2.7173328,18.100502,-0.1749031487042886,,,,,,,,,,,,False,False
951693117035756928,,,NGC2281,101.74646759033205,41.57308578491211,1.2974129,14.315252,0.1103257389874143,,,,,,,,,,,,False,False
951693181458922880,,,NGC2281,101.79346466064452,41.58262252807617,2.8259315,17.795088,-0.1179678120300711,,,,,,,,,,,,False,False
951693250178417536,,,NGC2281,101.76837158203124,41.59988021850586,2.826706,17.483176999999998,-0.0709390250833951,,,,,,,,,,,,False,False
951693490696452736,,,NGC2281,101.95790100097656,41.45619201660156,2.6572094,17.307261999999998,-0.0893234269713105,,,,,,,,,,,,False,False
951694457065544832,,,NGC2281,101.89937591552734,41.488426208496094,1.6690245,15.138997,0.07194982408248,,,,,,,,,,,,False,False
951695243043198464,,,NGC2281,101.9400863647461,41.55617904663086,2.4562702,17.154549,-0.1268724664430636,,,,,,,,,,,,False,False
951698786392577664,,,NGC2281,101.82485961914062,41.57233047485352,1.9115953,15.795520000000002,-0.0489782298054515,,,,,,,,,,,,False,False
951699164349694976,,,NGC2281,101.8075714111328,41.62460708618164,0.44722176,10.918509,0.1255409980453852,45.853546,5.521719,0.12042076309648986,,,,,,,,,True,False
951699679745764224,,,NGC2281,101.8353500366211,41.65462875366211,2.7632332,17.579515,-0.1034896050511719,,,,,,,,,,,,False,False
951700087766009344,G16224840816772,422813247.0,NGC2281,101.96306610107422,41.64950180053711,1.0267401,13.510192000000002,0.0975378580625427,,,,5470.59,33.13,4.585,0.046,0.082,0.028,-4.33477,0.08129,False,False
951700500083301632,,,NGC2281,101.99195098876952,41.690372467041016,2.8207035,17.008083,0.0309025398102835,,,,,,,,,,,,False,False
951701118558607872,,,NGC2281,101.93539428710938,41.702919006347656,2.8016968,17.728203,-0.1148973708717706,,,,,,,,,,,,False,False
951703455020605952,,,NGC2281,102.2462387084961,41.49504852294922,2.881916,17.766665,-0.1008814976854028,,,,,,,,,,,,False,False
951703558099847680,,,NGC2281,102.23178100585938,41.52430725097656,2.6466866,17.062096,-0.0442432258221959,,,,,,,,,,,,False,False
951703695538824320,,,NGC2281,102.2575225830078,41.55017471313477,2.4611206,17.093994,-0.1148339408138525,,,,,,,,,,,,False,False
951704043432500736,,,NGC2281,102.29168701171876,41.55664825439453,1.4214106000000002,14.655278,0.0402746296534737,,,,,,,,,,,,False,False
951705585324480128,,,NGC2281,102.35980224609376,41.60352325439453,2.5942345,18.488749,-0.2256564241161403,,,,,,,,,,,,False,False
951706070657047168,,,NGC2281,102.41213989257812,41.64578628540039,1.7507753,15.4304,-0.0252816836456369,,,,,,,,,,,,False,False
951708746420440960,,,NGC2281,102.28751373291016,41.63114547729492,2.2150784,16.170973,0.0183747349423183,,,,,,,,,,,,False,False
951711666998665728,,,NGC2281,102.54779815673828,41.72506713867188,2.8564967999999995,17.663657999999998,-0.0921682822563689,,,,,,,,,,,,False,False
951714621936190336,,,NGC2281,102.5154037475586,41.831485748291016,2.7769375,17.998789000000002,-0.1526637384448622,,,,,,,,,,,,False,False
951715618368255616,,,NGC2281,102.3620376586914,41.768287658691406,2.1784763,16.436506,-0.0906769408267216,,,,,,,,,,,,False,False
951716275500218368,,,NGC2281,102.43637084960938,41.83229064941406,2.5241642000000004,18.587917,-0.2424697364884424,,,,,,,,,,,,False,False
951717168852528000,,,NGC2281,102.37882232666016,41.87028884887695,2.2935333,16.453474,-0.0355448841496776,,,,,,,,,,,,False,False
951719054342213632,,,NGC2281,102.34751892089844,41.935150146484375,2.7154255000000003,17.13658,-0.0372175984181722,,,,,,,,,,,,False,False
951721837480938112,,,NGC2281,102.1276626586914,41.80600357055664,2.3443909,16.706657,-0.0799699587452258,,,,,,,,,,,,False,False
951725449549391488,,,NGC2281,101.98314666748048,41.8004150390625,1.3993101,14.625360999999998,0.0129719972480889,,,,,,,,,,,,False,False
951727300679432064,,,NGC2281,102.07911682128906,41.94395065307617,2.540493,17.004579999999997,-0.0694446395555106,,,,,,,,,,,,False,False
951729121745539456,,,NGC2281,102.28402709960938,41.9040641784668,2.0199423,15.972428,-0.0365114193138364,,,,,,,,,,,,False,False
951729916315353344,,,NGC2281,102.15895080566406,41.917293548583984,1.1677399,14.036763,-0.0076408386681285,,,,,,,,,,,,False,False
951731767445428480,,,NGC2281,102.23538208007812,41.973411560058594,2.1328125,16.252241,-0.0619647046309822,,,,,,,,,,,,False,False
951731870524652288,,,NGC2281,102.2317352294922,42.00278854370117,2.7700748,17.867357000000002,-0.139742613363438,,,,,,,,,,,,False,False
951740219940781056,,,NGC2281,101.74909210205078,41.61427688598633,2.7432404,17.866184,-0.1456979648358602,,,,,,,,,,,,False,False
951742487683501824,,,NGC2281,101.53629302978516,41.59608840942383,2.2510433,16.678612,-0.1146153956256558,,,,,,,,,,,,False,False
951742728201719168,,,NGC2281,101.5648193359375,41.64422225952149,2.8382206,17.46296,-0.0642056813366204,,,,,,,,,,,,False,False
951744171310746880,,,NGC2281,101.5812759399414,41.6595573425293,2.4324017,16.489511,0.0238608877818751,,,,,,,,,,,,False,False
951745962313234944,,,NGC2281,101.608642578125,41.779518127441406,1.686965,15.244716,0.0140308307296123,,,,,,,,,,,,False,False
951746267254779648,,,NGC2281,101.77980041503906,41.65943908691406,1.8934431,14.95794,0.7236626684141559,,,,,,,,,,,,False,False
951754105571417344,,,NGC2281,101.6324462890625,41.913082122802734,1.1332483,13.922073,0.0154002601401533,,,,,,,,,,,,False,False
951775163795393664,,,NGC2281,101.91650390625,41.99794387817383,2.5823746,17.278945999999998,-0.1073528543191624,,,,,,,,,,,,False,False
951778741503600128,,,NGC2281,101.71549224853516,42.07381820678711,1.2283211,14.172024,0.0502322523899351,,,,,,,,,,,,False,False
951781417267844608,,,NGC2281,102.0020980834961,42.06499862670898,2.4107533,18.212254,-0.2436807722759267,,,,,,,,,,,,False,False
951798395273855232,,,NGC2281,101.4258804321289,42.34554672241211,2.3282185,16.698929,-0.0852003551314767,,,,,,,,,,,,False,False
951814986732867072,,,NGC2281,102.52919006347656,42.10177612304688,2.1776104,17.411064,-0.2440871993220168,,,,,,,,,,,,False,False
951816124897897856,,,NGC2281,102.44737243652344,42.1717529296875,2.6661587000000004,18.613207,-0.220554774593482,,,,,,,,,,,,False,False
951823851543757824,,,NGC2281,102.54855346679688,42.29470825195313,2.5548153,18.009338,-0.2008477938806566,,,,,,,,,,,,False,False
951824680473709184,,,NGC2281,102.49700927734376,42.32582473754883,2.4099312000000004,16.032857999999997,0.2184899030924606,,,,,,,,,,,,False,False
951830689131904896,,,NGC2281,102.16447448730467,42.24095916748047,2.869957,18.288927,-0.1620262740585095,,,,,,,,,,,,False,False
951836495928179200,,,NGC2281,102.37741088867188,42.35036849975586,2.588665,17.107101,-0.073765892758468,,,,,,,,,,,,False,False
951837217482721536,,,NGC2281,102.40042877197266,42.43161392211914,2.5696354,17.217268,-0.1007606261457523,,,,,,,,,,,,False,False
951887382700771456,,,NGC2281,102.11226654052734,42.48305130004883,2.6522121,18.001642,-0.1794988624445679,,,,,,,,,,,,False,False
951891196631757056,,,NGC2281,101.93114471435548,42.523529052734375,1.9788809,15.842065,-0.0125580714262768,,,,,,,,,,,,False,False
944576424945510528,,,NGC2281,102.4079360961914,39.53174209594727,1.2072878,14.259015,-0.1844498693493028,,,,,,,,,,,,False,False
944596422313214720,,,NGC2281,102.606201171875,39.56650161743164,1.7206964,15.4256315,-0.0596113752806541,,,,,,,,,,,,False,False
944605385909897216,,,NGC2281,102.8288116455078,39.77761459350586,2.9035244,17.846418,-0.1067089211452809,,,,,,,,,,,,False,False
944613597886791040,,,NGC2281,102.42439270019533,39.70867156982422,2.1733456,16.286102,-0.0488955546594499,,,,,,,,,,,,False,False
944614461175767424,,,NGC2281,102.45909118652344,39.80191802978516,1.0998945,13.922043,-0.1512611453684955,,,,,,,,,,,,False,False
944627651020557184,,,NGC2281,102.5490493774414,40.10276412963867,2.3541392999999995,18.213755,-0.2546910298945681,,,,,,,,,,,,False,False
944629442021671808,,,NGC2281,102.60897064208984,40.160926818847656,2.1697397,15.892606,0.1181213345798779,,,,,,,,,,,,False,False
944483065240504064,,,NGC2281,102.01912347560814,39.22091056746666,0.6869383,12.012736,-0.0460471663321289,,,,,,,,,,,,False,False
944545810418575488,,,NGC2281,102.8898692955818,39.47351018745383,1.5067043,15.023266,-0.1230019893287299,,,,,,,,,,,,False,False
944573263849593472,,,NGC2281,102.39164389903104,39.405010105547966,2.3136845,16.8141,-0.1166435963188334,,,,,,,,,,,,False,False
944579925342997504,,,NGC2281,102.20768750238972,39.42232658556321,1.4184141,14.003221,1.2937726491244694,,,,,,,,,,,,False,False
944598037220882560,,,NGC2281,102.7914682368906,39.67064945233162,0.7674885,12.51344,-0.0321021430408817,,,,,,,,,,,,False,False
944623154189559040,,,NGC2281,102.63458992983654,39.965154483833615,1.4769564,14.554067,0.3645390756909739,,,,,,,,,,,,False,False
945351889881985408,,,NGC2281,101.82932647998088,39.71960992335331,1.1224995,10.547344,1.0512688762907734,,,,,,,,,,,,False,False
945352130400155264,G16224590574033,224315074.0,NGC2281,101.80402475542056,39.72909026819613,0.85541916,12.977487,-0.0423726629979591,,,,5972.27,37.61,4.485,0.054,0.051,0.033,-4.25547,0.14653,False,False
945390677730127872,,,NGC2281,102.17636691725284,40.27932470693776,0.6148548,11.448804,0.1528260287406025,,,,,,,,,,,,False,False
945398477390732672,,,NGC2281,102.45292821468615,40.44323534906626,1.1560774,13.877702,0.2023166151903583,,,,,,,,,,,,False,False
945450601114067456,,,NGC2281,102.18804503232928,40.57707017566724,1.6992702,14.630398,0.9064377934130038,,,,,,,,,,,,False,False
945456584004370816,,,NGC2281,102.10365695741102,40.74894556607014,2.0129337,15.703444,0.0913742804969212,,,,,,,,,,,,False,False
945456824522532992,,,NGC2281,102.12769960190892,40.80444279495759,1.0827608,13.553295,0.2843696421646864,,,,,,,,,,,,False,False
945457924034198656,,,NGC2281,101.82297005610558,40.54964824595042,2.1240273,15.499699,0.3644259586708083,,,,,,,,,,,,False,False
945458228975026816,,,NGC2281,101.7116723728409,40.501721110769246,1.5957127,14.936726,0.1355429437136324,,,,,,,,,,,,False,False
945459843882827520,,,NGC2281,101.93344018621694,40.64073851286758,2.3551788,16.73748,-0.0826079117083288,,,,,,,,,,,,False,False
945464005707882496,,,NGC2281,101.82474212244672,40.68946323862831,1.2379379,13.83522,0.6734132480507002,,,,,,,,,,,,False,False
945468846133914752,,,NGC2281,102.09378408077256,40.845432951130725,0.7414856,11.45154,0.5051478082345604,39.860027,20.645105,0.5179400656201262,,,,,,,,,True,False
945471079516909184,G16224935126181,137116243.0,NGC2281,101.89437319727512,40.83610378552599,0.7956524,12.293881,0.2056299306694119,,,,6282.15,28.75,4.281,0.041,-0.152,0.025,-4.37366,,False,False
945647589789425536,,,NGC2281,101.12284594793456,40.85385722276585,1.2516384,13.980356,0.5070231396784074,,,,,,,,,,,,False,False
945662016582862592,,,NGC2281,101.91083216546495,40.99574082759087,0.62222767,11.489853,0.1431380040632667,13.530794,13.95539,1.0313799766665577,,,,,,,,,True,False
945662089599101952,,,NGC2281,101.93670226998412,41.01008130283559,1.558712,14.473003,0.807055626747725,,,,,,,,,,,,False,False
945662398836747520,,,NGC2281,101.90191142442812,41.03570721649243,2.434723,16.190737,0.1489066159534822,,,,,,,,,,,,False,False
945663051671777152,,,NGC2281,101.88299132521269,41.03912651949535,1.5106268,14.645003,0.3167568243359898,,,,,,,,,,,,False,False
945663223470199168,,,NGC2281,101.88290461862324,41.06338031259362,0.28725338,9.135615,0.111349313468133,,,,,,,,,,,,False,True
945673084715209856,,,NGC2281,101.4059099824034,41.01233440335955,0.46040058,10.923584,0.1435456797720591,21.260178,11.463856,0.539217310410101,,,,,,,,,True,False
945710601254021504,,,NGC2281,100.75496360602725,41.11483561101471,2.1955986,16.5312,-0.1063084388099548,,,,,,,,,,,,False,False
945722287860563072,,,NGC2281,101.2270329145723,41.13755236323879,0.82174015,12.45112,0.19051097874503,,,,,,,,,,,,False,False
945727407461560192,,,NGC2281,101.23231101901168,41.23457531778719,0.7216892,11.960406,0.1445695674804764,,,,,,,,,,,,False,False
945733867092177408,,,NGC2281,101.50824612090922,41.4841443730182,1.5319853,14.197616,1.389892119023482,,,,,,,,,,,,False,False
950389504266743040,,,NGC2281,103.9111170789933,39.88999264276673,2.1507435,16.268648,-0.0565555403666622,,,,,,,,,,,,False,False
950802336521928832,G16223565712224,90505070.0,NGC2281,104.15476475064872,41.45890633655684,0.93084335,12.154558,0.8596274509546169,,,,5864.94,27.68,4.582,0.039,0.055,0.023,-4.3214,,False,False
951397107890703104,,,NGC2281,102.98603339100296,40.60644736432155,1.5266666,14.882387,0.044808349681907,,,,,,,,,,,,False,False
951400784382724736,G16225401001386,296211003.0,NGC2281,102.7414207832289,40.7082555383673,1.1863842,13.399081,0.8033568690448907,,,,5022.7,31.4,4.677,0.044,0.054,0.027,-4.3505,0.12322,False,False
951402914686483584,,,NGC2281,102.83447027128746,40.79419067365605,0.2753687,10.553921,0.0131900599311258,87.2812,12.160174,0.13932180125846116,,,,,,,,,True,True
951407553251242368,,,NGC2281,102.41408359605184,40.56721590601256,2.0363379,15.697421,0.1173594128735151,,,,,,,,,,,,False,False
951459024139280768,,,NGC2281,102.42979379424962,40.84809112292567,1.3616915,14.434487,0.1650942631202434,,,,,,,,,,,,False,False
951461291881895040,,,NGC2281,102.17472982121429,40.78195018929299,1.7238436,14.747655,0.7249799861678399,,,,,,,,,,,,False,False
951461669839014144,,,NGC2281,102.15118161734895,40.8338848167278,1.6992254,15.284688,0.0026201004468419,,,,,,,,,,,,False,False
951469877519136512,,,NGC2281,102.4062001102939,41.013184705646125,0.6365557,11.617673,0.0824033897741948,10.201758,26.898134,2.636617531997916,,,,,,,,,True,False
951472493156537088,,,NGC2281,102.45164804990036,41.11408856657304,1.0197,13.552875,0.0198439143023884,,,,,,,,,,,,False,False
951473936265605888,L16224929633034,45407082.0,NGC2281,102.16856833041837,40.88539316349095,0.9936743,12.73958,0.5716187289091808,,,,5713.82,60.4,4.645,0.094,0.112,0.063,-4.3267,,False,False
951475138856446208,,,NGC2281,102.1292248695528,40.95956850211073,0.6224222,11.250306,0.2884480942997127,124.77222,43.857788,0.3515028265105806,,,,,,,,,True,False
951475448091868032,,,NGC2281,102.12214787052432,40.97918078326427,,,,,,,,,,,,,,,False,False
951475894770683392,,,NGC2281,102.19960833703584,40.963718883440364,1.1566315,13.500166,0.6313533698179182,,,,,,,,,,,,False,False
951477578397853440,G16224994836422,45307081.0,NGC2281,102.1847738206067,41.05333171683719,0.8797655,11.995466,0.8104955089214412,,,,6005.82,29.82,4.372,0.04,-0.01,0.027,-4.34307,,False,False
951478059434216576,,,NGC2281,102.01750149001462,40.9612098627986,0.944602,12.266422,0.7896850022451342,,,,,,,,,,,,False,False
951478467453524992,,,NGC2281,102.10592200652272,41.006534674321095,0.7341652,11.832651,0.3017788727788696,30.214956,26.828058,0.8879065718315128,,,,,,,,,True,False
951478849708186368,,,NGC2281,102.08383431190356,41.04310517791966,0.9441309,12.268164,0.7859874013823159,,,,,,,,,,,,False,False
951479674341906560,,,NGC2281,102.06287645218814,41.07280205188543,1.158669,7.997298,0.2280636737382365,7.810047,1.8222852,0.23332576615736117,,,,,,,,,True,False
951479914860077568,,,NGC2281,102.0302989966494,41.07730817834283,0.3678646,10.299762,0.1654351998004449,286.40146,79.52513,0.2776701277989295,,,,,,,,,True,True
951480121018497024,,,NGC2281,102.15137449744114,41.05699469636842,0.67919254,11.328104,0.3816485061919963,59.964256,17.808765,0.29698967665003634,,,,,,,,,True,False
951480155378231424,,,NGC2281,102.17019018807532,41.06645980712945,0.34180737,8.360342,0.0093656902339396,,,,,,,,,,,,False,False
951480430256138880,,,NGC2281,102.13639468654014,41.09653514127492,1.1155348,13.619419,0.3581965290351237,,,,,,,,,,,,False,False
951480808213257216,,,NGC2281,102.15641414437958,41.10581889021496,0.18502903,9.974399,0.0123268369955813,,,,,,,,,,,,False,True
951481083091175808,,,NGC2281,102.08683842181226,41.08409698277872,0.0942049,8.865224,-0.0433903588670967,,,,,,,,,,,,False,False
951481083091177600,,,NGC2281,102.08352868227048,41.07253839623172,0.2434082,10.424032,0.0047995564033759,,,,,,,,,,,,False,True
951481083091178112,,,NGC2281,102.07866280192316,41.07374026096233,0.32841015,9.886031,0.1597261324780296,,,,,,,,,,,,False,True
951481426688558976,,,NGC2281,102.0606174104043,41.11250572934062,0.458251,10.688529,0.2106244412452614,280.7405,70.27837,0.2503321394668742,,,,,,,,,True,False
951481559829972608,,,NGC2281,102.07038273800342,41.13037781217936,0.345232,10.359222,0.1327537622940244,272.94977,23.273724,0.08526742484523801,,,,,,,,,True,True
951482594919639936,,,NGC2281,102.30300112469884,41.0697829861974,1.1536875,13.653927,0.4931024407851925,,,,,,,,,,,,False,False
951483316474146560,,,NGC2281,102.27855071067454,41.08477425888961,1.3185444,14.4124365,0.0379888410915611,,,,,,,,,,,,False,False
951483591352052480,,,NGC2281,102.2592250888682,41.11384726042171,1.0755215,13.687529,0.0946234916325454,,,,,,,,,,,,False,False
951483797510477184,,,NGC2281,102.2700007691598,41.14929494009895,1.206109,13.400108,0.8767495363895026,,,,,,,,,,,,False,False
951486477570042752,,,NGC2281,102.4009456157509,41.288608875453775,1.5691462,14.933919,0.0826110456647534,,,,,,,,,,,,False,False
951487439642740992,,,NGC2281,102.24545731320424,41.208173668762704,1.6468315,15.117907,0.0529311287973988,,,,,,,,,,,,False,False
951487680160922240,,,NGC2281,102.17251244809648,41.16424966326253,2.159194,15.914798,0.097588188453303,,,,,,,,,,,,False,False
951496716772068608,,,NGC2281,102.53968560302437,41.22392372898626,1.4684315,14.664341,0.164472791947179,,,,,,,,,,,,False,False
951507467073975808,,,NGC2281,102.79818583656736,41.47428105606682,2.2742672,16.170197,0.0565694592794826,,,,,,,,,,,,False,False
951666930618471552,,,NGC2281,101.9659073359434,41.03614835363982,0.6241112,11.423971,0.1954410907013943,28.18603,15.162709,0.5379512120011225,,,,,,,,,True,False
951668584182590720,,,NGC2281,101.9616715186742,41.131842002994006,2.1022902,15.322408,0.5313342811268333,,,,,,,,,,,,False,False
951669335800154624,,,NGC2281,102.06243224116416,41.18504581860171,1.00776,12.376572,0.9008686847831808,,,,,,,,,,,,False,False
951669988635183104,,,NGC2281,102.05466112870666,41.21283744263592,0.9214916,13.008048,0.1552370623822775,,,,,,,,,,,,False,False
951674494057556864,,,NGC2281,102.00894948647064,41.34045482579433,1.921442,15.790705,-0.0381866702692961,,,,,,,,,,,,False,False
951678200612803328,,,NGC2281,102.19979586455716,41.35734296230693,2.2541866,16.1206,0.0653198865008939,,,,,,,,,,,,False,False
951679407500116992,G16224822611925,45306212.0,NGC2281,102.16702833850722,41.424765245273726,0.8630686,12.238066,0.506677414546048,,,,5959.48,30.37,4.499,0.043,-0.032,0.027,-4.28935,,False,False
951680781889660160,,,NGC2281,102.10898884113551,41.39448866584832,0.32951927,10.265514,0.1273804018893737,228.23105,34.94771,0.153124257194628,,,,,,,,,True,True
951681022407829760,,,NGC2281,102.0684440610599,41.42518319488974,2.202529,15.918099,0.129865220484688,,,,,,,,,,,,False,False
951684527101204352,,,NGC2281,101.77865933921042,41.23676324737741,0.5568447,11.216645,0.1704697030203296,117.87324,42.936962,0.3642638651486971,,,,,,,,,True,False
951689779844511360,,,NGC2281,101.69335926101184,41.40939911412964,0.9218521,12.364787,0.6070536247424995,,,,,,,,,,,,False,False
951690505695670016,,,NGC2281,101.64473354771091,41.44374205562909,0.42903042,10.687966,0.1727272619884967,259.35217,102.61219,0.3956480873092367,,,,,,,,,True,True
951693666791559680,,,NGC2281,101.92854524531543,41.48072840631584,1.163765,13.703269,0.4853747767561276,,,,,,,,,,,,False,False
951703390597477376,,,NGC2281,102.2748762056064,41.512178456752345,1.2088766,14.155496,-0.0121027885227429,,,,,,,,,,,,False,False
951709815868538624,,,NGC2281,102.27523171293576,41.67809506670604,0.49822617,11.095278,0.1274280369369933,182.47665,73.15844,0.4009194601062656,,,,,,,,,True,False
951748298775419776,,,NGC2281,101.87861113778114,41.744797424742266,1.4719191,14.626901,0.2297018668706771,,,,,,,,,,,,False,False
951750910115548928,,,NGC2281,101.70463287076824,41.78086738049136,1.2367992,14.108809,0.2017480116423043,,,,,,,,,,,,False,False
951778982021679616,,,NGC2281,101.67074942623904,42.08228168118811,2.2705097,16.038404,0.1160826900718081,,,,,,,,,,,,False,False
951855260640679296,,,NGC2281,102.68021666517195,42.61037122044065,1.5441551,14.629349,0.4429450811509522,,,,,,,,,,,,False,False
951857047347078784,,,NGC2281,102.61591606513024,42.62985100685584,0.8325739,12.619181,0.1201778599627957,,,,,,,,,,,,False,False
951910442380477440,,,NGC2281,101.5586545525571,42.8248776126549,1.0923691,13.7602415,0.0707979697646006,,,,,,,,,,,,False,False
951913740915559296,,,NGC2281,102.14184423020336,42.68146231202896,1.0652952,13.679248,0.058682637627216,,,,,,,,,,,,False,False
951916798932148608,,,NGC2281,102.05482885212356,42.80802752684191,1.1886187,14.091976,-0.0003556778629073,,,,,,,,,,,,False,False
951965929062062208,,,NGC2281,103.88305374986126,42.39208097602232,1.7213488,14.695222,0.8263747598837264,,,,,,,,,,,,False,False
952039257039826304,,,NGC2281,103.19626300119434,42.6155284415875,1.178566,14.016695,0.0803212500693288,,,,,,,,,,,,False,False
957802858337337600,,,NGC2281,100.34168940021628,41.79669530472852,1.9412966,15.787656,-0.0193273187230092,,,,,,,,,,,,False,False
957833889476475648,,,NGC2281,100.5334259904421,42.12490997355046,2.644556,16.700693,0.0528907827628419,,,,,,,,,,,,False,False
963847423511048960,,,NGC2281,100.48428361758876,42.45403052006163,1.4706726,14.788393,0.0144000123129124,,,,,,,,,,,,False,False
963851104298490368,,,NGC2281,100.5352719044906,42.55133597605781,1.5190067,14.8510475,0.0612883217967101,,,,,,,,,,,,False,False
2927207889414759040,,,NGC2287,101.41249084472656,-20.563396453857425,2.511032,18.658625,0.1390072311052241,,,,,,,,,,,,False,False
2927207958138023936,,,NGC2287,101.44694519042967,-20.561988830566406,0.8261404,13.760704,-0.0367992475443516,,,,,,,,,,,,False,False
2927208125634279680,,,NGC2287,101.41442108154295,-20.54941749572754,2.0657616,17.010069,0.2347264235406864,,,,,,,,,,,,False,False
2927208404814619136,,,NGC2287,101.48873901367188,-20.5242919921875,2.0007362,16.724846,0.2673005691849944,,,,,,,,,,,,False,False
2927208507893833984,,,NGC2287,101.48177337646484,-20.513139724731445,1.0380296999999998,14.393889,0.1582877514445181,,,,,,,,,,,,False,False
2927208572311216768,,,NGC2287,101.47572326660156,-20.50415229797364,2.1605453,18.81235,0.0453119754015464,,,,,,,,,,,,False,False
2927208915911937920,,,NGC2287,101.38578033447266,-20.531587600708008,2.4034882,18.325064,0.1483300358762536,,,,,,,,,,,,False,False
2927208920210459008,,,NGC2287,101.38253021240234,-20.531265258789062,0.9234781,14.003065,0.1164407180086811,,,,,,,,,,,,False,False
2927209057649389696,,,NGC2287,101.40931701660156,-20.51252174377441,-0.067671776,9.346972,0.0406943364208411,7.743684,6.2041464,0.8011879616988503,,,,,,,,,True,True
2927209847923345664,,,NGC2287,101.40272521972656,-20.459596633911133,2.041685,16.964980999999998,0.2332606026406374,,,,,,,,,,,,False,False
2927209916642803456,,,NGC2287,101.43377685546876,-20.44191169738769,1.1808453,14.930372,0.1481470267305742,,,,,,,,,,,,False,False
2927210122801533312,,,NGC2287,101.51275634765624,-20.47935676574707,0.6313896,12.66725,0.0683008558349434,,,,,,,,,,,,False,False
2927210221578371968,,,NGC2287,101.52228546142578,-20.458166122436523,2.158327,17.162860000000002,0.2434233068281591,,,,,,,,,,,,False,False
2927210324657878400,,,NGC2287,101.49473571777344,-20.4617919921875,2.64073,18.347233,0.2079648740564545,,,,,,,,,,,,False,False
2927210363319396608,,,NGC2287,101.47598266601562,-20.46303939819336,1.1161803999999995,14.687742000000002,0.1543265484829458,,,,,,,,,,,,False,False
2927210432039177600,,,NGC2287,101.50940704345705,-20.449607849121097,0.84570885,13.630778,0.1509088781993647,,,,,,,,,,,,False,False
2927210775636556800,,,NGC2287,101.57275390625,-20.41974258422852,0.6486635000000001,12.771463,0.0520586983401882,,,,,,,,,,,,False,False
2927211119233643776,,,NGC2287,101.46851348876952,-20.46211051940918,0.5637245,12.30103,0.1295399868326829,,,,,,,,,,,,False,False
2927211153594624512,,,NGC2287,101.47277069091795,-20.44324493408203,2.3782196,16.819397,0.4276669263850935,,,,,,,,,,,,False,False
2927211183651054208,,,NGC2287,101.4562759399414,-20.44466018676757,1.6004839,15.907424,0.2399374913010224,,,,,,,,,,,,False,False
2927211359751770752,,,NGC2287,101.49626922607422,-20.40896797180176,1.0625534,14.607019,0.0964587174382479,,,,,,,,,,,,False,False
2927211772068619776,,,NGC2287,101.50759887695312,-20.39654541015625,0.70028305,13.001579,0.0835584090924738,,,,,,,,,,,,False,False
2927211905205848704,,,NGC2287,101.5383758544922,-20.38039779663086,2.4397736,18.579536,0.1300579983566031,,,,,,,,,,,,False,False
2927212150025731840,,,NGC2287,101.4925308227539,-20.36455726623535,0.7871256,13.401187,0.1172397729180769,,,,,,,,,,,,False,False
2927212283163107840,,,NGC2287,101.32756805419922,-20.49129867553711,2.3513927000000003,17.585516000000002,0.2376121473431329,,,,,,,,,,,,False,False
2927212287464810368,,,NGC2287,101.33636474609376,-20.48210525512696,1.9514656000000004,16.721262,0.2432594418075548,,,,,,,,,,,,False,False
2927212695479998848,,,NGC2287,101.32849884033205,-20.4415225982666,2.476408,17.874063,0.2304525660148351,,,,,,,,,,,,False,False
2927212768501109120,,,NGC2287,101.3888702392578,-20.453102111816406,1.0442667,14.498643,0.1139507676759068,,,,,,,,,,,,False,False
2927212802860839424,,,NGC2287,101.3982391357422,-20.44442176818848,1.9741344,16.691402,0.261797814779828,,,,,,,,,,,,False,False
2927213112098494592,,,NGC2287,101.35411071777344,-20.4284610748291,-0.07626438,9.420946,0.0298436242380185,11.381607,6.3110666,0.5544969704190278,,,,,,,,,True,True
2927213249537425408,,,NGC2287,101.37605285644533,-20.399763107299805,1.2854471,15.168574,0.1911391035557775,,,,,,,,,,,,False,False
2927213382674763008,,,NGC2287,101.28336334228516,-20.44869041442871,1.0678625,14.5881195,0.1153066260835745,,,,,,,,,,,,False,False
2927213490055622784,,,NGC2287,101.32627868652344,-20.42045783996582,2.5494041000000003,18.288395,0.1915989169731872,,,,,,,,,,,,False,False
2927214104230768768,,,NGC2287,101.35710906982422,-20.37028884887696,2.506712,18.25843,0.1840135148180219,,,,,,,,,,,,False,False
2927214555207452288,,,NGC2287,101.44314575195312,-20.390913009643555,1.5042992,15.698676999999998,0.2270278516435276,,,,,,,,,,,,False,False
2927214830085355648,,,NGC2287,101.4288330078125,-20.3761043548584,1.0962915000000002,14.648435999999998,0.1382608798074223,,,,,,,,,,,,False,False
2927215311121675904,,,NGC2287,101.4339828491211,-20.34995079040528,1.800415,16.391619,0.2400832602401291,,,,,,,,,,,,False,False
2927215375539699200,,,NGC2287,101.47417449951172,-20.329065322875977,1.9175243,16.579294,0.2593239575845055,,,,,,,,,,,,False,False
2927215551639871232,,,NGC2287,101.3931655883789,-20.3671875,1.5318413,15.701214000000002,0.2501455979834614,,,,,,,,,,,,False,False
2927215925295504128,,,NGC2287,101.37945556640624,-20.336578369140625,2.4194622000000003,18.705418,0.1130109175033163,,,,,,,,,,,,False,False
2927215963956711296,,,NGC2287,101.38804626464844,-20.32808303833008,0.9353733,14.061203,0.1107271943552232,,,,,,,,,,,,False,False
2927215963956712448,,,NGC2287,101.39205169677734,-20.332406997680664,1.1703739,14.789314,0.1955704069542194,,,,,,,,,,,,False,False
2927216307554059264,,,NGC2287,101.43714141845705,-20.294279098510746,1.4135733,15.413215,0.2410676407679932,,,,,,,,,,,,False,False
2927216440696141312,,,NGC2287,101.40342712402344,-20.28569602966309,2.4488907,17.82319,0.2299886305393582,,,,,,,,,,,,False,False
2927216509410873856,,,NGC2287,101.4399642944336,-20.27767944335937,0.4607916,11.958858,0.1325029591408523,40.8934,30.520855,0.7463516117515296,,,,,,,,,True,False
2927218197339936768,,,NGC2287,101.02132415771484,-20.480255126953125,1.9069118000000005,16.015772,0.4307102436052947,,,,,,,,,,,,False,False
2927218403498331648,,,NGC2287,101.0924301147461,-20.46904563903809,1.9919682,16.713905,0.2654908251087808,,,,,,,,,,,,False,False
2927218850174904192,,,NGC2287,101.17252349853516,-20.48067855834961,0.85799694,13.793112,0.0564630806627505,,,,,,,,,,,,False,False
2927218914592623232,,,NGC2287,101.16387176513672,-20.472143173217773,2.4624176,18.31577,0.1650068616676487,,,,,,,,,,,,False,False
2927218918894377472,,,NGC2287,101.16658782958984,-20.46885871887207,2.2017136,16.71386,0.3718834921897039,,,,,,,,,,,,False,False
2927219743523568512,,,NGC2287,101.18709564208984,-20.409008026123047,2.4104042000000003,18.597206,0.1212060035395268,,,,,,,,,,,,False,False
2927219979742895488,,,NGC2287,101.10716247558594,-20.441734313964844,0.47289848,12.020598,0.1124898584375349,45.13682,41.839615,0.9269508795701603,,,,,,,,,True,False
2927220224564432128,,,NGC2287,101.11074829101562,-20.41918563842773,1.1599312,14.897615,0.1310122085492792,,,,,,,,,,,,False,False
2927220465082571776,,,NGC2287,101.16439819335938,-20.412818908691406,-0.0493545529999999,9.177327,0.0607133334392865,239.53911,21.27392,0.0888118854578695,,,,,,,,,True,True
2927220568161780224,,,NGC2287,101.15809631347656,-20.39439392089844,0.7683277,13.311431,0.1165263376100819,,,,,,,,,,,,False,False
2927220602521513216,,,NGC2287,101.18390655517578,-20.401456832885746,1.4281502,15.512642,0.2195658456271608,,,,,,,,,,,,False,False
2927221255356646016,,,NGC2287,101.00965118408205,-20.46098518371582,2.177475,18.618967,0.0634405008247255,,,,,,,,,,,,False,False
2927221800809949312,,,NGC2287,101.05354309082033,-20.40512084960937,2.4562454,18.432104,0.1498776774134251,,,,,,,,,,,,False,False
2927223385660343808,,,NGC2287,101.10282135009766,-20.38431739807129,1.9290199,16.633423,0.2522629061549401,,,,,,,,,,,,False,False
2927223621875306496,,,NGC2287,101.0740737915039,-20.379657745361328,2.7888947,17.757820000000002,0.351282462917115,,,,,,,,,,,,False,False
2927224583948004736,,,NGC2287,101.01266479492188,-20.354616165161133,2.3935642,17.760745999999997,0.2223255520162825,,,,,,,,,,,,False,False
2927224996265629568,,,NGC2287,101.09759521484376,-20.3209285736084,2.4367962000000003,18.52858,0.1345757972261472,,,,,,,,,,,,False,False
2927225241086183552,,,NGC2287,101.05205535888672,-20.28574752807617,1.7060509,16.104157999999998,0.2580940096196623,,,,,,,,,,,,False,False
2927225958339076224,,,NGC2287,101.29483032226562,-20.365175247192383,2.5999775,17.883156,0.267294041566359,,,,,,,,,,,,False,False
2927226027058553088,,,NGC2287,101.27516174316406,-20.365568161010746,1.9871178,16.627594000000002,0.2843715826749651,,,,,,,,,,,,False,False
2927226336296239616,,,NGC2287,101.26725769042967,-20.328887939453125,2.4028702,17.730322,0.2303392650932551,,,,,,,,,,,,False,False
2927226478036682240,,,NGC2287,101.2938232421875,-20.31175994873047,1.6646023,16.062925,0.2411108078094174,,,,,,,,,,,,False,False
2927226649835423232,,,NGC2287,101.2242660522461,-20.355581283569336,2.1411990000000003,16.974386,0.276085031417449,,,,,,,,,,,,False,False
2927227302670402816,,,NGC2287,101.2747039794922,-20.297515869140625,2.5886612,18.16402,0.2194507479239647,,,,,,,,,,,,False,False
2927227543188580480,,,NGC2287,101.23396301269533,-20.28372001647949,0.6941147,12.933954,0.1211659641234454,,,,,,,,,,,,False,False
2927228058584613376,,,NGC2287,101.33855438232422,-20.28472328186035,2.0303402,16.794123000000003,0.2655809953763933,,,,,,,,,,,,False,False
2927229226815706496,,,NGC2287,101.29334259033205,-20.227876663208008,2.175291,16.942083,0.2990358536876176,,,,,,,,,,,,False,False
2927229536053351680,,,NGC2287,101.31509399414062,-20.243724822998047,0.6929816999999999,12.967417,0.080792678081619,,,,,,,,,,,,False,False
2927229600471527680,,,NGC2287,101.30900573730467,-20.2191104888916,2.3214607000000003,17.593903,0.2257759531783029,,,,,,,,,,,,False,False
2927229604772826112,,,NGC2287,101.30042266845705,-20.2293701171875,1.3513155,15.352714,0.1974917944670439,,,,,,,,,,,,False,False
2927231181017853056,,,NGC2287,101.1015167236328,-20.27708625793457,2.7771606,18.077324,0.2866948075465246,,,,,,,,,,,,False,False
2927231902575272960,,,NGC2287,101.17852783203124,-20.20153045654297,2.7188969,17.924196,0.296560772430225,,,,,,,,,,,,False,False
2927232727208996864,,,NGC2287,101.32777404785156,-20.1877670288086,2.5216827,18.310078,0.1814242555386989,,,,,,,,,,,,False,False
2927232903307706368,,,NGC2287,101.25462341308594,-20.1887435913086,0.40982914,11.8419285,0.1119144313046069,49.77309,27.830988,0.5591573277849536,,,,,,,,,True,False
2927233620561012352,,,NGC2287,101.2057647705078,-20.16072463989257,2.4774837000000005,18.175045,0.186908673481871,,,,,,,,,,,,False,False
2927233796660883072,,,NGC2287,101.27174377441406,-20.159666061401367,1.6361837,15.912972,0.2656730055199706,,,,,,,,,,,,False,False
2927233826719470592,,,NGC2287,101.28450012207033,-20.14463233947754,2.442768,17.854053,0.2231302096507667,,,,,,,,,,,,False,False
2927234239035829504,,,NGC2287,101.60798645019533,-20.39920425415039,2.8785706,18.212889,0.2921065908211524,,,,,,,,,,,,False,False
2927234758733929216,,,NGC2287,101.64197540283205,-20.370466232299805,1.918314,16.565632,0.2631585068215313,,,,,,,,,,,,False,False
2927235304192405760,,,NGC2287,101.55889129638672,-20.37744140625,2.278885,18.699783,0.0808386246377771,,,,,,,,,,,,False,False
2927235480288436608,,,NGC2287,101.59007263183594,-20.347457885742188,0.9600754,14.285704,0.0397428815502127,,,,,,,,,,,,False,False
2927235510345883392,,,NGC2287,101.57054901123048,-20.34500503540039,1.8947277,16.453287,0.279106525669883,,,,,,,,,,,,False,False
2927235583367276288,,,NGC2287,101.5403823852539,-20.35475730895996,0.71728706,13.07289,0.0985476682913471,,,,,,,,,,,,False,False
2927235686446477568,,,NGC2287,101.53646087646484,-20.3254451751709,0.38343334,11.713377,0.1493558371123545,47.536495,29.426186,0.6190230474501749,,,,,,,,,True,False
2927235789525689600,,,NGC2287,101.54681396484376,-20.326528549194336,0.93874073,14.158093,0.0576624329398295,,,,,,,,,,,,False,False
2927235995684507648,,,NGC2287,101.61549377441406,-20.316455841064453,2.2907887,17.362926,0.2566034778675419,,,,,,,,,,,,False,False
2927236545440315776,,,NGC2287,101.71247863769533,-20.319957733154297,0.6065216,12.532015,0.0807499276442063,,,,,,,,,,,,False,False
2927236575497799424,,,NGC2287,101.71625518798828,-20.306690216064453,2.160223,17.060843,0.265397643875411,,,,,,,,,,,,False,False
2927236712936756864,,,NGC2287,101.68187713623048,-20.305397033691406,2.1057587000000004,17.287508,0.198967432478098,,,,,,,,,,,,False,False
2927236919095204096,,,NGC2287,101.69083404541016,-20.27739524841309,2.574072,18.483192000000003,0.1736982460968766,,,,,,,,,,,,False,False
2927236923397433472,,,NGC2287,101.69465637207033,-20.269411087036133,2.2869072,17.28849,0.2699045916069477,,,,,,,,,,,,False,False
2927237610591765760,,,NGC2287,101.64185333251952,-20.28030776977539,0.7086239000000001,13.052774,0.0743558451457698,,,,,,,,,,,,False,False
2927237644951942400,,,NGC2287,101.65890502929688,-20.273536682128903,1.8536148,16.558775,0.2295251069099078,,,,,,,,,,,,False,False
2927238125988275072,,,NGC2287,101.67928314208984,-20.245704650878903,0.7032099,13.066864,0.032053498721051,,,,,,,,,,,,False,False
2927238332146235008,,,NGC2287,101.66847229003906,-20.22631454467773,0.38562298,11.765728,0.1191964462804667,63.56672,58.264416,0.9165867925858059,,,,,,,,,True,False
2927238469585172224,,,NGC2287,101.69155883789062,-20.21030235290528,2.5657406000000003,18.483837,0.1715389318473761,,,,,,,,,,,,False,False
2927239461719356928,,,NGC2287,101.54695892333984,-20.27152442932129,2.4001312,18.721981,0.1070151663621024,,,,,,,,,,,,False,False
2927239912694290048,,,NGC2287,101.47918701171876,-20.268213272094727,1.5147562,15.65248,0.2517981529953933,,,,,,,,,,,,False,False
2927240462450061440,,,NGC2287,101.52684783935548,-20.218280792236328,1.4565773000000002,14.832697,0.6203954359683693,,,,,,,,,,,,False,False
2927241527601875584,,,NGC2287,101.6845245361328,-20.18326568603516,2.6429062,17.830038000000002,0.2902223787487858,,,,,,,,,,,,False,False
2927243417387972224,,,NGC2287,101.77576446533205,-20.22303009033203,0.9377384,14.000764000000002,0.1617527470393951,,,,,,,,,,,,False,False
2927243550524751232,,,NGC2287,101.81790161132812,-20.2116756439209,2.3494263,17.409917999999998,0.2695158888593208,,,,,,,,,,,,False,False
2927245719490417408,,,NGC2287,101.8691864013672,-20.11632919311523,1.5949001,15.906458,0.2359271514436462,,,,,,,,,,,,False,False
2927247673694024448,,,NGC2287,101.6659164428711,-20.147491455078125,2.3334866,17.527613,0.2415796261129799,,,,,,,,,,,,False,False
2927247776774415104,,,NGC2287,101.66101837158205,-20.131851196289062,2.7662125,18.187374,0.2653057446654231,,,,,,,,,,,,False,False
2927248502628758912,,,NGC2287,101.63916778564452,-20.139198303222656,1.8147507,16.503784,0.2209224025142761,,,,,,,,,,,,False,False
2927252041681920384,,,NGC2287,101.44583129882812,-20.215850830078125,1.160963,14.2645855,0.5424260122457767,,,,,,,,,,,,False,False
2927252797596130688,,,NGC2287,101.47772979736328,-20.1711483001709,0.85413074,13.748838,0.0779857996526908,,,,,,,,,,,,False,False
2927252965093633664,,,NGC2287,101.36785125732422,-20.20902633666992,1.4199305,14.7786875,0.6051733652702277,,,,,,,,,,,,False,False
2927253686648268800,,,NGC2287,101.44612121582033,-20.131885528564453,2.4029999,18.0134,0.1874693731663115,,,,,,,,,,,,False,False
2927254034546691584,,,NGC2287,101.52333068847656,-20.159988403320312,1.4981222,15.709548000000002,0.2181645523894284,,,,,,,,,,,,False,False
2927254446863528448,,,NGC2287,101.52806091308594,-20.11935234069824,1.4247493999999998,15.5391655,0.2071764299141228,,,,,,,,,,,,False,False
2927254756101147904,,,NGC2287,101.57579040527344,-20.103662490844727,0.9218397,14.1281,0.0297068779632509,,,,,,,,,,,,False,False
2927254923598917248,,,NGC2287,101.53284454345705,-20.09770965576172,1.98135,16.650454,0.2755595878267601,,,,,,,,,,,,False,False
2927255232836530048,,,NGC2287,101.50074768066406,-20.114219665527344,2.4812565,18.504635,0.148127575825662,,,,,,,,,,,,False,False
2927256096130933120,,,NGC2287,101.5234603881836,-20.04276466369629,1.0331812,14.3750925,0.1586488089800655,,,,,,,,,,,,False,False
2927257264362109568,,,NGC2287,101.37474060058594,-20.07711601257324,0.6952038,11.784273,0.6795998951095573,14.283027,51.316185,3.5928087932621002,,,,,,,,,True,False
2927257706737722880,,,NGC2287,101.28948974609376,-20.099374771118164,2.4009285,17.458576,0.2789380338136903,,,,,,,,,,,,False,False
2927258054636098304,,,NGC2287,101.3430633544922,-20.065204620361328,2.5696888,17.82274,0.2683580046649274,,,,,,,,,,,,False,False
2927258535672399616,,,NGC2287,101.4551773071289,-20.07597923278809,1.6474257,15.958772,0.259770239908396,,,,,,,,,,,,False,False
2927259699602692864,,,NGC2287,101.38834381103516,-20.030595779418945,2.582714,18.24204,0.2067990653151886,,,,,,,,,,,,False,False
2927262624475603712,,,NGC2287,101.58534240722656,-19.97331619262696,2.4449635,18.367294,0.1543455004436215,,,,,,,,,,,,False,False
2927265648138135808,,,NGC2287,101.56317901611328,-19.95631599426269,1.8286934,16.015173,0.374209265158395,,,,,,,,,,,,False,False
2927266193593421568,,,NGC2287,101.46544647216795,-19.95628929138184,2.3884354,17.363155,0.2937127576498582,,,,,,,,,,,,False,False
2927266674632080768,,,NGC2287,101.53005981445312,-19.92692756652832,2.4747753,18.783484,0.1184325855706848,,,,,,,,,,,,False,False
2927270424141603328,,,NGC2287,100.9355697631836,-20.31856346130371,1.220212,14.917878,0.2108883622661334,,,,,,,,,,,,False,False
2927271729811622272,,,NGC2287,101.00460815429688,-20.309520721435547,0.742054,13.159587,0.1379486637751394,,,,,,,,,,,,False,False
2927271729811628800,,,NGC2287,101.00904846191406,-20.322593688964844,1.2904062,15.1970415,0.1861040793427846,,,,,,,,,,,,False,False
2927278597456889984,,,NGC2287,101.07186126708984,-20.20755958557129,2.1680088,17.263776999999997,0.2278224571747421,,,,,,,,,,,,False,False
2927280109285460864,,,NGC2287,101.05889892578124,-20.154279708862305,1.5885248,15.89862,0.2333767615205602,,,,,,,,,,,,False,False
2927280972581666304,,,NGC2287,101.21604919433594,-20.12713623046875,2.514412,18.003565,0.2218440689178203,,,,,,,,,,,,False,False
2927286775078226432,,,NGC2287,101.0409927368164,-19.98949241638184,2.136345,17.168957000000002,0.2331290947526807,,,,,,,,,,,,False,False
2927290043552125440,,,NGC2287,100.8485107421875,-20.10224723815918,1.131608,13.97775,0.7847627543451798,,,,,,,,,,,,False,False
2927290795164218624,,,NGC2287,100.76725769042967,-20.08118438720703,2.4902344,17.818632,0.2438541944082513,,,,,,,,,,,,False,False
2927295399369291776,,,NGC2287,100.7483139038086,-19.9876708984375,2.5515404,17.744367999999998,0.2765918076191712,,,,,,,,,,,,False,False
2927296292722428160,,,NGC2287,100.90047454833984,-20.03445625305176,2.5152836,17.585804,0.294533592428295,,,,,,,,,,,,False,False
2927298805285283584,,,NGC2287,101.00957489013672,-19.95066261291504,1.4972143,15.772666,0.1979247080622817,,,,,,,,,,,,False,False
2927302309981087104,,,NGC2287,100.7947235107422,-19.890947341918945,0.71142006,13.023384,0.1187842363918695,,,,,,,,,,,,False,False
2927304818240034816,,,NGC2287,101.2719268798828,-20.049230575561523,1.1564531,14.999297,0.0872115443992538,,,,,,,,,,,,False,False
2927304921318697088,,,NGC2287,101.21709442138672,-20.070384979248047,0.94109917,14.084518,0.1112194422394613,,,,,,,,,,,,False,False
2927306188329799552,,,NGC2287,101.20872497558594,-19.99727249145508,2.6359081,18.272194,0.21699388830767,,,,,,,,,,,,False,False
2927306914184020352,,,NGC2287,101.35210418701172,-19.99769592285156,0.9396181,14.057529999999998,0.1256472663584873,,,,,,,,,,,,False,False
2927307876256119808,,,NGC2287,101.29966735839844,-19.972087860107425,1.1179503999999998,14.7436285,0.1312373338340122,,,,,,,,,,,,False,False
2927311033052138240,,,NGC2287,101.15611267089844,-19.89404487609864,2.573944,18.444357,0.1783308118862465,,,,,,,,,,,,False,False
2927311995124838528,,,NGC2287,101.26808166503906,-19.88176345825196,2.5125942,18.447739,0.1623941431943549,,,,,,,,,,,,False,False
2927312441801477120,,,NGC2287,101.2334976196289,-19.863008499145508,2.321558,17.349884,0.2709178648754326,,,,,,,,,,,,False,False
2927313270734983808,,,NGC2287,101.26119232177734,-19.814138412475582,1.1281108999999998,14.728167,0.1553850510492426,,,,,,,,,,,,False,False
2927313648692679040,,,NGC2287,101.40276336669922,-19.917869567871097,1.0499659,13.763433,0.7988694203002124,,,,,,,,,,,,False,False
2927314640826728192,,,NGC2287,101.41962432861328,-19.86915779113769,1.9252663,16.619170999999998,0.2537110286770905,,,,,,,,,,,,False,False
2927314645125059328,,,NGC2287,101.4189682006836,-19.868389129638672,1.8236008,16.304377,0.2775472780069474,,,,,,,,,,,,False,False
2927315160521106176,,,NGC2287,101.44619750976562,-19.84071922302246,0.6973095,13.069272,-0.0008484916254118,,,,,,,,,,,,False,False
2927317565702161408,,,NGC2287,101.48155975341795,-19.7424373626709,1.0727377,14.571129999999998,0.1329121022356035,,,,,,,,,,,,False,False
2927317600061894912,,,NGC2287,101.49463653564452,-19.74165725708008,1.9460468,15.929594,0.4962226499645323,,,,,,,,,,,,False,False
2927324231491589760,,,NGC2287,101.07481384277344,-19.819520950317383,1.6663437,16.070154000000002,0.2402612115500244,,,,,,,,,,,,False,False
2927327147770818816,,,NGC2287,101.0457992553711,-19.8023624420166,2.2559720000000003,17.21896,0.2719168410624874,,,,,,,,,,,,False,False
2927331992493282560,,,NGC2287,101.28988647460938,-19.68727302551269,2.4563084,18.5666,0.1353959769929691,,,,,,,,,,,,False,False
2927336429198549760,,,NGC2287,101.20852661132812,-19.59235954284668,0.83237267,13.615085,0.1098332144662849,,,,,,,,,,,,False,False
2927339517275782400,,,NGC2287,101.23475646972656,-19.5142879486084,2.5678787,18.41399,0.1804991008438592,,,,,,,,,,,,False,False
2926099203739690752,,,NGC2287,102.4979019165039,-21.567325592041016,1.3812037,15.50611,0.1758488390325195,,,,,,,,,,,,False,False
2926108132970210688,,,NGC2287,102.64048767089844,-21.41587448120117,2.201643,17.253391,0.2431755591366811,,,,,,,,,,,,False,False
2926153453464953472,,,NGC2287,102.43121337890624,-21.478126525878903,2.4563656000000003,17.958723000000003,0.2112454400991373,,,,,,,,,,,,False,False
2926160535873965952,,,NGC2287,102.48377227783205,-21.285036087036133,1.011756,14.341819,0.1297775931474268,,,,,,,,,,,,False,False
2926166617547624576,,,NGC2287,102.00007629394533,-21.40283393859864,1.4456196,15.5548115,0.2217850575927249,,,,,,,,,,,,False,False
2926168954009811072,,,NGC2287,102.11531066894533,-21.30297470092773,2.0602150000000004,16.842209,0.2688096445002303,,,,,,,,,,,,False,False
2926176337052284032,,,NGC2287,102.20984649658205,-21.17088317871093,2.30661,17.353607,0.2644614431439731,,,,,,,,,,,,False,False
2926176684951010688,,,NGC2287,102.3149871826172,-21.18567657470703,1.3938408000000002,15.540935500000002,0.1769453361224988,,,,,,,,,,,,False,False
2926178536075592704,,,NGC2287,102.302490234375,-21.09502220153809,2.4828033,17.847839999999998,0.2366844711058237,,,,,,,,,,,,False,False
2926179158852847360,,,NGC2287,102.64896392822266,-21.327411651611328,0.9898195,14.335956,0.0826661344548552,,,,,,,,,,,,False,False
2926179188909389568,,,NGC2287,102.66627502441406,-21.31200218200684,2.461485,17.971733,0.2108465000398491,,,,,,,,,,,,False,False
2926181147414553216,,,NGC2287,102.7221221923828,-21.27191734313965,1.9525146,16.793346,0.22773509809193,,,,,,,,,,,,False,False
2926185034368068608,,,NGC2287,102.56037902832033,-21.187456130981445,1.6425123,15.97413,0.2513890149911258,,,,,,,,,,,,False,False
2926192937107711744,,,NGC2287,102.79109954833984,-21.033262252807617,1.3720484,15.132546,0.3141963299924959,,,,,,,,,,,,False,False
2926199224939924480,,,NGC2287,102.6152114868164,-21.05972480773925,1.3351088,15.186109,0.2443553924179426,,,,,,,,,,,,False,False
2926781278906568448,,,NGC2287,101.15126037597656,-21.92987632751465,1.1280279,14.987485,0.0519499887291579,,,,,,,,,,,,False,False
2926785947529258624,,,NGC2287,101.39341735839844,-21.8242416381836,2.52137,18.3057,0.1818957399083773,,,,,,,,,,,,False,False
2926806322853062656,,,NGC2287,101.35662078857422,-21.52985954284668,2.3532104,17.387365,0.27541527824775,,,,,,,,,,,,False,False
2926807564105682304,,,NGC2287,101.3383331298828,-21.478290557861328,1.8900776,16.470827,0.271776754802588,,,,,,,,,,,,False,False
2926811687274275712,,,NGC2287,101.27337646484376,-21.415021896362305,1.2479906,15.082560999999998,0.1780801769828567,,,,,,,,,,,,False,False
2926812576328406528,,,NGC2287,101.65697479248048,-21.63654327392578,2.559641,18.668688,0.1494000763104123,,,,,,,,,,,,False,False
2926816218458803328,,,NGC2287,101.6671142578125,-21.489959716796875,2.628683,18.29267,0.2122109687593508,,,,,,,,,,,,False,False
2926816355896759168,,,NGC2287,101.69381713867188,-21.476205825805664,1.9954567,16.721249,0.2654966771087985,,,,,,,,,,,,False,False
2926817219188771328,,,NGC2287,101.52706146240234,-21.551647186279297,2.4707928,18.039532,0.2037026774354152,,,,,,,,,,,,False,False
2926818524862977024,,,NGC2287,101.50340270996094,-21.477394104003903,0.0100660319999999,10.382819,0.0602416670126043,137.96312,71.742905,0.5200150953385223,,,,,,,,,True,True
2926820174130173440,,,NGC2287,101.5469970703125,-21.440141677856445,2.4259949,18.56597,0.1280906131553606,,,,,,,,,,,,False,False
2926824091140268416,,,NGC2287,101.82131958007812,-21.40886116027832,0.9453745,14.218153,0.0401818478483622,,,,,,,,,,,,False,False
2926825431170093184,,,NGC2287,101.70687103271484,-21.41348457336425,1.574748,15.81976,0.2470521682838363,,,,,,,,,,,,False,False
2926825976623707648,,,NGC2287,101.75750732421876,-21.37705993652344,2.6017647,17.538918,0.3345788170306926,,,,,,,,,,,,False,False
2926826182782177920,,,NGC2287,101.74063873291016,-21.360960006713867,1.8195114,16.26855,0.2852213783436453,,,,,,,,,,,,False,False
2926826354580784512,,,NGC2287,101.63255310058594,-21.397993087768555,2.4436436,16.743404,0.4844108532848707,,,,,,,,,,,,False,False
2926827320955680128,,,NGC2287,101.68434143066406,-21.32104682922364,1.3924856,15.483298,0.1945167234916489,,,,,,,,,,,,False,False
2926828175647141504,,,NGC2287,101.8508529663086,-21.29430389404297,2.445301,17.569761,0.2732391887283512,,,,,,,,,,,,False,False
2926828313086844288,,,NGC2287,101.80353546142578,-21.289201736450195,2.5580082,17.875103,0.255648300595008,,,,,,,,,,,,False,False
2926832608054136960,,,NGC2287,101.5370635986328,-21.39533424377441,2.4773483,17.820776000000002,0.2394078064768596,,,,,,,,,,,,False,False
2926834021100856192,,,NGC2287,101.3436508178711,-21.44125366210937,2.5411491,18.523754,0.160816181479954,,,,,,,,,,,,False,False
2926834124183393792,,,NGC2287,101.36359405517578,-21.42772102355957,1.813921,16.47608,0.2270419717231642,,,,,,,,,,,,False,False
2926834708293172352,,,NGC2287,101.4184112548828,-21.38775062561035,2.5041656000000003,18.757322,0.1275915366038215,,,,,,,,,,,,False,False
2926841369786820096,,,NGC2287,101.75244903564452,-21.21738243103028,2.4767647,18.10193,0.1966268087863129,,,,,,,,,,,,False,False
2926842920270109568,,,NGC2287,101.53578186035156,-21.277814865112305,2.5064316000000004,18.630089,0.1408635604286683,,,,,,,,,,,,False,False
2926843160788312832,,,NGC2287,101.49134063720705,-21.25852394104004,2.640997,18.01898,0.2568125470005498,,,,,,,,,,,,False,False
2926843401312541440,,,NGC2287,101.54067993164062,-21.243911743164062,0.8290148,13.704595,0.0174398035633398,,,,,,,,,,,,False,False
2926843676190446336,,,NGC2287,101.51969909667967,-21.22683334350586,1.7368506999999995,16.230944,0.2429360045405653,,,,,,,,,,,,False,False
2926844530882789120,,,NGC2287,101.5159683227539,-21.19489097595215,2.4996967,18.175465,0.1930360051912676,,,,,,,,,,,,False,False
2926844599602293760,,,NGC2287,101.54768371582033,-21.1757926940918,2.3955173,17.921331,0.1983046542987973,,,,,,,,,,,,False,False
2926846631127833984,,,NGC2287,101.60767364501952,-21.133207321166992,0.82539654,13.645705,0.0525989588618491,,,,,,,,,,,,False,False
2926846906005739392,,,NGC2287,101.58201599121094,-21.11122703552246,0.98154163,14.352329999999998,0.055016857917048,,,,,,,,,,,,False,False
2926858313439295744,,,NGC2287,101.1850814819336,-21.428955078125,1.0471029,14.50903,0.1143413479197114,,,,,,,,,,,,False,False
2926859034993758080,,,NGC2287,101.20043182373048,-21.37825393676757,1.402092,15.406641,0.2315836746191873,,,,,,,,,,,,False,False
2926859550389898624,,,NGC2287,101.09019470214844,-21.389854431152344,1.6013212,15.848119,0.2592657574904096,,,,,,,,,,,,False,False
2926860065785882752,,,NGC2287,101.1839828491211,-21.325761795043945,2.4067936000000003,17.442068,0.2843868348523449,,,,,,,,,,,,False,False
2926863360021080320,,,NGC2287,101.13385772705078,-21.289295196533203,2.1872025,17.224165,0.2430931070145131,,,,,,,,,,,,False,False
2926875562028009216,,,NGC2287,100.85955047607422,-21.26538276672364,1.478735,15.605735999999998,0.2352522579369601,,,,,,,,,,,,False,False
2926875699466926464,,,NGC2287,100.89051818847656,-21.23520851135254,0.9002228000000001,13.761676,0.2401472221832644,,,,,,,,,,,,False,False
2926876180503226112,,,NGC2287,100.98789978027344,-21.25675201416016,1.8569088,16.4113,0.2683420797978399,,,,,,,,,,,,False,False
2926877310074984832,,,NGC2287,100.9524383544922,-21.19571876525879,2.4447632,18.571444,0.1320925606829321,,,,,,,,,,,,False,False
2926877417448374912,,,NGC2287,100.98626708984376,-21.21461296081543,2.1963863,18.68089,0.0630980617509807,,,,,,,,,,,,False,False
2926877928550342144,,,NGC2287,100.98666381835938,-21.15103340148925,2.4894161,17.811773000000002,0.2447424354576537,,,,,,,,,,,,False,False
2926424414364071680,,,NGC2287,100.89787292480467,-21.78093719482422,2.4647808,18.653984,0.1285628553700392,,,,,,,,,,,,False,False
2926883018091049600,,,NGC2287,101.28546905517578,-21.30957794189453,1.4019232,15.446204000000002,0.2169187592469506,,,,,,,,,,,,False,False
2926883666627072768,,,NGC2287,101.22537231445312,-21.303691864013672,2.4693813,18.666378,0.1284189851360299,,,,,,,,,,,,False,False
2926884632992939520,,,NGC2287,101.32151794433594,-21.286176681518555,2.4557457,18.66891,0.1249648484688807,,,,,,,,,,,,False,False
2926885693851671296,,,NGC2287,101.301513671875,-21.24679374694824,2.4618645,18.137196,0.1875829089464075,,,,,,,,,,,,False,False
2926885728209024640,,,NGC2287,101.28474426269533,-21.23785781860352,2.5108643,17.605644,0.2891120387083021,,,,,,,,,,,,False,False
2926886454064759552,,,NGC2287,101.35802459716795,-21.176618576049805,1.3002739,15.28356,0.1657607018968441,,,,,,,,,,,,False,False
2926887583636698112,,,NGC2287,101.1911849975586,-21.23268318176269,2.5148945,17.935888000000002,0.2324588825175827,,,,,,,,,,,,False,False
2926888756167352192,,,NGC2287,101.12833404541016,-21.18716049194336,1.0276098,14.410513,0.1260803064289032,,,,,,,,,,,,False,False
2926889885737531008,,,NGC2287,101.2645034790039,-21.131366729736328,2.6425076,17.549719,0.3466201933681008,,,,,,,,,,,,False,False
2926889988816754688,,,NGC2287,101.28116607666016,-21.12188148498535,2.3405533,17.587881,0.2334334290351152,,,,,,,,,,,,False,False
2926891535004912384,,,NGC2287,101.4054183959961,-21.170913696289062,2.360117,17.608458,0.2366307404419103,,,,,,,,,,,,False,False
2926892123422228224,,,NGC2287,101.46851348876952,-21.13019561767578,0.5393982,12.247541,0.1005706722868598,,,,,,,,,,,,False,False
2926892153480278528,,,NGC2287,101.48482513427734,-21.115705490112305,2.628086,18.137152,0.2344977475398872,,,,,,,,,,,,False,False
2926892192140971264,,,NGC2287,101.46874237060548,-21.12163734436035,2.2358913,17.241291,0.2592531170056194,,,,,,,,,,,,False,False
2926892363939729920,,,NGC2287,101.38575744628906,-21.151582717895508,1.8709583,16.430007999999997,0.27157194265687,,,,,,,,,,,,False,False
2926892978114008832,,,NGC2287,101.45790100097656,-21.108566284179688,2.2090092,17.309647000000002,0.2353181120721514,,,,,,,,,,,,False,False
2926893051128076160,,,NGC2287,101.44781494140624,-21.09654235839844,2.56003,18.459057,0.1730451077060133,,,,,,,,,,,,False,False
2926893257292845312,,,NGC2287,101.44117736816406,-21.076271057128903,1.2890625,15.2105255,0.1793790683485907,,,,,,,,,,,,False,False
2926893768386816512,,,NGC2287,101.51146697998048,-21.091371536254886,0.55110455,12.210804,0.1663707427508373,,,,,,,,,,,,False,False
2926894322444658432,,,NGC2287,101.5496063232422,-21.0534725189209,1.2364931,15.116815,0.1500380580366448,,,,,,,,,,,,False,False
2926894837840786560,,,NGC2287,101.44816589355467,-21.04656791687012,1.4410477,15.584314,0.2075353164546252,,,,,,,,,,,,False,False
2926895043999165696,,,NGC2287,101.52361297607422,-21.03673934936523,0.9725399,14.205932,0.1168789010561687,,,,,,,,,,,,False,False
2926895147078372864,,,NGC2287,101.52957916259766,-21.0297908782959,1.3563747,15.069586,0.3253592168564802,,,,,,,,,,,,False,False
2926895421956274816,,,NGC2287,101.51605987548828,-21.01320075988769,1.5099783000000002,15.683373,0.2370411341117071,,,,,,,,,,,,False,False
2926895421958855680,,,NGC2287,101.50486755371094,-21.011817932128903,0.97563934,14.265067000000002,0.0889191029292562,,,,,,,,,,,,False,False
2926896585886607616,,,NGC2287,101.36930847167967,-21.049184799194336,2.3675213,17.482988,0.2620397101638574,,,,,,,,,,,,False,False
2926896865065436672,,,NGC2287,101.30436706542967,-21.06355667114257,0.81080437,13.561773,0.066892028243338,,,,,,,,,,,,False,False
2926897788476203648,,,NGC2287,101.43893432617188,-21.04564094543457,0.49667072,12.035563,0.1581432944352645,81.96082,86.59136,1.0564969945395861,,,,,,,,,True,False
2926899373326221056,,,NGC2287,101.37708282470705,-20.954326629638672,1.1355046999999998,14.717933,0.1728105352693373,,,,,,,,,,,,False,False
2926899648197370624,,,NGC2287,101.45294189453124,-20.93087387084961,2.158041,18.715105,0.051613806742079,,,,,,,,,,,,False,False
2926899682563842176,,,NGC2287,101.40876007080078,-20.94877052307129,0.508338,12.033086,0.1882987645788899,158.72597,117.36605,0.7394256277028896,,,,,,,,,True,False
2926899957442097920,,,NGC2287,101.07555389404295,-21.204879760742188,2.2422638,17.176085,0.2753560629786045,,,,,,,,,,,,False,False
2926900266674129152,,,NGC2287,101.06280517578124,-21.18369483947754,2.4017162,18.000504,0.1888812069551795,,,,,,,,,,,,False,False
2926900610271326336,,,NGC2287,101.12150573730467,-21.15626335144043,1.4616098,14.042459,1.6778833047189468,,,,,,,,,,,,False,False
2926903492195805440,,,NGC2287,101.13589477539062,-21.0555419921875,2.2202072,18.316069,0.1008194460505333,,,,,,,,,,,,False,False
2926906034816465920,,,NGC2287,100.99687957763672,-21.03491401672364,2.294798,17.415789999999998,0.2480230637566096,,,,,,,,,,,,False,False
2926906142194546432,,,NGC2287,101.0063934326172,-21.030696868896484,1.2809105,14.619115,0.491067901585274,,,,,,,,,,,,False,False
2926906515852834560,,,NGC2287,100.9834976196289,-20.99319267272949,2.530489,18.134712,0.2072999584668721,,,,,,,,,,,,False,False
2926906756370979328,,,NGC2287,101.08824920654295,-21.02436637878418,2.179762,17.139923,0.2570079558062998,,,,,,,,,,,,False,False
2926907924602103680,,,NGC2287,101.010009765625,-20.999610900878903,2.2567272000000003,17.249164999999998,0.2659832334798429,,,,,,,,,,,,False,False
2926908616095700736,,,NGC2287,101.07447052001952,-20.929277420043945,1.6831589,16.104836,0.2420871057907175,,,,,,,,,,,,False,False
2926908989752213120,,,NGC2287,101.27238464355467,-21.00295639038086,2.1816902,16.958284,0.2980939393990447,,,,,,,,,,,,False,False
2926908955392447872,,,NGC2287,101.26737213134766,-21.02556800842285,1.7266464,16.48999,0.1743748411296845,,,,,,,,,,,,False,False
2926909127191154176,,,NGC2287,101.22626495361328,-21.009504318237305,2.2281628,17.312082,0.2423050823381433,,,,,,,,,,,,False,False
2926909440729620096,,,NGC2287,101.32289123535156,-20.99464607238769,2.1067905,16.880869,0.2818327892631554,,,,,,,,,,,,False,False
2926910780759421952,,,NGC2287,101.22491455078124,-20.932907104492188,1.9738197,16.328781,0.3628855295222158,,,,,,,,,,,,False,False
2926910849478874624,,,NGC2287,101.26431274414062,-20.923667907714844,0.87380695,13.874815,0.0499245893775343,,,,,,,,,,,,False,False
2926910986918923392,,,NGC2287,101.34732818603516,-20.955835342407227,0.98755646,14.323495,0.084270756825884,,,,,,,,,,,,False,False
2926911120054686208,,,NGC2287,101.3639678955078,-20.94309425354004,0.6369829,12.678548,0.0844869993168905,,,,,,,,,,,,False,False
2926911193069633024,,,NGC2287,101.3578643798828,-20.927265167236328,2.5045776,18.534027,0.1506672844181706,,,,,,,,,,,,False,False
2926911330515187584,,,NGC2287,101.32229614257812,-20.932449340820312,0.7807312,13.422107,0.0640277630980831,,,,,,,,,,,,False,False
2926911566731284096,,,NGC2287,101.37345123291016,-20.927356719970703,0.5050458999999999,12.088645,0.1377785239903153,,,,,,,,,,,,False,False
2926912361307334528,,,NGC2287,101.28095245361328,-20.895309448242188,0.095944405,10.742032,0.1192373488376717,222.44406,44.15481,0.19849848991247507,,,,,,,,,True,True
2926912395667085696,,,NGC2287,101.26239776611328,-20.90013885498047,1.3099642,15.173753,0.2189983363862863,,,,,,,,,,,,False,False
2926912464386544768,,,NGC2287,101.29190063476562,-20.897655487060547,0.5184345,12.053593,0.1982663475194795,,,,,,,,,,,,False,False
2926912494445613952,,,NGC2287,101.29974365234376,-20.88495635986328,2.275528,17.464529000000002,0.2319920835513733,,,,,,,,,,,,False,False
2926912533106020096,,,NGC2287,101.28277587890624,-20.889657974243164,0.11482811,10.784023,0.1365277006193912,145.99045,86.83773,0.5948178802106575,,,,,,,,,True,True
2926912773624129408,,,NGC2287,101.36966705322266,-20.862424850463867,1.0135355,14.403693,0.0992100266866919,,,,,,,,,,,,False,False
2926912979775910400,,,NGC2287,101.30939483642578,-20.85496520996093,2.4798965,18.520586,0.1460527846300203,,,,,,,,,,,,False,False
2926913014142303872,,,NGC2287,101.33577728271484,-20.853290557861328,0.5858793000000001,12.437391,0.0837297601357729,,,,,,,,,,,,False,False
2926913082861777024,,,NGC2287,101.328857421875,-20.838659286499023,0.884758,13.937729999999998,0.0412303532281065,,,,,,,,,,,,False,False
2926913216001836544,,,NGC2287,101.14928436279295,-20.96406936645508,2.0593777,16.612041,0.3268566001171708,,,,,,,,,,,,False,False
2926913357739833728,,,NGC2287,101.17561340332033,-20.943254470825195,1.1621141,14.161831,0.6512227594409352,,,,,,,,,,,,False,False
2926914491604034816,,,NGC2287,101.13145446777344,-20.889982223510746,2.523779,18.419186,0.1685901297772513,,,,,,,,,,,,False,False
2926914899629060352,,,NGC2287,101.158935546875,-20.86749267578125,2.4575405,17.237696,0.3488742185556906,,,,,,,,,,,,False,False
2926914903921639424,,,NGC2287,101.1590347290039,-20.86710929870605,2.524311,17.634851,0.2880679289622534,,,,,,,,,,,,False,False
2926914938287751552,,,NGC2287,101.1811294555664,-20.878990173339844,1.6854362,16.079617000000002,0.2509266274059369,,,,,,,,,,,,False,False
2926915037068188032,,,NGC2287,101.1760711669922,-20.854061126708984,2.5822678,18.579758,0.1645230282245506,,,,,,,,,,,,False,False
2926970601067271040,,,NGC2287,102.109619140625,-20.869882583618164,1.5304956,15.050164,0.5666561621880983,,,,,,,,,,,,False,False
2926915689901495040,,,NGC2287,101.22000885009766,-20.862085342407227,2.4451046,18.088455,0.1894100509686552,,,,,,,,,,,,False,False
2926970704146482432,,,NGC2287,102.10121154785156,-20.856225967407227,0.9453869,14.101425,0.1119121987465669,,,,,,,,,,,,False,False
2926915861700003200,,,NGC2287,101.24246215820312,-20.83199691772461,2.128662,17.028893,0.2585088713270146,,,,,,,,,,,,False,False
2926916067858620032,,,NGC2287,101.33316802978516,-20.81806373596192,2.3414326,18.712738,0.0942600433453059,,,,,,,,,,,,False,False
2926916140878487936,,,NGC2287,101.31941986083984,-20.81631660461425,0.54382133,12.082233,0.2421206330307341,93.914986,51.82026,0.5517783924282329,,,,,,,,,True,False
2926916175238247936,,,NGC2287,101.27047729492188,-20.83102226257324,2.1504936000000003,17.114758,0.2498889041474151,,,,,,,,,,,,False,False
2926916209591281920,,,NGC2287,101.29092407226562,-20.823617935180664,2.4608707,17.834543,0.2319410838730742,,,,,,,,,,,,False,False
2926916239657311616,,,NGC2287,101.26686096191406,-20.82162094116211,2.3192310000000003,17.866974,0.1825859509079689,,,,,,,,,,,,False,False
2926916274016870656,,,NGC2287,101.26943969726562,-20.817102432250977,2.5836678,18.340958,0.1938282841410155,,,,,,,,,,,,False,False
2926916274016872320,,,NGC2287,101.27555847167967,-20.811946868896484,2.621788,17.743841,0.2996424154777575,,,,,,,,,,,,False,False
2926916278317448320,,,NGC2287,101.27782440185548,-20.809783935546875,1.5895805,15.950159,0.2189417242146735,,,,,,,,,,,,False,False
2926916999871967872,,,NGC2287,101.24959564208984,-20.814640045166016,0.6494169,12.712462,0.1135318263053631,,,,,,,,,,,,False,False
2926917133010536064,,,NGC2287,101.27165222167967,-20.788219451904297,2.5868511,18.225475,0.2102209949569313,,,,,,,,,,,,False,False
2926917137310902016,,,NGC2287,101.27427673339844,-20.791210174560547,0.055192947,10.556322,0.0982420545558334,61.56776,92.37332,1.5003521323497884,,,,,,,,,True,True
2926917755789132416,,,NGC2287,101.97213745117188,-21.34224510192871,0.91875744,14.037954,0.077830288360043,,,,,,,,,,,,False,False
2926473273911648512,,,NGC2287,100.7975082397461,-21.64731979370117,2.3654175,17.632744,0.2342557392713729,,,,,,,,,,,,False,False
2926973933961811968,,,NGC2287,102.16715240478516,-20.7431583404541,1.803175,16.330517,0.2577413594094428,,,,,,,,,,,,False,False
2926973968321559424,,,NGC2287,102.14271545410156,-20.74051094055176,0.78038216,13.435668,0.0485987892806029,,,,,,,,,,,,False,False
2926920504563836544,,,NGC2287,102.10018920898438,-21.22178077697754,2.3544006,18.740875,0.0948179319743518,,,,,,,,,,,,False,False
2926974827315080320,,,NGC2287,102.0371551513672,-20.798290252685547,0.5397682,12.197561,0.1441331276779492,,,,,,,,,,,,False,False
2926920779441739008,,,NGC2287,102.0710678100586,-21.196229934692383,2.5095081,18.70791,0.1336674886041669,,,,,,,,,,,,False,False
2926974861674811264,,,NGC2287,102.06017303466795,-20.79647254943848,1.7642421999999998,16.206015,0.2676900144609368,,,,,,,,,,,,False,False
2926975647646566016,,,NGC2287,102.05807495117188,-20.73461151123047,2.6002178,17.082254000000002,0.4495214945051283,,,,,,,,,,,,False,False
2926976029905636992,,,NGC2287,102.00332641601562,-20.742530822753903,1.3411493,15.280805,0.2130841364226156,,,,,,,,,,,,False,False
2926976236064066688,,,NGC2287,101.99853515625,-20.73406219482422,2.0858707,16.380335000000002,0.4135071828154775,,,,,,,,,,,,False,False
2926976579661444352,,,NGC2287,102.05001831054688,-20.708574295043945,1.0216923,14.377707999999998,0.1315247629335138,,,,,,,,,,,,False,False
2926976614021179264,,,NGC2287,102.07110595703124,-20.692506790161133,1.2038851000000002,14.916184,0.1877901849890893,,,,,,,,,,,,False,False
2926923386484657024,,,NGC2287,101.7904052734375,-21.22425842285156,2.6306725,18.202751,0.2254891818813582,,,,,,,,,,,,False,False
2926923425145964928,,,NGC2287,101.7983627319336,-21.22020530700684,0.7335881999999999,13.131002,0.1234007213275105,,,,,,,,,,,,False,False
2926978057130187776,,,NGC2287,102.09597778320312,-20.680389404296875,1.8733788,16.31745,0.3045957263373318,,,,,,,,,,,,False,False
2926924971334110208,,,NGC2287,101.9843521118164,-21.15026092529297,1.0542994,14.43116,0.1716817899721103,,,,,,,,,,,,False,False
2926978881763902848,,,NGC2287,102.11125946044922,-20.621627807617188,1.7482262,16.165370000000003,0.2688606530913929,,,,,,,,,,,,False,False
2926979981275664000,,,NGC2287,102.32693481445312,-20.6626033782959,1.3535576,15.203003,0.2592851608347203,,,,,,,,,,,,False,False
2926927578371252864,,,NGC2287,102.10175323486328,-21.15414428710937,2.5261707,18.25593,0.1896000901302207,,,,,,,,,,,,False,False
2926927853249199360,,,NGC2287,102.08120727539062,-21.13043785095215,2.351553,17.285358,0.2959528901124566,,,,,,,,,,,,False,False
2926928029350772864,,,NGC2287,102.13919830322266,-21.12534141540528,1.3753042,15.407901,0.203166568682875,,,,,,,,,,,,False,False
2926982077213388416,,,NGC2287,102.4499282836914,-20.5808048248291,2.38163,18.743471,0.1008376914876181,,,,,,,,,,,,False,False
2926928991423592576,,,NGC2287,102.23651885986328,-21.08226776123047,2.1801376,17.295967,0.2266054210285385,,,,,,,,,,,,False,False
2926983825261473536,,,NGC2287,102.21106719970705,-20.62469482421875,2.1652813,16.998935999999997,0.2813030078371104,,,,,,,,,,,,False,False
2926930297093444096,,,NGC2287,102.21841430664062,-21.03847312927246,1.9938240000000005,16.789616,0.2487635218483939,,,,,,,,,,,,False,False
2926930984288280448,,,NGC2287,102.05902862548828,-21.088621139526367,1.7016068,16.111244,0.2529683069861219,,,,,,,,,,,,False,False
2926984787334281600,,,NGC2287,102.20691680908205,-20.58554649353028,2.427925,17.896476999999997,0.2119493221140147,,,,,,,,,,,,False,False
2926931568403827712,,,NGC2287,102.06226348876952,-21.077486038208008,0.8540486999999999,13.710099,0.1109379521154495,,,,,,,,,,,,False,False
2926931740202496768,,,NGC2287,102.08837127685548,-21.040218353271484,1.1310301,14.85528,0.1046500677858906,,,,,,,,,,,,False,False
2926932186879139072,,,NGC2287,101.96688842773438,-21.05674362182617,1.8550472,16.479164,0.2496777711384241,,,,,,,,,,,,False,False
2926932697972555392,,,NGC2287,102.02761840820312,-21.022401809692383,2.459364,17.630177,0.2667859562073304,,,,,,,,,,,,False,False
2926932839714121344,,,NGC2287,102.04269409179688,-21.001266479492188,1.0330334,14.44361,0.1196360846363387,,,,,,,,,,,,False,False
2926933282088109184,,,NGC2287,102.10236358642578,-21.02115249633789,2.6966972,18.253695,0.2360586831228445,,,,,,,,,,,,False,False
2926986814559007360,,,NGC2287,102.26702117919922,-20.53725242614746,2.6161804,18.264917,0.2126966821988813,,,,,,,,,,,,False,False
2926934587758296192,,,NGC2287,102.13641357421876,-20.974403381347656,2.4178276000000003,17.568834,0.263800389044824,,,,,,,,,,,,False,False
2926988090174602880,,,NGC2287,101.63031768798828,-21.02259826660156,1.2418318000000002,15.004842000000002,0.2023903314220849,,,,,,,,,,,,False,False
2926988227613566976,,,NGC2287,101.58788299560548,-21.016891479492188,1.6243725,15.93845,0.248686032401912,,,,,,,,,,,,False,False
2926934798219151744,,,NGC2287,102.1363525390625,-20.9384880065918,1.1691236,14.935042,0.1293031709897688,,,,,,,,,,,,False,False
2926988468131705216,,,NGC2287,101.6457748413086,-21.004302978515625,1.4053639999999998,15.438718,0.2231308054776993,,,,,,,,,,,,False,False
2926988536843918208,,,NGC2287,101.63470458984376,-21.00255966186523,2.5041447,18.740852,0.1291840075647145,,,,,,,,,,,,False,False
2926988743009616000,,,NGC2287,101.61947631835938,-20.991374969482425,1.7522087,16.217031,0.2567202307532931,,,,,,,,,,,,False,False
2926988807426774400,,,NGC2287,101.61783599853516,-20.985240936279297,2.3871365,17.849655,0.2063674924542859,,,,,,,,,,,,False,False
2926988811729094144,,,NGC2287,101.6125259399414,-20.98677444458008,0.9854851,14.262945000000002,0.1142640055594862,,,,,,,,,,,,False,False
2926988846088816384,,,NGC2287,101.6317901611328,-20.97183418273925,0.7557305999999999,13.319054,0.0442033391634722,,,,,,,,,,,,False,False
2926935588493329792,,,NGC2287,101.78582000732422,-21.16545486450196,1.0246401,14.449898999999998,0.0986681998823767,,,,,,,,,,,,False,False
2926988983527750272,,,NGC2287,101.63768005371094,-20.9495792388916,0.69966125,13.006383,0.0754342382679361,,,,,,,,,,,,False,False
2926989120966761600,,,NGC2287,101.56023406982422,-20.99067115783692,1.4065447,15.503728,0.2014881861690326,,,,,,,,,,,,False,False
2926989155326493952,,,NGC2287,101.58741760253906,-20.993728637695312,1.0512933999999998,14.536596,0.1087831755934921,,,,,,,,,,,,False,False
2926935794651744000,,,NGC2287,101.82701873779295,-21.154748916625977,1.8981056,16.440996,0.2843813212891219,,,,,,,,,,,,False,False
2926989361484938240,,,NGC2287,101.51956939697266,-20.98390769958496,2.4542675,17.899835999999997,0.2195512852690618,,,,,,,,,,,,False,False
2926989430204401536,,,NGC2287,101.56234741210938,-20.976985931396484,1.2128371999999998,15.028923,0.1529391957738169,,,,,,,,,,,,False,False
2926989567638147584,,,NGC2287,101.59759521484376,-20.97586250305176,2.4470615,18.193039,0.1761179984111119,,,,,,,,,,,,False,False
2926989842521237632,,,NGC2287,101.57550811767578,-20.948719024658203,1.8654613,16.462708,0.2598141025349647,,,,,,,,,,,,False,False
2926989979960168448,,,NGC2287,101.60179901123048,-20.93061256408692,0.11915493,11.1002655,0.0493127591792821,105.95831,53.11993,0.5013285885741288,,,,,,,,,True,True
2926990010016470144,,,NGC2287,101.61434173583984,-20.92043113708496,2.5887089,18.129896,0.2244551084043833,,,,,,,,,,,,False,False
2926936756724214912,,,NGC2287,101.72847747802734,-21.1074275970459,0.88322735,13.995151500000002,-0.0015582536102182,,,,,,,,,,,,False,False
2926936791084160384,,,NGC2287,101.78301239013672,-21.13107681274414,1.1740217,14.941945,0.1335874276597819,,,,,,,,,,,,False,False
2926990083039375488,,,NGC2287,101.5945816040039,-20.913843154907227,2.3874912,17.463034,0.2731488894262268,,,,,,,,,,,,False,False
2926990456692997120,,,NGC2287,101.65834045410156,-20.941743850708008,2.200716,17.048754000000002,0.2856393450714553,,,,,,,,,,,,False,False
2926990838945472512,,,NGC2287,101.76781463623048,-20.89761543273925,2.6159782000000003,18.546545,0.1765642159925649,,,,,,,,,,,,False,False
2926990869009989376,,,NGC2287,101.738525390625,-20.90275955200196,2.4681396,17.603544,0.2747730544785116,,,,,,,,,,,,False,False
2926990976392495104,,,NGC2287,101.72489166259766,-20.90185546875,1.173625,14.906096,0.1477349328174294,,,,,,,,,,,,False,False
2926991010752247296,,,NGC2287,101.69783782958984,-20.897390365600582,1.3804473999999998,15.392445,0.2141347093962015,,,,,,,,,,,,False,False
2926990697211230208,,,NGC2287,101.73761749267578,-20.92244529724121,2.1951332000000003,17.207348,0.249632233178278,,,,,,,,,,,,False,False
2926991251270459392,,,NGC2287,101.65258026123048,-20.922975540161133,1.0072613,14.401549,0.0866625509696372,,,,,,,,,,,,False,False
2926938131109572480,,,NGC2287,101.92982482910156,-21.0546817779541,2.4572868,18.565632,0.1357342586520378,,,,,,,,,,,,False,False
2926992007184612224,,,NGC2287,101.71610260009766,-20.84660530090332,0.7232647,13.129448000000002,0.0716850216573194,,,,,,,,,,,,False,False
2926992075904121472,,,NGC2287,101.67212677001952,-20.86156463623047,2.290348,17.332296,0.2624410021713689,,,,,,,,,,,,False,False
2926992174679151616,,,NGC2287,101.68544006347656,-20.85603141784668,0.5677738,12.242804,0.1905597030025493,,,,,,,,,,,,False,False
2926938543430781568,,,NGC2287,101.82575225830078,-21.071134567260746,1.395916,15.422346,0.219370823989065,,,,,,,,,,,,False,False
2926992346477855360,,,NGC2287,101.5288543701172,-20.96803092956543,0.7316779999999999,13.20765,0.0350926437311036,,,,,,,,,,,,False,False
2926938646505744768,,,NGC2287,101.83466339111328,-21.06273078918457,2.553358,18.759668,0.1385851943078558,,,,,,,,,,,,False,False
2926992415198036736,,,NGC2287,101.51058959960938,-20.958574295043945,1.666235,16.054092,0.2448246645492956,,,,,,,,,,,,False,False
2926992488222952320,,,NGC2287,101.54413604736328,-20.9382381439209,0.72831917,13.130326,0.0968854654904589,,,,,,,,,,,,False,False
2926992522582703872,,,NGC2287,101.51878356933594,-20.94443702697754,2.1459580000000003,18.730515,0.0477175919319862,,,,,,,,,,,,False,False
2926992552638302208,,,NGC2287,101.537109375,-20.92628669738769,2.4083996,18.403559,0.1408099424161035,,,,,,,,,,,,False,False
2926993106696342528,,,NGC2287,101.57720947265624,-20.88766098022461,0.990469,14.312428,0.0972816568876438,,,,,,,,,,,,False,False
2926992831818479744,,,NGC2287,101.50872802734376,-20.906982421875,0.7755575,13.078755,0.3932528395537298,,,,,,,,,,,,False,False
2926992866178208768,,,NGC2287,101.5627212524414,-20.92930793762207,1.189271,14.982465,0.1390090928470842,,,,,,,,,,,,False,False
2926939024467087488,,,NGC2287,101.87689208984376,-21.03346443176269,1.8584843,16.550116,0.2342390911559925,,,,,,,,,,,,False,False
2926939093186565376,,,NGC2287,101.86148834228516,-21.02550888061523,1.5207948999999998,15.735654,0.229261589991187,,,,,,,,,,,,False,False
2926992999312878976,,,NGC2287,101.5856704711914,-20.908740997314453,0.6254406,12.607314,0.095426108089446,,,,,,,,,,,,False,False
2926993141056113664,,,NGC2287,101.53641510009766,-20.90488052368164,1.2575693,15.099689,0.1835657860963124,,,,,,,,,,,,False,False
2926993175415844096,,,NGC2287,101.55184173583984,-20.90428161621093,-0.043011665,10.000846,0.0319236434565385,100.21616,27.850245,0.2779017376039952,,,,,,,,,True,True
2926993209775591680,,,NGC2287,101.52188873291016,-20.89779090881348,1.6894054,16.103779,0.2467034984168057,,,,,,,,,,,,False,False
2926993377270990976,,,NGC2287,101.5562973022461,-20.87736892700196,1.6930846999999998,16.097067000000003,0.251184477197419,,,,,,,,,,,,False,False
2926993622092478976,,,NGC2287,101.47965240478516,-20.91065216064453,1.6072855,15.943048999999998,0.2343728746553653,,,,,,,,,,,,False,False
2926993656452202112,,,NGC2287,101.4869384765625,-20.89351463317871,0.7218981,13.146981,0.0467078375169829,,,,,,,,,,,,False,False
2926993720869364608,,,NGC2287,101.45398712158205,-20.903541564941406,2.390751,17.786185999999997,0.2173504389620883,,,,,,,,,,,,False,False
2926993793891176448,,,NGC2287,101.43877410888672,-20.89146614074707,0.5307503,12.145727,0.1606110409236691,143.16125,88.682434,0.6194583660033703,,,,,,,,,True,False
2926993823947509632,,,NGC2287,101.4700164794922,-20.8980712890625,2.41601,17.844070000000002,0.2162956821133368,,,,,,,,,,,,False,False
2926993823947557120,,,NGC2287,101.46675872802734,-20.88612174987793,2.2787685,17.492310999999997,0.2282438625694522,,,,,,,,,,,,False,False
2926939539863032576,,,NGC2287,101.68875885009766,-21.122955322265625,1.8977852,16.416815,0.2908459679647026,,,,,,,,,,,,False,False
2926994236264473088,,,NGC2287,101.49815368652344,-20.871658325195312,2.3676414,17.712946,0.2215853206179168,,,,,,,,,,,,False,False
2926994309287215616,,,NGC2287,101.48233032226562,-20.86094093322754,1.6117353,15.948342000000002,0.2361496677559292,,,,,,,,,,,,False,False
2926994343646937600,,,NGC2287,101.49671173095705,-20.84854316711425,0.7048435000000001,13.104113,0.0024728037524932,,,,,,,,,,,,False,False
2926994412368225024,,,NGC2287,101.5258331298828,-20.84675407409668,2.3919907000000005,17.624798000000002,0.2447187386179749,,,,,,,,,,,,False,False
2926994687244261632,,,NGC2287,101.6360855102539,-20.8673038482666,1.2485161,15.070004999999998,0.1838491666983893,,,,,,,,,,,,False,False
2926994755963735808,,,NGC2287,101.62908172607422,-20.85649871826172,1.7385235,15.515017000000002,0.5211882856868217,,,,,,,,,,,,False,False
2926994824683234944,,,NGC2287,101.58860778808594,-20.856201171875,0.1025476459999999,10.699838,0.1389275286677641,70.08891,24.264261,0.34619258595974745,,,,,,,,,True,True
2926994824683241472,,,NGC2287,101.58867645263672,-20.864715576171875,0.9787874,14.212746,0.1285764503286245,,,,,,,,,,,,False,False
2926939741718744192,,,NGC2287,101.70516967773438,-21.09946823120117,2.2425900000000003,17.25787,0.2585882866514167,,,,,,,,,,,,False,False
2926939814740938752,,,NGC2287,101.66947174072266,-21.10558700561523,0.5907564000000001,12.505509,0.0421575484060924,,,,,,,,,,,,False,False
2926939814740941184,,,NGC2287,101.66710662841795,-21.114749908447266,2.248621,16.424646,0.4936208038823039,,,,,,,,,,,,False,False
2926994962122162816,,,NGC2287,101.61701202392578,-20.84290313720703,0.92356205,13.990757,0.125709633720366,,,,,,,,,,,,False,False
2926995202640300032,,,NGC2287,101.66371154785156,-20.837207794189453,1.1161251,14.713752,0.1418648301701313,,,,,,,,,,,,False,False
2926995305719496960,,,NGC2287,101.66400146484376,-20.80968475341797,1.2633152,14.330557999999998,0.7186371508324882,,,,,,,,,,,,False,False
2926995374439001216,,,NGC2287,101.63175201416016,-20.827327728271484,1.514369,15.699962,0.2353700987494471,,,,,,,,,,,,False,False
2926995924194861184,,,NGC2287,101.54393005371094,-20.820816040039062,1.8379078,16.43275,0.25161296151576,,,,,,,,,,,,False,False
2926995924196683264,,,NGC2287,101.55217742919922,-20.82016944885254,1.202074,14.993422,0.1524117000012409,,,,,,,,,,,,False,False
2926996061633792512,,,NGC2287,101.56222534179688,-20.80495834350586,-0.06170273,8.46054,0.0500327977522941,,,,,,,,,,,,False,True
2926996229129588736,,,NGC2287,101.58377075195312,-20.799776077270508,1.9132195,16.622906,0.2464276985503915,,,,,,,,,,,,False,False
2926996370871388800,,,NGC2287,101.6144027709961,-20.777721405029297,1.2342844,15.052274,0.1722901397790973,,,,,,,,,,,,False,False
2926940428913579904,,,NGC2287,101.69561004638672,-21.06606101989746,2.3996754,17.743006,0.2272015739932637,,,,,,,,,,,,False,False
2926996439590895488,,,NGC2287,101.5811538696289,-20.79647445678711,2.0896473,17.010157,0.2452836163076564,,,,,,,,,,,,False,False
2926996508310366848,,,NGC2287,101.56794738769533,-20.780027389526367,1.2563046999999998,15.079501,0.1901303002368902,,,,,,,,,,,,False,False
2926996538367345536,,,NGC2287,101.58594512939452,-20.774242401123047,2.0465145,16.800104,0.2720633075082068,,,,,,,,,,,,False,False
2926996577029819392,,,NGC2287,101.6095962524414,-20.7749137878418,1.4652052,15.640798,0.2112044261618119,,,,,,,,,,,,False,False
2926940772510945792,,,NGC2287,101.66390228271484,-21.075166702270508,2.1218414,17.045652,0.2519625498667067,,,,,,,,,,,,False,False
2926997397360546560,,,NGC2287,101.8420639038086,-20.83222961425781,2.4754066000000003,17.58601,0.280631927631973,,,,,,,,,,,,False,False
2926941257850140928,,,NGC2287,101.68122863769533,-21.03803825378418,0.8170929,13.616822,0.04345695358212,,,,,,,,,,,,False,False
2926997745260839296,,,NGC2287,101.8094253540039,-20.79610061645508,0.6331959,12.655301,0.0880076458965226,,,,,,,,,,,,False,False
2926998157579507328,,,NGC2287,101.7089614868164,-20.8203353881836,0.5936365,12.393917,0.1473337185316851,,,,,,,,,,,,False,False
2926941670166788992,,,NGC2287,101.68230438232422,-21.00443458557129,1.2072858999999998,14.991839,0.1602680758248526,,,,,,,,,,,,False,False
2926998668671101056,,,NGC2287,101.77008056640624,-20.77795791625977,1.9925671000000005,16.689232,0.2717778865183204,,,,,,,,,,,,False,False
2926998707325180416,,,NGC2287,101.74512481689452,-20.77397346496582,2.5959587,18.313929,0.2006249013776649,,,,,,,,,,,,False,False
2926942185562850688,,,NGC2287,101.7873306274414,-20.99820327758789,0.11178017,11.034223,0.0612027863856009,98.516754,52.038525,0.5282200528044194,,,,,,,,,True,True
2926942254282325760,,,NGC2287,101.77800750732422,-20.98436164855957,2.3784008,18.43606,0.1296552306606247,,,,,,,,,,,,False,False
2926998844772461952,,,NGC2287,101.77050018310548,-20.760210037231445,1.6729183,16.028025,0.2573187819883375,,,,,,,,,,,,False,False
2926942735318652928,,,NGC2287,101.8313217163086,-20.962299346923828,2.0045033,16.70863,0.2731329196832673,,,,,,,,,,,,False,False
2926942765376068992,,,NGC2287,101.80718994140624,-20.96317481994629,2.662653,18.351576,0.2131161146315598,,,,,,,,,,,,False,False
2926999115347715584,,,NGC2287,101.87548828125,-20.773561477661133,2.1454926,16.968176,0.2794287011560063,,,,,,,,,,,,False,False
2926942902814903808,,,NGC2287,101.72232818603516,-21.006948471069336,2.4596882,17.91434,0.218979242924343,,,,,,,,,,,,False,False
2926942975836835840,,,NGC2287,101.75740051269533,-20.99152183532715,1.1177483,14.6936,0.1542135692959349,,,,,,,,,,,,False,False
2926999325808760832,,,NGC2287,101.87113189697266,-20.772987365722656,1.4066648000000002,14.846107,0.5329708939743073,,,,,,,,,,,,False,False
2926999703765833600,,,NGC2287,101.93201446533205,-20.73203468322754,1.6031542,15.929782,0.2352099938030012,,,,,,,,,,,,False,False
2926943525592637056,,,NGC2287,101.80216217041016,-20.950883865356445,0.90996647,13.977754,0.0929864621566055,,,,,,,,,,,,False,False
2926943766110808320,,,NGC2287,101.75772857666016,-20.935157775878903,0.85101986,13.675982,0.1297843556538713,,,,,,,,,,,,False,False
2927000150442483840,,,NGC2287,101.84003448486328,-20.753507614135746,2.386589,16.849601999999997,0.4224794905340676,,,,,,,,,,,,False,False
2926943903542892672,,,NGC2287,101.7778549194336,-20.91339111328125,2.436945,17.733805,0.240940261822315,,,,,,,,,,,,False,False
2927000322241184128,,,NGC2287,101.8103485107422,-20.74522590637207,1.4169531000000002,15.326001000000002,0.2795361954566741,,,,,,,,,,,,False,False
2927000356600929024,,,NGC2287,101.78978729248048,-20.743343353271484,1.8765125,16.096203,0.3787002765946523,,,,,,,,,,,,False,False
2927000597110298496,,,NGC2287,101.8741226196289,-20.71838760375977,2.2460384,18.291306,0.1101703031038776,,,,,,,,,,,,False,False
2927000631470069504,,,NGC2287,101.863037109375,-20.721725463867188,1.7689915,16.412596,0.2163252179741268,,,,,,,,,,,,False,False
2926944315866769792,,,NGC2287,101.93270111083984,-21.00347328186035,1.6958771,16.068697,0.261480076022767,,,,,,,,,,,,False,False
2927000768917729280,,,NGC2287,101.87193298339844,-20.69904518127441,1.1895790000000002,14.866518,0.189017168296653,,,,,,,,,,,,False,False
2926944899982287488,,,NGC2287,101.99945068359376,-20.966508865356445,0.58975697,12.423335,0.1092772478516073,,,,,,,,,,,,False,False
2927001249954195328,,,NGC2287,101.71599578857422,-20.789331436157227,0.8878269,13.929436,0.0570152673540724,,,,,,,,,,,,False,False
2927001249954204416,,,NGC2287,101.70709228515624,-20.79656410217285,0.007843971,10.376278999999998,0.0579924508133908,97.79749,46.293762,0.47336349838835334,,,,,,,,,True,True
2927001314370952576,,,NGC2287,101.69509887695312,-20.779909133911133,2.424923,18.384474,0.1471895794584761,,,,,,,,,,,,False,False
2926945106140763648,,,NGC2287,101.89464569091795,-20.99839782714844,1.231988,15.063325,0.1648335026577709,,,,,,,,,,,,False,False
2927001456104529920,,,NGC2287,101.65292358398438,-20.78643226623535,2.5343056,18.248234,0.192817742596852,,,,,,,,,,,,False,False
2926945170557683200,,,NGC2287,101.92914581298828,-20.985212326049805,2.37879,17.674572,0.2316648847605366,,,,,,,,,,,,False,False
2927000871996956544,,,NGC2287,101.84521484375,-20.701488494873047,0.8081074,13.523751999999998,0.0916255909000098,,,,,,,,,,,,False,False
2927001726686404864,,,NGC2287,101.7209701538086,-20.7539119720459,0.5556259,12.306392,0.0989652920135969,,,,,,,,,,,,False,False
2927001761047696896,,,NGC2287,101.73086547851562,-20.745166778564453,2.6120415,18.075308,0.2393897305800401,,,,,,,,,,,,False,False
2927001799709959168,,,NGC2287,101.75464630126952,-20.745014190673828,1.9550934,16.688164,0.2527998965941581,,,,,,,,,,,,False,False
2927001937148933248,,,NGC2287,101.71234893798828,-20.74406242370605,0.64169693,12.64178,0.1396175786299383,,,,,,,,,,,,False,False
2927001971500258048,,,NGC2287,101.71656799316406,-20.741682052612305,2.5328999,18.309809,0.1844357632121937,,,,,,,,,,,,False,False
2926945758971236608,,,NGC2287,101.99051666259766,-20.940195083618164,2.5225468,18.660017,0.1415780136719633,,,,,,,,,,,,False,False
2927002418185296512,,,NGC2287,101.66281127929688,-20.745037078857425,0.51167107,12.084843,0.1578161845610211,37.15244,62.54972,1.6835965551656904,,,,,,,,,True,False
2927002486904801152,,,NGC2287,101.61883544921876,-20.75550651550293,1.0196094999999998,14.38871,0.1207041676931522,,,,,,,,,,,,False,False
2927002521264522880,,,NGC2287,101.63003540039062,-20.73809242248535,2.0178947,16.833733,0.2504865325577308,,,,,,,,,,,,False,False
2927002589984001408,,,NGC2287,101.61795806884766,-20.73167610168457,1.1522398,14.866948,0.1321806267917623,,,,,,,,,,,,False,False
2926946480534361856,,,NGC2287,101.99851989746094,-20.942346572875977,2.4881725,17.965007999999997,0.2198683152096424,,,,,,,,,,,,False,False
2927003135437707008,,,NGC2287,101.66280364990234,-20.69526672363281,2.3032494,17.99244,0.1607149101204491,,,,,,,,,,,,False,False
2926946785465625472,,,NGC2287,102.0785903930664,-20.91046714782715,2.179184,17.131304,0.2585548459899006,,,,,,,,,,,,False,False
2926946927206787456,,,NGC2287,102.10759735107422,-20.89236831665039,1.7271767,16.211707999999998,0.2418902942750223,,,,,,,,,,,,False,False
2927003753909497728,,,NGC2287,101.794189453125,-20.68544578552246,2.4070987999999995,18.030396,0.1863312459475845,,,,,,,,,,,,False,False
2927004307970769536,,,NGC2287,101.8240966796875,-20.64356231689453,2.007389,16.682467000000003,0.2810695905368456,,,,,,,,,,,,False,False
2927004406747679232,,,NGC2287,101.73125457763672,-20.69426345825196,2.1629868,17.102148,0.2578027614524433,,,,,,,,,,,,False,False
2926947786200265984,,,NGC2287,102.04340362548828,-20.895721435546875,1.3451138,15.456469,0.1558145894652146,,,,,,,,,,,,False,False
2927004720287997440,,,NGC2287,101.72178649902344,-20.665939331054688,1.1806564,14.849398,0.1832812160749627,,,,,,,,,,,,False,False
2927004892086357632,,,NGC2287,101.72246551513672,-20.63300132751465,1.9227009,16.671339,0.2400319234045375,,,,,,,,,,,,False,False
2927004892086364288,,,NGC2287,101.72575378417967,-20.64484024047852,1.9064436,15.487863,0.7024572376936711,,,,,,,,,,,,False,False
2927005029525302784,,,NGC2287,101.76703643798828,-20.65022087097168,2.0737324,17.064472,0.2272320239757454,,,,,,,,,,,,False,False
2927005029525303680,,,NGC2287,101.75995635986328,-20.646286010742188,0.6982498,12.935867,0.1406497719475392,,,,,,,,,,,,False,False
2927005231379506432,,,NGC2287,101.75023651123048,-20.629413604736328,2.4487476000000004,17.856339000000002,0.2246414904093821,,,,,,,,,,,,False,False
2927005437537008768,,,NGC2287,101.76587677001952,-20.598772048950195,2.2407188,17.228992,0.2636910686517445,,,,,,,,,,,,False,False
2927005441842136064,,,NGC2287,101.76983642578124,-20.604007720947266,0.6072521,12.529437,0.0858581035703949,,,,,,,,,,,,False,False
2927005510561967104,,,NGC2287,101.42455291748048,-20.89838218688965,1.8454437,16.391804,0.2667809931086007,,,,,,,,,,,,False,False
2927005613641166080,,,NGC2287,101.43347930908205,-20.86999893188477,0.7301854999999999,12.502135,0.578283045693688,,,,,,,,,,,,False,False
2927005682360625664,,,NGC2287,101.45590209960938,-20.862001419067383,-0.0493154529999999,8.365312,0.0551082101863101,166.35796,15.142956,0.09102633862545562,,,,,,,,,True,True
2927005682362467584,,,NGC2287,101.45970916748048,-20.867647171020508,2.4060078,18.319078,0.1496833915434466,,,,,,,,,,,,False,False
2926948709610925696,,,NGC2287,101.8415298461914,-20.92670631408692,2.0945244,16.84403,0.284763460569063,,,,,,,,,,,,False,False
2926948743970633472,,,NGC2287,101.86904907226562,-20.934999465942383,2.421589,17.841537,0.2184462513957429,,,,,,,,,,,,False,False
2927005918574498304,,,NGC2287,101.42919921875,-20.852672576904297,1.3442659,6.3496337,0.3467020884290012,,,,,,,,,,,,False,False
2926949091870235904,,,NGC2287,101.91946411132812,-20.89913558959961,2.5320225,18.582472,0.1520666779117628,,,,,,,,,,,,False,False
2927006124734921600,,,NGC2287,101.4662094116211,-20.840425491333008,2.4259777,18.378777,0.1481046195954906,,,,,,,,,,,,False,False
2927006232116395264,,,NGC2287,101.50187683105467,-20.82706451416016,0.8095093000000001,13.603103,0.0233343406325263,,,,,,,,,,,,False,False
2927006300835871360,,,NGC2287,101.49056243896484,-20.81794166564941,0.65522194,12.772408,0.0846485775567284,,,,,,,,,,,,False,False
2927006678793065088,,,NGC2287,101.36664581298828,-20.839731216430664,0.021408081,8.2339325,0.0868384824532486,168.64944,11.299544,0.06700018689655891,,,,,,,,,True,False
2927006713152791680,,,NGC2287,101.38240814208984,-20.82961654663086,0.45973682,12.033906,0.0697758631507905,34.621532,57.397343,1.6578510448353354,,,,,,,,,True,False
2927006915008140032,,,NGC2287,101.37152862548828,-20.820709228515625,1.2322998,15.059584,0.1667311768379212,,,,,,,,,,,,False,False
2926949813424750464,,,NGC2287,101.79695129394533,-20.885751724243164,2.3083897,18.685663,0.0889028051518327,,,,,,,,,,,,False,False
2926949843483468928,,,NGC2287,101.81568145751952,-20.892446517944336,2.3840122000000004,18.24951,0.151900742886685,,,,,,,,,,,,False,False
2927007022390421504,,,NGC2287,101.3841552734375,-20.80821990966797,1.8157425,16.307081,0.2719109365430628,,,,,,,,,,,,False,False
2927007331620455040,,,NGC2287,101.4554443359375,-20.78445816040039,2.431387,18.41604,0.1453266036734425,,,,,,,,,,,,False,False
2927007434707269888,,,NGC2287,101.40254974365234,-20.79836845397949,1.460804,15.5373745,0.2424266203175205,,,,,,,,,,,,False,False
2927007469066985728,,,NGC2287,101.41667938232422,-20.77751350402832,1.4270706,15.374111,0.2706232177660929,,,,,,,,,,,,False,False
2927007537786459008,,,NGC2287,101.40637969970705,-20.76472282409668,0.7871437,13.427481,0.08993449446796,,,,,,,,,,,,False,False
2927007537786466176,,,NGC2287,101.40912628173828,-20.77738571166992,0.61402607,12.640033,0.0130991496669668,,,,,,,,,,,,False,False
2927007567843358592,,,NGC2287,101.42904663085938,-20.77618980407715,2.3731976,17.647177,0.2344305468806099,,,,,,,,,,,,False,False
2926950466252458752,,,NGC2287,101.85653686523438,-20.84728240966797,2.4097157000000005,18.709265,0.1103938696406296,,,,,,,,,,,,False,False
2927007812664335744,,,NGC2287,101.50739288330078,-20.79290199279785,1.8171253,16.360678,0.2581465071358087,,,,,,,,,,,,False,False
2927008018822891776,,,NGC2287,101.4992218017578,-20.77666473388672,0.5117636,12.13994,0.1134751092955863,21.39826,78.56894,3.671744338091041,,,,,,,,,True,False
2927008156261690496,,,NGC2287,101.5223617553711,-20.765522003173828,0.8002043000000001,13.534839000000002,0.04486639975407,,,,,,,,,,,,False,False
2927008224981157760,,,NGC2287,101.51628112792967,-20.75090408325196,0.0567550659999999,10.78427,0.0517129397446515,,,,,,,,,,,,False,True
2927008259332960640,,,NGC2287,101.55582427978516,-20.77401161193848,2.4389458,17.993765,0.2008929889844567,,,,,,,,,,,,False,False
2927008289398488704,,,NGC2287,101.56531524658205,-20.7597713470459,0.014468193,9.077991,0.1128218398770071,163.70369,45.198326,0.2760983946055217,,,,,,,,,True,True
2927008431131408640,,,NGC2287,101.59489440917967,-20.74092102050781,2.3952026,18.63022,0.1143783257572896,,,,,,,,,,,,False,False
2927008465499287552,,,NGC2287,101.56749725341795,-20.733530044555664,2.5781765,17.196325,0.4082008920263106,,,,,,,,,,,,False,False
2927008465499295232,,,NGC2287,101.5652313232422,-20.74294853210449,2.253973,16.874508,0.3526069315933069,,,,,,,,,,,,False,False
2927008495554860288,,,NGC2287,101.5706787109375,-20.733230590820312,0.8562021000000001,13.817963,0.0308192491452077,,,,,,,,,,,,False,False
2927008568578518272,,,NGC2287,101.54302978515624,-20.740663528442383,1.6846924,16.066074,0.2543752313696832,,,,,,,,,,,,False,False
2927008598636100736,,,NGC2287,101.52565002441406,-20.750507354736328,1.6100006000000002,15.945593,0.2356630522025688,,,,,,,,,,,,False,False
2927008602938272512,,,NGC2287,101.52444458007812,-20.74842834472656,2.0418205,16.841337,0.2602213726901416,,,,,,,,,,,,False,False
2927008671657716352,,,NGC2287,101.55965423583984,-20.72525978088379,0.70621395,12.98885,0.1272579935595339,,,,,,,,,,,,False,False
2927008671657717504,,,NGC2287,101.56011199951172,-20.72690391540528,1.8785248,16.585325,0.2367944266931222,,,,,,,,,,,,False,False
2927008740377199104,,,NGC2287,101.5466537475586,-20.72431373596192,0.6782665,12.895854,0.0782011410158843,,,,,,,,,,,,False,False
2926951561472184832,,,NGC2287,101.98517608642578,-20.80530166625977,2.5548668,17.87583,0.2545492304716581,,,,,,,,,,,,False,False
2927008980887462400,,,NGC2287,101.5102996826172,-20.74008178710937,0.038676262,10.227733,0.1192336789782139,34.453316,24.372293,0.707400501014184,,,,,,,,,True,True
2927008980895402368,,,NGC2287,101.50281524658205,-20.74168586730957,0.8981638000000001,13.931498,0.0891112483773785,,,,,,,,,,,,False,False
2927008980895404928,,,NGC2287,101.50228118896484,-20.74478530883789,1.3107567,14.340388,0.8170297022165828,,,,,,,,,,,,False,False
2927008980895405056,,,NGC2287,101.49893951416016,-20.743019104003903,0.90285397,13.962225,0.0817784995939037,,,,,,,,,,,,False,False
2927009015255154176,,,NGC2287,101.48392486572266,-20.74402618408203,0.75234795,13.308195,0.0380811829688931,,,,,,,,,,,,False,False
2927009187053855232,,,NGC2287,101.44857788085938,-20.73328399658203,1.7671642,16.205832,0.2696539166918749,,,,,,,,,,,,False,False
2927009255773305856,,,NGC2287,101.47697448730467,-20.718963623046875,0.0007009506,9.394929,0.1040490811948013,242.94875,34.536255,0.14215448731471142,,,,,,,,,True,True
2926951943728509568,,,NGC2287,101.89805603027344,-20.81868553161621,2.196001,17.018282,0.2905011538003608,,,,,,,,,,,,False,False
2927009393212237440,,,NGC2287,101.52748107910156,-20.726598739624023,0.62052155,12.586679,0.0918610956130023,,,,,,,,,,,,False,False
2927009496291437824,,,NGC2287,101.54180145263672,-20.712671279907227,0.9905319,14.351592000000002,0.0758469059220981,,,,,,,,,,,,False,False
2927009633730421504,,,NGC2287,101.49075317382812,-20.720155715942383,1.0884657,13.941387,0.6945660379581705,,,,,,,,,,,,False,False
2926952386103483904,,,NGC2287,101.96082305908205,-20.78469467163086,2.5051575,18.446922,0.1606062824862214,,,,,,,,,,,,False,False
2927009702449893760,,,NGC2287,101.48424530029295,-20.70895195007324,2.245924,17.077396,0.2986845525307192,,,,,,,,,,,,False,False
2927009736809614080,,,NGC2287,101.49270629882812,-20.688491821289062,1.033927,14.507217,0.0888733924003358,,,,,,,,,,,,False,False
2927009736809618048,,,NGC2287,101.48616027832033,-20.68989372253418,0.8920908000000001,13.56862,0.419238806350126,,,,,,,,,,,,False,False
2927009908608467968,,,NGC2287,101.3377456665039,-20.81073570251465,1.0409031,14.4042425,0.1585201045057116,,,,,,,,,,,,False,False
2926952596563528576,,,NGC2287,101.9555435180664,-20.77790641784668,1.1912003,14.9832535,0.1413853906625843,,,,,,,,,,,,False,False
2927009942968246912,,,NGC2287,101.34555053710938,-20.795530319213867,0.5532732,12.140253,0.2262858722367384,10.668297,36.108234,3.384629618016821,,,,,,,,,True,False
2927010114766879360,,,NGC2287,101.34264373779295,-20.78603172302246,1.1141624,14.777244,0.1103004180359229,,,,,,,,,,,,False,False
2927010149119262080,,,NGC2287,101.35464477539062,-20.772401809692383,2.4786377,18.184397,0.1859910187130069,,,,,,,,,,,,False,False
2927010252205847424,,,NGC2287,101.30913543701172,-20.782808303833008,0.68161964,12.972844,0.0164092172889346,,,,,,,,,,,,False,False
2927010286565579776,,,NGC2287,101.30860900878906,-20.771045684814453,1.7872448,16.32143,0.2503881417733066,,,,,,,,,,,,False,False
2927010320925300992,,,NGC2287,101.34475708007812,-20.77172470092773,0.8886709,13.891947,0.0873915243787479,,,,,,,,,,,,False,False
2927010355285037440,,,NGC2287,101.34874725341795,-20.770565032958984,0.71878433,13.090357,0.0884592901236249,,,,,,,,,,,,False,False
2927010419701764224,,,NGC2287,101.34165954589844,-20.74785804748535,2.2664566,17.28451,0.2626754917831329,,,,,,,,,,,,False,False
2927010454061367040,,,NGC2287,101.38399505615234,-20.77870750427246,2.6024704,18.256182,0.2102050191862977,,,,,,,,,,,,False,False
2927010458364241792,,,NGC2287,101.38072204589844,-20.775999069213867,1.5653868,15.7737665,0.2543616511124939,,,,,,,,,,,,False,False
2927010458364244352,,,NGC2287,101.37572479248048,-20.77578926086425,0.62308025,12.63406,0.060583300880158,,,,,,,,,,,,False,False
2927010488421202560,,,NGC2287,101.39623260498048,-20.75693321228028,2.4128056,17.564120000000003,0.2629192983884806,,,,,,,,,,,,False,False
2927010557141094400,,,NGC2287,101.38661193847656,-20.75452423095703,2.8180408,18.28752,0.2635787468551108,,,,,,,,,,,,False,False
2927010591500956928,,,NGC2287,101.40257263183594,-20.755659103393555,2.6562176,18.331705,0.2141443051836827,,,,,,,,,,,,False,False
2927010660219952128,,,NGC2287,101.38709259033205,-20.742351531982425,2.2053185,17.090778,0.2782836674930828,,,,,,,,,,,,False,False
2927010664522640768,,,NGC2287,101.39716339111328,-20.74342918395996,0.9859638,13.521285,0.9094852156377308,,,,,,,,,,,,False,False
2927010763299619072,,,NGC2287,101.37418365478516,-20.73750305175781,2.5143795,17.781984,0.2578254437256805,,,,,,,,,,,,False,False
2927010905040796288,,,NGC2287,101.39582824707033,-20.72068977355957,-0.03881836,8.971911,0.0698854661282646,218.99756,42.173096,0.19257336017807689,,,,,,,,,True,True
2927010969457684736,,,NGC2287,101.3885269165039,-20.70970916748047,2.503687,17.928537,0.2302088468523153,,,,,,,,,,,,False,False
2927011175616012416,,,NGC2287,101.33246612548828,-20.747053146362305,2.0504417,16.908459,0.2492984042673463,,,,,,,,,,,,False,False
2927011214278501632,,,NGC2287,101.29595947265624,-20.742414474487305,0.65070534,12.734337,0.0991282865028042,,,,,,,,,,,,False,False
2926953833514956800,,,NGC2287,102.2664566040039,-21.015560150146484,1.697689,16.167004000000002,0.2346348597860374,,,,,,,,,,,,False,False
2927011313053407488,,,NGC2287,101.27593231201172,-20.742006301879886,0.5269041,12.099633,0.1859210325323171,132.37694,89.47163,0.6758853165815739,,,,,,,,,True,False
2927011416134247424,,,NGC2287,101.29058837890624,-20.72753143310547,2.4793224,17.576607,0.2838108643034523,,,,,,,,,,,,False,False
2927011660955061760,,,NGC2287,101.3427276611328,-20.71641731262207,0.97266483,14.324306,0.0491764554726286,,,,,,,,,,,,False,False
2927011695314793472,,,NGC2287,101.3601303100586,-20.71920585632324,0.98285866,14.284398,0.0952377422568167,,,,,,,,,,,,False,False
2927011794091428992,,,NGC2287,101.36295318603516,-20.6953182220459,2.392315,18.025648,0.1826400472358967,,,,,,,,,,,,False,False
2927011867113495680,,,NGC2287,101.31631469726562,-20.7022762298584,1.8931751,16.482433,0.2704937042598415,,,,,,,,,,,,False,False
2927011931530660608,,,NGC2287,101.32067108154295,-20.69469833374023,2.4669113,18.154041,0.1867489363456241,,,,,,,,,,,,False,False
2927012004552422912,,,NGC2287,101.3443832397461,-20.681297302246097,1.4622593000000002,14.87281,0.5979592208333372,,,,,,,,,,,,False,False
2927012073271898368,,,NGC2287,101.33151245117188,-20.67123794555664,2.336958,16.972425,0.3646718734175152,,,,,,,,,,,,False,False
2926954520709681920,,,NGC2287,102.3240737915039,-20.951114654541016,1.1003408,14.680496,0.1301808698513625,,,,,,,,,,,,False,False
2927012279430282368,,,NGC2287,101.45391082763672,-20.70203399658203,0.55669117,12.304794,0.1037962644656587,,,,,,,,,,,,False,False
2927012515646285440,,,NGC2287,101.42019653320312,-20.6936149597168,-0.08679581,7.853886599999999,0.0266872921339966,,,,,,,,,,,,False,True
2927012519948461312,,,NGC2287,101.42313385009766,-20.690650939941406,0.61531067,12.596188,0.0607329698827414,,,,,,,,,,,,False,False
2927012554308188288,,,NGC2287,101.4341278076172,-20.68635940551757,1.7547703,16.204657,0.2618800171130559,,,,,,,,,,,,False,False
2927012657387382144,,,NGC2287,101.47491455078124,-20.68753433227539,1.0076609,14.292893,0.1496003498992103,,,,,,,,,,,,False,False
2927012657387390336,,,NGC2287,101.46906280517578,-20.69328498840332,0.030514717,10.231953,0.1075775496928374,94.01648,67.56568,0.7186578353071716,,,,,,,,,True,True
2927012829186045440,,,NGC2287,101.50413513183594,-20.663349151611328,2.3757668,16.681717000000003,0.4709701300115629,,,,,,,,,,,,False,False
2927012829187786112,,,NGC2287,101.51079559326172,-20.662675857543945,1.9888039,16.774807,0.2496626874954849,,,,,,,,,,,,False,False
2927012893601144832,,,NGC2287,101.48924255371094,-20.65682411193848,2.4734287,18.422266,0.1553701996512276,,,,,,,,,,,,False,False
2927012927959699712,,,NGC2287,101.44515991210938,-20.67007064819336,2.8673725,18.223816,0.2872031434716607,,,,,,,,,,,,False,False
2927012996680358400,,,NGC2287,101.43064880371094,-20.6597843170166,2.409624,17.889956,0.2072854503995506,,,,,,,,,,,,False,False
2927013104064166784,,,NGC2287,101.47512817382812,-20.64111518859864,1.8956814,16.522423,0.2615993184499991,,,,,,,,,,,,False,False
2927013138423695488,,,NGC2287,101.45719909667967,-20.636850357055664,0.5730829000000001,12.384231,0.0862463928419461,,,,,,,,,,,,False,False
2927013378941900800,,,NGC2287,101.41669464111328,-20.660860061645508,1.1671467,14.820016,0.1758676036685043,,,,,,,,,,,,False,False
2927013482021158656,,,NGC2287,101.3541030883789,-20.67373275756836,0.033376694,10.713788,0.0337184802089505,42.92128,25.561739,0.5955493172617405,,,,,,,,,True,True
2927013585100509696,,,NGC2287,101.36465454101562,-20.65244674682617,1.0085268,14.43185,0.0738189968811667,,,,,,,,,,,,False,False
2927013756900773376,,,NGC2287,101.42010498046876,-20.64909172058105,2.6409721,18.330856,0.2102437507611151,,,,,,,,,,,,False,False
2927013791258733952,,,NGC2287,101.43982696533205,-20.63776969909668,0.7503586,13.293284,0.0432448165348881,,,,,,,,,,,,False,False
2927013791258740480,,,NGC2287,101.4359893798828,-20.64512252807617,1.9305172,16.671629,0.2440096763198602,,,,,,,,,,,,False,False
2927013791258742912,,,NGC2287,101.43174743652344,-20.64582061767578,-0.060466766,9.635801,0.0360429491011121,84.96897,41.76525,0.4915353216591893,,,,,,,,,True,True
2927013859970103552,,,NGC2287,101.43457794189452,-20.63439559936523,2.5140057,18.294176,0.1813966646177226,,,,,,,,,,,,False,False
2927013894337938816,,,NGC2287,101.44689178466795,-20.62859344482422,0.7028121999999999,13.018846,0.0789761016302796,,,,,,,,,,,,False,False
2927013997408960000,,,NGC2287,101.4454345703125,-20.61068153381348,2.7093315,18.704033,0.1804664285495696,,,,,,,,,,,,False,False
2927014100496388736,,,NGC2287,101.39696502685548,-20.62086296081543,-0.034176826,9.131061,0.0737568035328479,262.0248,15.9540825,0.060887681242386214,,,,,,,,,True,True
2927014134856115712,,,NGC2287,101.40464782714844,-20.608539581298828,0.60252,12.5707655,0.029357684580072,,,,,,,,,,,,False,False
2927014169207714944,,,NGC2287,101.42278289794922,-20.6141357421875,2.634966,18.537302,0.1823192899899177,,,,,,,,,,,,False,False
2927014169215846784,,,NGC2287,101.42620086669922,-20.614192962646484,1.1625757,14.868472,0.1472039780003192,,,,,,,,,,,,False,False
2927014203575572096,,,NGC2287,101.44003295898438,-20.60395050048828,0.8558836,13.789889000000002,0.0512762944574028,,,,,,,,,,,,False,False
2927014203577320704,,,NGC2287,101.43580627441406,-20.606170654296875,2.5647812,18.646297,0.1530002516281473,,,,,,,,,,,,False,False
2927014237935325056,,,NGC2287,101.41323852539062,-20.606172561645508,0.99483585,14.354625,0.0839939928982409,,,,,,,,,,,,False,False
2927014272295050112,,,NGC2287,101.42414855957033,-20.5944881439209,0.81314564,13.581831,0.0583626212175837,,,,,,,,,,,,False,False
2927014341014518528,,,NGC2287,101.6117935180664,-20.718900680541992,1.4215221000000002,14.840012,0.5603799673375496,,,,,,,,,,,,False,False
2927014409725778048,,,NGC2287,101.60283660888672,-20.71560859680176,0.90267754,13.934634,0.1014157437216074,,,,,,,,,,,,False,False
2927014409733999872,,,NGC2287,101.59300994873048,-20.713376998901367,0.97818756,14.2218685,0.1212961025101832,,,,,,,,,,,,False,False
2927014615884169856,,,NGC2287,101.5959701538086,-20.699726104736328,2.4249039,18.320862,0.1544744708367725,,,,,,,,,,,,False,False
2927014650244020608,,,NGC2287,101.56678771972656,-20.71001243591309,2.4436493,18.149857,0.1807728949325963,,,,,,,,,,,,False,False
2927014822050825856,,,NGC2287,101.60581970214844,-20.67083549499512,0.0175428389999999,9.139782,0.1167193338535852,109.38168,15.030417,0.1374125630544347,,,,,,,,,True,True
2927014856410560000,,,NGC2287,101.64192962646484,-20.6926383972168,1.7065487,16.186377,0.2352417636412031,,,,,,,,,,,,False,False
2927014856410561792,,,NGC2287,101.64561462402344,-20.69783592224121,1.2384882,15.084851,0.1648428051534519,,,,,,,,,,,,False,False
2927014856410562944,,,NGC2287,101.64445495605467,-20.69822883605957,2.534603,18.404217000000003,0.1731574487981754,,,,,,,,,,,,False,False
2927014890770282752,,,NGC2287,101.65516662597656,-20.680946350097656,0.77884007,13.365726,0.1130552480831134,,,,,,,,,,,,False,False
2927015096928985984,,,NGC2287,101.6587905883789,-20.65449523925781,0.79448795,13.500091,0.0519922118207137,,,,,,,,,,,,False,False
2927015367504599552,,,NGC2287,101.64381408691406,-20.63312721252441,2.4084053,17.949247,0.1981655649262507,,,,,,,,,,,,False,False
2927015436222006400,,,NGC2287,101.56559753417967,-20.683326721191406,0.6085701,12.520265,0.0987160923281769,,,,,,,,,,,,False,False
2927015474877727872,,,NGC2287,101.54393768310548,-20.68859481811523,2.7364597,18.003267,0.2876841690518508,,,,,,,,,,,,False,False
2926957952379777280,,,NGC2287,102.24642944335938,-20.910127639770508,0.5828810000000001,12.270036,0.2154218129248077,,,,,,,,,,,,False,False
2927015749755576192,,,NGC2287,101.52249145507812,-20.657564163208008,2.566866,18.758581,0.141776029411712,,,,,,,,,,,,False,False
2927015779818028416,,,NGC2287,101.5337371826172,-20.65839958190918,2.344017,17.559513,0.2396144837377753,,,,,,,,,,,,False,False
2927015818483252992,,,NGC2287,101.54922485351562,-20.65073585510254,1.2392063,14.343612,0.6494976209045665,,,,,,,,,,,,False,False
2927015818483254528,,,NGC2287,101.55314636230467,-20.65496063232422,1.626091,15.978281,0.2379702391471066,,,,,,,,,,,,False,False
2927015852842968832,,,NGC2287,101.57588958740234,-20.640396118164062,1.3695116000000005,15.408727,0.1968329882778877,,,,,,,,,,,,False,False
2927015887202726656,,,NGC2287,101.5496063232422,-20.645458221435547,2.4061775,18.204062,0.1634437631502156,,,,,,,,,,,,False,False
2927016059001385856,,,NGC2287,101.60215759277344,-20.63935852050781,0.93124104,14.081324,0.0852363931678797,,,,,,,,,,,,False,False
2927016986714260608,,,NGC2287,101.6800537109375,-20.596498489379886,1.630578,15.956035,0.2479894286227047,,,,,,,,,,,,False,False
2927017188567534336,,,NGC2287,101.75048065185548,-20.59746360778809,2.5460548,17.948318,0.2399252937186302,,,,,,,,,,,,False,False
2927017502110292352,,,NGC2287,101.7501220703125,-20.563522338867188,1.6585712,16.012953,0.2514663891001085,,,,,,,,,,,,False,False
2927017673900448000,,,NGC2287,101.62708282470705,-20.600173950195312,1.8380737,16.0303,0.3754396148009878,,,,,,,,,,,,False,False
2926960052627476352,,,NGC2287,102.3757095336914,-20.825796127319336,2.432804,17.942741,0.2065025816491945,,,,,,,,,,,,False,False
2927017914427203072,,,NGC2287,101.6443099975586,-20.582311630249023,-0.007007599,10.331556,0.0431184511342548,133.64583,57.74474,0.43207288996596455,,,,,,,,,True,True
2927018116280629504,,,NGC2287,101.6531753540039,-20.552934646606445,2.191862,17.126513,0.2648872499510185,,,,,,,,,,,,False,False
2927018189296283904,,,NGC2287,101.6938018798828,-20.56537628173828,2.6275196,18.745316,0.1570212050158511,,,,,,,,,,,,False,False
2927018429823255936,,,NGC2287,101.6585464477539,-20.55445671081543,1.1905583999999998,14.952472,0.1529517444786612,,,,,,,,,,,,False,False
2927018700395781120,,,NGC2287,101.51185607910156,-20.66056060791016,2.0955296000000003,16.905819,0.2707964428377019,,,,,,,,,,,,False,False
2927018739061023872,,,NGC2287,101.5162582397461,-20.64216423034668,0.8813771999999999,13.853023,0.0925414173816595,,,,,,,,,,,,False,False
2927018837834863616,,,NGC2287,101.53536987304688,-20.630083084106445,2.2393742000000003,17.45317,0.2207730997322561,,,,,,,,,,,,False,False
2927018837835898240,,,NGC2287,101.53331756591795,-20.64057159423828,2.076025,17.238846,0.1956629797587727,,,,,,,,,,,,False,False
2927018979579196416,,,NGC2287,101.49578094482422,-20.63128471374512,0.6186351999999999,12.628412,0.04556560100898,,,,,,,,,,,,False,False
2927018979579196544,,,NGC2287,101.49789428710938,-20.632902145385746,0.9723177,14.215137,0.1105642451204204,,,,,,,,,,,,False,False
2927018979579426688,,,NGC2287,101.48336791992188,-20.63092803955078,1.3102283,15.28286,0.1772799341608626,,,,,,,,,,,,False,False
2927019009634594048,,,NGC2287,101.4981689453125,-20.62226295471192,2.6331558,18.369955,0.2029575345894744,,,,,,,,,,,,False,False
2927019151377858816,,,NGC2287,101.52014923095705,-20.60692596435547,1.2569547,6.7905917,0.3819370456814729,8.38184,0.7616546,0.09086961812680747,,,,,,,,,True,False
2927019220097592576,,,NGC2287,101.51234436035156,-20.59488296508789,0.88306046,13.90025,0.062420591815892,,,,,,,,,,,,False,False
2927019254457060352,,,NGC2287,101.55164337158205,-20.61159896850586,1.8842583,16.414611999999998,0.2835166476834113,,,,,,,,,,,,False,False
2927019357537997952,,,NGC2287,101.5584716796875,-20.59247779846192,2.4764385,18.366806,0.1625923965580396,,,,,,,,,,,,False,False
2927019529326509568,,,NGC2287,101.54080200195312,-20.597557067871097,2.5893803,18.542944,0.1704721091082042,,,,,,,,,,,,False,False
2927019632414169856,,,NGC2287,101.52816009521484,-20.57527542114257,1.6387014,15.939855,0.2590971144810494,,,,,,,,,,,,False,False
2927019701133619968,,,NGC2287,101.57396697998048,-20.565305709838867,0.58520126,12.410839,0.1041689945395221,,,,,,,,,,,,False,False
2927019731188296832,,,NGC2287,101.54254150390624,-20.5645694732666,2.2221622,17.236061,0.2548012895394629,,,,,,,,,,,,False,False
2927019765548062336,,,NGC2287,101.5557098388672,-20.55595588684082,2.4245129,18.272213,0.160133977899134,,,,,,,,,,,,False,False
2927020040425926272,,,NGC2287,101.49128723144533,-20.56919288635254,2.3088055,17.557182,0.2276471167136441,,,,,,,,,,,,False,False
2927020074785586688,,,NGC2287,101.45085906982422,-20.59080696105957,2.3515358,17.28681,0.2956342837587171,,,,,,,,,,,,False,False
2927020079090826496,,,NGC2287,101.439453125,-20.593156814575195,2.2527103,17.488770000000002,0.2194494127875858,,,,,,,,,,,,False,False
2927020246584385664,,,NGC2287,101.4792709350586,-20.56023025512696,2.4440632,17.898663,0.2165891291996094,,,,,,,,,,,,False,False
2927020250889470720,,,NGC2287,101.48345184326172,-20.558115005493164,1.0382786,14.4800005,0.111375618723589,,,,,,,,,,,,False,False
2927020418383069824,,,NGC2287,101.50064849853516,-20.562976837158203,2.5094814,17.356749,0.3412367273743869,,,,,,,,,,,,False,False
2927020487103534208,,,NGC2287,101.53742218017578,-20.55903625488281,2.617405,18.102255,0.2367747956801464,,,,,,,,,,,,False,False
2927020766285818368,,,NGC2287,101.50853729248048,-20.53506851196289,1.1488085,14.832906,0.1414182248742418,,,,,,,,,,,,False,False
2927021002498668416,,,NGC2287,101.60647583007812,-20.54763603210449,2.336443,17.744331,0.2063264455409628,,,,,,,,,,,,False,False
2927021006803659008,,,NGC2287,101.60020446777344,-20.5530948638916,1.2028685,15.010082999999998,0.1468536219891758,,,,,,,,,,,,False,False
2927021311736363648,,,NGC2287,101.5969009399414,-20.531309127807617,2.63945,17.858139,0.2840089348254543,,,,,,,,,,,,False,False
2927021522199705344,,,NGC2287,101.6301040649414,-20.5244083404541,1.9592686,16.8505,0.2188540565861298,,,,,,,,,,,,False,False
2927021724054117504,,,NGC2287,101.62477111816406,-20.51895523071289,2.734377,18.256609,0.2458193958781647,,,,,,,,,,,,False,False
2927021797077612032,,,NGC2287,101.60527801513672,-20.50596618652344,0.9359579,14.1563425,0.0512570638654321,,,,,,,,,,,,False,False
2927022552991847296,,,NGC2287,101.5990982055664,-20.48603248596192,1.3365946000000002,15.280917,0.207876791906721,,,,,,,,,,,,False,False
2927022651766335872,,,NGC2287,101.60842895507812,-20.470006942749023,2.2382755000000003,17.527085999999997,0.2077912619127882,,,,,,,,,,,,False,False
2927023618145042816,,,NGC2287,101.9532241821289,-20.675722122192383,1.3874531,15.390953,0.2220697463954939,,,,,,,,,,,,False,False
2927024339699557888,,,NGC2287,101.92994689941406,-20.67534065246582,1.1071615,14.302713,0.3792605404952511,,,,,,,,,,,,False,False
2927025400544894464,,,NGC2287,102.04127502441406,-20.6259708404541,2.5404377,17.215857999999997,0.3877175375935891,,,,,,,,,,,,False,False
2927025606703321344,,,NGC2287,102.03362274169922,-20.6269588470459,1.8524208,16.426614999999998,0.2616607159437522,,,,,,,,,,,,False,False
2927026465696870144,,,NGC2287,101.97946166992188,-20.602733612060547,2.1803226,17.155045,0.2541280710211643,,,,,,,,,,,,False,False
2927026607442203392,,,NGC2287,102.00521850585938,-20.58147621154785,0.66651154,12.770696,0.1440633633068063,,,,,,,,,,,,False,False
2927026710521421312,,,NGC2287,101.9916763305664,-20.5781307220459,1.2229872,14.953618,0.1986429324813926,,,,,,,,,,,,False,False
2927027603864419584,,,NGC2287,101.87248229980467,-20.63304328918457,2.0529728,17.314198,0.173870240028124,,,,,,,,,,,,False,False
2927027810033130368,,,NGC2287,101.86107635498048,-20.6196517944336,2.218813,17.187746,0.2632782952894963,,,,,,,,,,,,False,False
2927027844392879872,,,NGC2287,101.82756805419922,-20.61829948425293,1.2476282,15.059556,0.1869712630393012,,,,,,,,,,,,False,False
2927027943165627392,,,NGC2287,101.88595581054688,-20.60177993774414,2.1708508,17.236179999999997,0.2341853467170111,,,,,,,,,,,,False,False
2927028119260382848,,,NGC2287,101.89656829833984,-20.605180740356445,2.6836414,18.560074,0.1914587071775514,,,,,,,,,,,,False,False
2927028462868109440,,,NGC2287,101.915283203125,-20.573925018310547,1.0537996,14.523826,0.1201245348322839,,,,,,,,,,,,False,False
2927028561644139648,,,NGC2287,101.90665435791016,-20.55592918395996,2.3465252,18.140846,0.1545871518360944,,,,,,,,,,,,False,False
2927028875185031552,,,NGC2287,101.79753112792967,-20.59991455078125,1.2387133,14.923085,0.2354115710713571,,,,,,,,,,,,False,False
2927029253131651712,,,NGC2287,101.87078857421876,-20.54942321777344,2.288704,18.630627,0.0889972194162803,,,,,,,,,,,,False,False
2927030043416055680,,,NGC2287,101.92154693603516,-20.547128677368164,0.8756571,13.734762,0.1723415685168919,,,,,,,,,,,,False,False
2927030661891283712,,,NGC2287,101.99384307861328,-20.49703788757324,1.5198374,15.745876999999998,0.2251781971081592,,,,,,,,,,,,False,False
2927031585298339712,,,NGC2287,101.97942352294922,-20.456558227539062,2.2778797,17.419828,0.2409775204772825,,,,,,,,,,,,False,False
2927032654756015104,,,NGC2287,102.18312072753906,-20.503803253173828,2.2350101,17.329557,0.2416324242439006,,,,,,,,,,,,False,False
2927033543803337600,,,NGC2287,102.1307601928711,-20.487768173217773,2.2725239,17.007296,0.326955400897802,,,,,,,,,,,,False,False
2927036984071742848,,,NGC2287,102.10883331298828,-20.425926208496097,2.371418,18.240538,0.1495365887088223,,,,,,,,,,,,False,False
2927037808716803072,,,NGC2287,102.00077056884766,-20.41834259033203,1.8751888,16.442460999999998,0.2707150978742427,,,,,,,,,,,,False,False
2927038667710166656,,,NGC2287,102.15802764892578,-20.38997840881348,0.9398184000000002,14.113681,0.088273977880926,,,,,,,,,,,,False,False
2927039664142603392,,,NGC2287,102.06977081298828,-20.362831115722656,1.8413296,16.544888,0.2260466346980496,,,,,,,,,,,,False,False
2927040798003904768,,,NGC2287,101.77793884277344,-20.545211791992188,2.5148487,18.496878,0.1573394925914697,,,,,,,,,,,,False,False
2927041137305441152,,,NGC2287,101.79248809814452,-20.517358779907227,2.671463,16.974257,0.5146773490716315,,,,,,,,,,,,False,False
2927041480902883584,,,NGC2287,101.85025024414062,-20.49654197692871,2.2153091000000003,17.220732,0.2551210388094204,,,,,,,,,,,,False,False
2927041519568709760,,,NGC2287,101.7965850830078,-20.519439697265625,1.1639137,14.870598,0.1483168140062948,,,,,,,,,,,,False,False
2927041553928429824,,,NGC2287,101.81394958496094,-20.501861572265625,0.7917757,13.399716,0.1418713213193219,,,,,,,,,,,,False,False
2927042752216087808,,,NGC2287,101.7757568359375,-20.45003700256348,2.2828999,17.353132000000002,0.2554963425278922,,,,,,,,,,,,False,False
2927042893952319744,,,NGC2287,101.86876678466795,-20.48904800415039,2.4401646,18.689114,0.1193653419464476,,,,,,,,,,,,False,False
2927043100105977472,,,NGC2287,101.87622833251952,-20.47097396850586,2.489584,18.693819,0.1304340985681134,,,,,,,,,,,,False,False
2927043301969698048,,,NGC2287,101.87137603759766,-20.45005226135254,2.3568153,18.546133,0.1131766127389305,,,,,,,,,,,,False,False
2927043512433445504,,,NGC2287,101.89727783203124,-20.44414710998535,0.5980158,12.454715,0.1123475450559386,,,,,,,,,,,,False,False
2927043546793174656,,,NGC2287,101.9053192138672,-20.43741226196289,0.7854661999999999,13.428318,0.0808692036972411,,,,,,,,,,,,False,False
2927044607639293184,,,NGC2287,101.8547821044922,-20.41083335876465,2.536972,17.961824,0.235036482123747,,,,,,,,,,,,False,False
2927044818103492096,,,NGC2287,101.84281158447266,-20.38762092590332,0.7617531,12.475258,0.6983457680501172,,,,,,,,,,,,False,False
2927045123035197568,,,NGC2287,101.70922088623048,-20.48138236999512,1.887289,16.616531,0.2341704733492543,,,,,,,,,,,,False,False
2927045402219165568,,,NGC2287,101.67849731445312,-20.46965217590332,0.89955235,13.90979,0.1100267401078922,,,,,,,,,,,,False,False
2927046158133344640,,,NGC2287,101.73413848876952,-20.40291976928711,1.9287415,16.619677,0.2554324741686289,,,,,,,,,,,,False,False
2927046222547463296,,,NGC2287,101.6565170288086,-20.44127082824707,2.6084595,18.604378,0.1680459457364166,,,,,,,,,,,,False,False
2927046364291811200,,,NGC2287,101.6817855834961,-20.42142868041992,0.70076084,12.967515,0.1209742918607742,,,,,,,,,,,,False,False
2927046570439889408,,,NGC2287,101.62904357910156,-20.410289764404297,2.533701,18.572807,0.1535285919146187,,,,,,,,,,,,False,False
2927046634863874816,,,NGC2287,101.66370391845705,-20.403291702270508,2.4954357000000003,17.813098999999998,0.2464355091535113,,,,,,,,,,,,False,False
2927046703583372032,,,NGC2287,101.65482330322266,-20.39324760437012,2.3564339,17.308594,0.2928999343530455,,,,,,,,,,,,False,False
2927047115900276480,,,NGC2287,101.67245483398438,-20.371261596679688,2.4533043,17.770164,0.240134657879405,,,,,,,,,,,,False,False
2927047876120197248,,,NGC2287,101.82645416259766,-20.36102867126465,0.87583447,13.80039,0.1154789601616471,,,,,,,,,,,,False,False
2927048421570350592,,,NGC2287,101.74324798583984,-20.361337661743164,2.4790783,17.936216,0.2215273059646886,,,,,,,,,,,,False,False
2927048941272091520,,,NGC2287,101.77237701416016,-20.329599380493164,0.10362911,11.003859,0.0592144039932885,43.378925,67.5404,1.55698648594911,,,,,,,,,True,True
2927049250509724544,,,NGC2287,101.76305389404295,-20.30202293395996,1.5648098,15.837553,0.2334191794726121,,,,,,,,,,,,False,False
2927050075132084096,,,NGC2287,102.0115966796875,-20.364601135253903,2.247408,17.375076,0.2378309485350272,,,,,,,,,,,,False,False
2927050727978415232,,,NGC2287,101.93350982666016,-20.348976135253903,2.4278069,18.283125,0.1597092815494831,,,,,,,,,,,,False,False
2927050796697889280,,,NGC2287,101.9202117919922,-20.336708068847656,0.97856426,14.323992,0.0630697712182864,,,,,,,,,,,,False,False
2927050998551137664,,,NGC2287,101.9068374633789,-20.337549209594727,2.4907799,18.025482,0.2116014104453405,,,,,,,,,,,,False,False
2927051140284025216,,,NGC2287,101.95543670654295,-20.34126663208008,2.567253,18.729183,0.1448623263442566,,,,,,,,,,,,False,False
2927051105935526272,,,NGC2287,101.9026107788086,-20.3123722076416,1.4524755,15.600831,0.212683947331271,,,,,,,,,,,,False,False
2927051552612092160,,,NGC2287,101.94522094726562,-20.292064666748047,2.3745232000000005,16.856098,0.4147948622473262,,,,,,,,,,,,False,False
2927052755202840832,,,NGC2287,102.0767822265625,-20.23592758178711,0.17898178,10.577133,0.2776546563052751,97.634224,34.34654,0.3517879140412894,,,,,,,,,True,False
2927055259158403968,,,NGC2287,101.80048370361328,-20.27740478515625,2.319172,17.219818,0.2972783045799856,,,,,,,,,,,,False,False
2927056088097530240,,,NGC2287,101.95825958251952,-20.259206771850582,2.2647495,17.128956,0.295001123237623,,,,,,,,,,,,False,False
2927057428127280128,,,NGC2287,101.94021606445312,-20.174991607666016,2.2529411,17.27131,0.2599961605853099,,,,,,,,,,,,False,False
2927061340834070400,,,NGC2287,100.67688751220705,-21.22054672241211,2.7872486000000003,18.322075,0.2501017206584464,,,,,,,,,,,,False,False
2926031751271914880,,,NGC2287,101.692138671875,-21.89313125610352,0.88448524,13.809655,0.1389504008752229,,,,,,,,,,,,False,False
2926034259535038464,,,NGC2287,101.59376525878906,-21.86708068847656,2.0187416,17.13404,0.1907119176408375,,,,,,,,,,,,False,False
2927078829938932480,,,NGC2287,100.50772857666016,-21.065406799316406,2.075142,18.478306,0.0493204159349786,,,,,,,,,,,,False,False
2926039383437235584,,,NGC2287,101.8738784790039,-21.95064926147461,1.2775993,15.151335,0.1882616822305359,,,,,,,,,,,,False,False
2927085465669870976,,,NGC2287,100.6119384765625,-20.973613739013672,1.0792942,14.653329,0.1055766787724913,,,,,,,,,,,,False,False
2926042819411897984,,,NGC2287,101.84698486328124,-21.8866024017334,2.4763737,18.371605,0.1620087496000786,,,,,,,,,,,,False,False
2927091822221425024,,,NGC2287,100.58963012695312,-20.858732223510746,-0.0376091,9.502017,0.0649310837365662,81.260376,31.283688,0.3849808423234468,,,,,,,,,True,True
2927093677647268096,,,NGC2287,100.90343475341795,-21.02370834350586,0.8311138000000001,13.207263,0.5499654944267248,,,,,,,,,,,,False,False
2926049760078011392,,,NGC2287,102.23311614990234,-21.713031768798828,2.1757126,16.994812,0.2868892963024926,,,,,,,,,,,,False,False
2927095567434194816,,,NGC2287,100.90365600585938,-20.92455101013184,1.3119097,14.447742000000002,0.7035770868122988,,,,,,,,,,,,False,False
2927096254628946048,,,NGC2287,101.04084014892578,-20.92508888244629,2.4490662,17.05116,0.393074990327494,,,,,,,,,,,,False,False
2927097422858652032,,,NGC2287,100.9792251586914,-20.87346267700196,0.5142622,12.118819,0.1376312905730622,10.965478,20.994629,1.9146113831061446,,,,,,,,,True,False
2926054703577831168,,,NGC2287,102.06454467773438,-21.635473251342773,2.514885,17.8459,0.2470830286125534,,,,,,,,,,,,False,False
2927100240352835200,,,NGC2287,100.9344253540039,-20.86310577392578,2.4289742000000003,18.540808,0.1313865392153534,,,,,,,,,,,,False,False
2927100412155930880,,,NGC2287,100.86183166503906,-20.86827850341797,1.7984486000000002,16.273916,0.2703777538243335,,,,,,,,,,,,False,False
2926056838174985600,,,NGC2287,101.7423095703125,-21.77997779846192,0.1198701859999999,10.859164,0.124120172404668,250.73549,96.78222,0.3859933031418887,,,,,,,,,True,True
2927102233221993856,,,NGC2287,100.90584564208984,-20.75262451171875,1.0096798,14.325109,0.1348173398281933,,,,,,,,,,,,False,False
2927102332001828864,,,NGC2287,101.05765533447266,-20.87959861755371,2.4095764,17.85985,0.2118415385059256,,,,,,,,,,,,False,False
2927102645538849792,,,NGC2287,101.04888153076172,-20.84769821166992,0.57856846,12.439854,0.0557761004556957,,,,,,,,,,,,False,False
2927102954776451712,,,NGC2287,101.14097595214844,-20.82794189453125,1.1938562,14.882345999999998,0.1882147444874911,,,,,,,,,,,,False,False
2927103087916094592,,,NGC2287,101.10297393798828,-20.834932327270508,2.2408028,17.165337,0.2770466053322744,,,,,,,,,,,,False,False
2927103328434284288,,,NGC2287,101.12564849853516,-20.79446220397949,1.4707785,15.630769,0.2195302194991795,,,,,,,,,,,,False,False
2927103431513561472,,,NGC2287,101.0171890258789,-20.83739852905273,2.7582684,18.511093,0.2160330064643091,,,,,,,,,,,,False,False
2927103500232955136,,,NGC2287,101.06007385253906,-20.83470153808593,2.6660976,18.289804,0.2226074658245415,,,,,,,,,,,,False,False
2927103504532303104,,,NGC2287,101.0484848022461,-20.83604621887207,0.62044716,12.527632,0.1398184368246523,,,,,,,,,,,,False,False
2927104088647805824,,,NGC2287,101.11641693115234,-20.783336639404297,1.3578587,15.426096,0.178769252000526,,,,,,,,,,,,False,False
2927104707123064704,,,NGC2287,101.1805191040039,-20.76663017272949,0.98827934,14.321160999999998,0.0872489089998829,,,,,,,,,,,,False,False
2927105458737798400,,,NGC2287,101.22403717041016,-20.72589111328125,2.514408,17.72174,0.2685244865875494,,,,,,,,,,,,False,False
2927105561817345280,,,NGC2287,101.1184310913086,-20.76341247558593,2.5337772000000003,18.43728,0.1689904128931581,,,,,,,,,,,,False,False
2927105978433387392,,,NGC2287,101.121337890625,-20.72832298278809,2.1034622000000005,16.847591,0.2881719999067213,,,,,,,,,,,,False,False
2927106322030739072,,,NGC2287,101.17198944091795,-20.702362060546875,1.3758764,15.410373000000002,0.2028840098729668,,,,,,,,,,,,False,False
2927106455170504448,,,NGC2287,101.13687133789062,-20.702289581298828,2.0958366,17.202585,0.210161382462238,,,,,,,,,,,,False,False
2927106631268371584,,,NGC2287,101.16162109375,-20.67270851135254,1.6550732,16.009693,0.2498988799313091,,,,,,,,,,,,False,False
2927108173157876224,,,NGC2287,100.9457778930664,-20.73122215270996,2.103405,17.800741,0.1231918355990394,,,,,,,,,,,,False,False
2927108280531321600,,,NGC2287,100.9471435546875,-20.70990943908692,2.4780006,18.735296,0.1237155812137482,,,,,,,,,,,,False,False
2926063744482232064,,,NGC2287,101.7417984008789,-21.592191696166992,2.2572937,18.773973,0.0699452291137433,,,,,,,,,,,,False,False
2927108349255819648,,,NGC2287,101.0019302368164,-20.726163864135746,0.9489927,14.156201,0.0862752682386731,,,,,,,,,,,,False,False
2927108516753887616,,,NGC2287,100.9954605102539,-20.710498809814453,2.4726257,18.0574,0.201685617839682,,,,,,,,,,,,False,False
2927109925501860096,,,NGC2287,101.11278533935548,-20.63706970214844,2.7963066000000003,18.329708,0.251346103592496,,,,,,,,,,,,False,False
2927110032882531456,,,NGC2287,101.01512145996094,-20.682876586914062,1.7039651999999998,15.34991,0.5805319405394926,,,,,,,,,,,,False,False
2926065629976615808,,,NGC2287,101.92454528808594,-21.616430282592773,2.5388317,18.584064,0.1535391477871104,,,,,,,,,,,,False,False
2927109788064821760,,,NGC2287,101.09091186523438,-20.65130043029785,2.419094,18.601349,0.1228879003003913,,,,,,,,,,,,False,False
2926065977874567808,,,NGC2287,101.94994354248048,-21.61268615722656,1.2828053999999998,15.329713,0.130716579889864,,,,,,,,,,,,False,False
2927112124526113920,,,NGC2287,100.76979064941406,-20.79430770874023,2.5074692,18.18744,0.1935804914517458,,,,,,,,,,,,False,False
2927113365777645568,,,NGC2287,100.8115463256836,-20.79170799255371,0.67378044,12.753187,0.1978502771854635,,,,,,,,,,,,False,False
2927115874038234496,,,NGC2287,100.63516235351562,-20.77872467041016,1.1701756,14.856716,0.163905407897824,,,,,,,,,,,,False,False
2926071063115669120,,,NGC2287,101.97889709472656,-21.51209259033203,-0.043418884,9.932062,0.0371648616630905,121.15916,58.836147,0.4856103904979202,,,,,,,,,True,True
2926071711650322304,,,NGC2287,102.0189971923828,-21.444292068481445,2.2909622000000005,18.354567000000003,0.1155744829618328,,,,,,,,,,,,False,False
2927117763823780608,,,NGC2287,100.72787475585938,-20.715545654296875,0.91553783,13.921746,0.1532592594477342,,,,,,,,,,,,False,False
2927121264217000320,,,NGC2287,100.85202026367188,-20.66398811340332,2.3923283,17.329514,0.3023420519049337,,,,,,,,,,,,False,False
2927121509035174784,,,NGC2287,100.89447784423828,-20.65498924255371,1.9474812,16.572020000000002,0.2773975625508653,,,,,,,,,,,,False,False
2927122638604139520,,,NGC2287,101.04037475585938,-20.60221099853516,2.5000400000000003,18.15631,0.1957315268153666,,,,,,,,,,,,False,False
2927123119640575616,,,NGC2287,101.02887725830078,-20.558969497680664,2.675724,17.889657999999997,0.289583773997445,,,,,,,,,,,,False,False
2927123673698624000,,,NGC2287,100.94867706298828,-20.554542541503903,1.8572407,16.47656,0.2515818982834253,,,,,,,,,,,,False,False
2927123772476308736,,,NGC2287,100.97000122070312,-20.5622787475586,2.5098724,17.966670999999998,0.2261328205610449,,,,,,,,,,,,False,False
2927123948576502912,,,NGC2287,101.00545501708984,-20.53841590881348,0.87645626,13.922568,0.0247359964043788,,,,,,,,,,,,False,False
2927124738850591360,,,NGC2287,100.79785919189452,-20.60258674621582,2.3182354,17.313889,0.2769427454967039,,,,,,,,,,,,False,False
2927126005858619648,,,NGC2287,100.81312561035156,-20.55160522460937,2.4625053,18.1796,0.1821417538446939,,,,,,,,,,,,False,False
2927126044520610432,,,NGC2287,100.83316802978516,-20.546554565429688,1.1541157,14.821238,0.154851391671882,,,,,,,,,,,,False,False
2927126864852132864,,,NGC2287,100.90357971191406,-20.534076690673828,2.4476643,18.025805,0.1988838396294819,,,,,,,,,,,,False,False
2927127144032171520,,,NGC2287,100.96839141845705,-20.51236343383789,0.82217216,13.492887,0.1887065998207023,,,,,,,,,,,,False,False
2927127796867222784,,,NGC2287,100.87590789794922,-20.491321563720703,0.75474167,13.238307999999998,0.1227843325373392,,,,,,,,,,,,False,False
2927128136162584448,,,NGC2287,100.91798400878906,-20.48446655273437,2.3651943,17.773056,0.211180940750536,,,,,,,,,,,,False,False
2927137104056716928,,,NGC2287,100.19981384277344,-20.785797119140625,2.8270645,17.931010999999998,0.3282416821619247,,,,,,,,,,,,False,False
2927167271904297984,,,NGC2287,100.6100082397461,-20.59244728088379,2.475418,17.725382,0.2550348011445293,,,,,,,,,,,,False,False
2927173460952613504,,,NGC2287,100.74820709228516,-20.5188045501709,2.566206,18.762941,0.1411853118106412,,,,,,,,,,,,False,False
2927174663549752192,,,NGC2287,100.70506286621094,-20.452136993408203,1.3749104,14.727185999999998,0.5717708629587548,,,,,,,,,,,,False,False
2927174766628958464,,,NGC2287,100.7142562866211,-20.44072532653809,1.1583567,14.80262,0.1700301149114357,,,,,,,,,,,,False,False
2927177785985070336,,,NGC2287,100.69009399414062,-20.41933250427246,2.3420334,18.61889,0.1027578190918787,,,,,,,,,,,,False,False
2927177854704117248,,,NGC2287,100.65780639648438,-20.43538856506348,2.6507244,18.235737,0.2261972507795782,,,,,,,,,,,,False,False
2927180981440528128,,,NGC2287,100.721923828125,-20.315818786621097,2.451048,17.587235999999997,0.2719336640651316,,,,,,,,,,,,False,False
2927185345127588096,,,NGC2287,100.44563293457033,-20.408008575439453,2.233223,17.136612,0.2800854452980051,,,,,,,,,,,,False,False
2927185349428468608,,,NGC2287,100.44410705566406,-20.40704727172852,1.2468224,14.297282,0.7159923276427052,,,,,,,,,,,,False,False
2927199127686356736,,,NGC2287,101.24412536621094,-20.71062660217285,1.8118687,16.333134,0.2623586377765567,,,,,,,,,,,,False,False
2927199157744802176,,,NGC2287,101.27011108398438,-20.715559005737305,2.2028809,16.863632,0.3313655449084625,,,,,,,,,,,,False,False
2927199368203346176,,,NGC2287,101.22087097167967,-20.70889663696289,1.8284283,16.36124,0.2648156105100001,,,,,,,,,,,,False,False
2927199780520159616,,,NGC2287,101.3089828491211,-20.667699813842773,1.5310011,15.757226,0.2309767506813042,,,,,,,,,,,,False,False
2927199879297009280,,,NGC2287,101.27922058105467,-20.657915115356445,2.4775295,18.192768,0.1845814056825509,,,,,,,,,,,,False,False
2927200089757790080,,,NGC2287,101.2933349609375,-20.63356208801269,0.9756011999999998,14.312841,0.0621244953169987,,,,,,,,,,,,False,False
2927200463414881280,,,NGC2287,101.18024444580078,-20.66485023498535,2.2543583,17.276777,0.2594609445197735,,,,,,,,,,,,False,False
2927200532132044160,,,NGC2287,101.20317840576172,-20.648136138916016,1.9322071,16.571474,0.2692424123475332,,,,,,,,,,,,False,False
2927200742592849920,,,NGC2287,101.23883056640624,-20.648712158203125,1.0375795,14.428965,0.1372798262099262,,,,,,,,,,,,False,False
2927200811312302592,,,NGC2287,101.27496337890624,-20.629940032958984,1.5626574,15.814565,0.2388938561028638,,,,,,,,,,,,False,False
2927201292348622720,,,NGC2287,101.33233642578124,-20.644264221191406,0.8748703000000001,13.88801,0.0438880383430259,,,,,,,,,,,,False,False
2927201223625687680,,,NGC2287,101.33998107910156,-20.64462280273437,2.8002262000000004,18.50123,0.2277688523936511,,,,,,,,,,,,False,False
2927201567226531072,,,NGC2287,101.30084991455078,-20.62333297729492,1.2345028,14.310765,0.6724268874550853,,,,,,,,,,,,False,False
2927201773385120896,,,NGC2287,101.37980651855467,-20.61338233947754,1.1455498,14.822698999999998,0.1407702859435337,,,,,,,,,,,,False,False
2927201807744858624,,,NGC2287,101.389892578125,-20.59750938415528,0.8307370999999999,13.628597,0.0902614450746801,,,,,,,,,,,,False,False
2927201842104404608,,,NGC2287,101.36837768554688,-20.609155654907227,1.0781040000000002,14.541404,0.1586613197957223,,,,,,,,,,,,False,False
2927201872161832960,,,NGC2287,101.38516235351562,-20.5960750579834,0.034604073,10.270755,0.1091694379100133,123.52758,60.889996,0.49292632463130903,,,,,,,,,True,True
2927201876464120192,,,NGC2287,101.38204956054688,-20.58311080932617,1.1563873,14.851538,0.1450600358270397,,,,,,,,,,,,False,False
2927201876464126464,,,NGC2287,101.3805694580078,-20.59198570251465,1.9945526,16.78979,0.2490807222580074,,,,,,,,,,,,False,False
2927201876464385920,,,NGC2287,101.37921905517578,-20.599109649658203,0.65165997,12.749188,0.0894969704226887,,,,,,,,,,,,False,False
2927202013903287936,,,NGC2287,101.40975952148438,-20.57050323486328,1.1243057,14.332001000000002,0.3957306990080837,,,,,,,,,,,,False,False
2927202048262824832,,,NGC2287,101.36038970947266,-20.58618927001953,0.8001642,13.507715,0.0708938973992555,,,,,,,,,,,,False,False
2927202151342032768,,,NGC2287,101.35237121582033,-20.57032966613769,1.4099331,15.267162,0.2970901862194156,,,,,,,,,,,,False,False
2927202254421238144,,,NGC2287,101.37077331542967,-20.56748962402344,1.4719467,15.619614000000002,0.224309866950788,,,,,,,,,,,,False,False
2927202323140772864,,,NGC2287,101.2933349609375,-20.61453628540039,2.3624687,16.755326999999998,0.4399923474786021,,,,,,,,,,,,False,False
2927202731155744256,,,NGC2287,101.29276275634766,-20.57832717895508,2.494791,17.819197,0.2452063187532758,,,,,,,,,,,,False,False
2927202937317461504,,,NGC2287,101.32685089111328,-20.5621337890625,0.8154011,13.513132,0.1358740466642152,,,,,,,,,,,,False,False
2927203079054953984,,,NGC2287,101.35319519042967,-20.546730041503903,1.3960723999999998,15.467789000000002,0.2034037509608012,,,,,,,,,,,,False,False
2927203177832288384,,,NGC2287,101.3261947631836,-20.535860061645508,2.4490318,18.743467000000003,0.1162925930766693,,,,,,,,,,,,False,False
2927203212191701888,,,NGC2287,101.30684661865234,-20.536914825439453,2.4007797,17.167920000000002,0.3425978836960972,,,,,,,,,,,,False,False
2927203422652470912,,,NGC2287,101.16600799560548,-20.655920028686523,1.3686991000000002,15.284529999999998,0.2428133803120523,,,,,,,,,,,,False,False
2927203560087318912,,,NGC2287,101.18060302734376,-20.62921905517578,2.545536,18.469164000000003,0.1682020659696133,,,,,,,,,,,,False,False
2927203113414686336,,,NGC2287,101.36158752441406,-20.538537979125977,0.04091549,10.741439,0.0385586197542255,95.74463,50.780613,0.5303755730216932,,,,,,,,,True,True
2927203663170612096,,,NGC2287,101.18348693847656,-20.609272003173828,1.0812149,13.930426,0.6848075588334087,,,,,,,,,,,,False,False
2927203663170613376,,,NGC2287,101.18960571289062,-20.615259170532227,0.6941948,12.96431,0.0902672031455267,,,,,,,,,,,,False,False
2927203766245805568,,,NGC2287,101.12887573242188,-20.629188537597656,2.3439827,18.730936,0.0932787894554438,,,,,,,,,,,,False,False
2927203834969312256,,,NGC2287,101.1692352294922,-20.613534927368164,0.9791689,14.229532,0.1190011621284328,,,,,,,,,,,,False,False
2927204144206912384,,,NGC2287,101.2431640625,-20.58772659301757,1.4393396,15.594957999999998,0.2024545218783445,,,,,,,,,,,,False,False
2927204247287345920,,,NGC2287,101.1842269897461,-20.585752487182617,1.3687983,15.370652,0.2097522117905373,,,,,,,,,,,,False,False
2927204311705525120,,,NGC2287,101.18109130859376,-20.58088493347168,2.531784,18.266943,0.1896738121670091,,,,,,,,,,,,False,False
2927204517860633344,,,NGC2287,101.11499786376952,-20.61176109313965,0.07780361,10.924693,0.0457048931374236,79.61061,64.32367,0.8079786098862954,,,,,,,,,True,True
2927204522164098944,,,NGC2287,101.11270141601562,-20.61695098876953,1.1249361,14.758812,0.1359630804347874,,,,,,,,,,,,False,False
2927204620939848192,,,NGC2287,101.11842346191406,-20.586843490600582,0.5630598000000001,12.223691,0.1914309435341993,,,,,,,,,,,,False,False
2927204693962765184,,,NGC2287,101.14791107177734,-20.58600807189941,1.5520401,15.771833,0.2438770341116127,,,,,,,,,,,,False,False
2927205346793584512,,,NGC2287,101.14369201660156,-20.54747200012207,2.3552551,18.785755,0.0911907862987086,,,,,,,,,,,,False,False
2927205381157694208,,,NGC2287,101.1558074951172,-20.54491233825684,0.9329767,13.970779,0.1702697921025079,,,,,,,,,,,,False,False
2927206132769926528,,,NGC2287,101.2531280517578,-20.519676208496097,2.4843826,18.191069,0.1867016289121327,,,,,,,,,,,,False,False
2927206270210402816,,,NGC2287,101.29077911376952,-20.517484664916992,2.7134476000000003,18.19616,0.2493216496480648,,,,,,,,,,,,False,False
2927206270212082816,,,NGC2287,101.2989501953125,-20.511098861694336,2.2456017000000004,18.634674,0.0784040118511714,,,,,,,,,,,,False,False
2927206304568167680,,,NGC2287,101.31964111328124,-20.511550903320312,2.4884567000000004,17.866768,0.2353771172449473,,,,,,,,,,,,False,False
2927206304571821312,,,NGC2287,101.31339263916016,-20.512426376342773,2.139679,17.104132,0.2474861615840545,,,,,,,,,,,,False,False
2927206549388533632,,,NGC2287,101.2706069946289,-20.49263381958008,2.098774,16.924128,0.268137698079472,,,,,,,,,,,,False,False
2927206033988139904,,,NGC2287,101.252685546875,-20.53740692138672,2.2835236,17.665672,0.201080960003103,,,,,,,,,,,,False,False
2927206033992489984,,,NGC2287,101.25503540039062,-20.535539627075195,1.9459229,16.619326,0.2646348401298395,,,,,,,,,,,,False,False
2927206686827465728,,,NGC2287,101.30186462402344,-20.47268295288086,0.7157469,13.130327,0.0319711460737354,,,,,,,,,,,,False,False
2927206755547007744,,,NGC2287,101.21101379394533,-20.526365280151367,0.84101105,13.729204,0.0440789910162502,,,,,,,,,,,,False,False
2927207060482869760,,,NGC2287,101.1771011352539,-20.504892349243164,2.3120842,16.635289999999998,0.4535271717850548,,,,,,,,,,,,False,False
2927206613806282112,,,NGC2287,101.30970001220705,-20.48149299621582,2.7274914,17.743128,0.3343285049078836,,,,,,,,,,,,False,False
2927207163562095616,,,NGC2287,101.22409057617188,-20.48365592956543,2.4737568,18.246115,0.1766627090133008,,,,,,,,,,,,False,False
2927207374022249472,,,NGC2287,101.2570571899414,-20.473482131958008,1.4435825,15.324923000000002,0.3093148716133123,,,,,,,,,,,,False,False
2939205790357497856,,,NGC2287,100.36289978027344,-20.23514175415039,2.426918,17.757545,0.2336838049633157,,,,,,,,,,,,False,False
2939210295784077056,,,NGC2287,100.29373931884766,-20.143802642822266,2.3865433,18.534815,0.1215789451803496,,,,,,,,,,,,False,False
2939214178434399744,,,NGC2287,100.39104461669922,-19.9821834564209,2.0149155,16.685356,0.284217982573268,,,,,,,,,,,,False,False
2939322991424950784,,,NGC2287,100.51305389404295,-19.780075073242188,2.0474472,18.554646,0.036846832683492,,,,,,,,,,,,False,False
2939344711082341120,,,NGC2287,100.88610076904295,-19.57343482971192,0.71276855,12.985448,0.1646530545402049,,,,,,,,,,,,False,False
2939351273792326656,,,NGC2287,100.99552154541016,-19.49139976501465,0.7744589,13.351291,0.1060534400534777,,,,,,,,,,,,False,False
2932973380493835520,,,NGC2287,102.72337341308594,-20.5593376159668,2.2491226,17.617476,0.196966524230692,,,,,,,,,,,,False,False
2932976958202307456,,,NGC2287,102.6081314086914,-20.53827667236328,2.2779827,18.546162,0.0938778614576611,,,,,,,,,,,,False,False
2933039699093563008,,,NGC2287,102.28601837158205,-20.40241813659668,0.81803703,13.611026,0.0526752091054039,,,,,,,,,,,,False,False
2933058459510681984,,,NGC2287,102.10769653320312,-20.198692321777344,1.3349466,14.761117,0.4798065914786594,,,,,,,,,,,,False,False
2933059249784619136,,,NGC2287,102.10508728027344,-20.128293991088867,0.21420765,11.4174385,0.0503267270412254,83.65422,71.98575,0.8605154647308887,,,,,,,,,True,False
2933061375785985664,,,NGC2287,102.21159362792967,-20.06460952758789,2.3208542000000003,17.56642,0.2302795132713885,,,,,,,,,,,,False,False
2933061380088307584,,,NGC2287,102.21165466308594,-20.06343078613281,1.9093685,16.614929999999998,0.2462843461561797,,,,,,,,,,,,False,False
2933067667920361216,,,NGC2287,102.29961395263672,-20.02140998840332,1.607583,15.866727,0.258226034295543,,,,,,,,,,,,False,False
2933252214073780992,,,NGC2287,101.89128112792967,-20.013914108276367,2.483471,18.326084,0.169323428853474,,,,,,,,,,,,False,False
2933254236995618688,,,NGC2287,102.00260162353516,-19.94609642028809,2.3097687,17.332682000000002,0.2698481388156758,,,,,,,,,,,,False,False
2933270562173889664,,,NGC2287,101.8739242553711,-19.851533889770508,1.1825924,14.855339,0.1835156329934031,,,,,,,,,,,,False,False
2933324365222943872,,,NGC2287,101.72948455810548,-19.5959701538086,2.227068,17.23234,0.2575198122042387,,,,,,,,,,,,False,False
2933329557845751040,,,NGC2287,101.60279083251952,-19.50980758666992,0.7373046999999999,13.115561499999998,0.1583379389360558,,,,,,,,,,,,False,False
2933342060488550016,,,NGC2287,101.45651245117188,-19.498226165771484,1.4969711,15.765429,0.1998883997229472,,,,,,,,,,,,False,False
2925977948223367424,,,NGC2287,102.42446810886211,-22.07621072761752,0.9950609,14.163998,0.2040807106475103,,,,,,,,,,,,False,False
2926023234359335936,,,NGC2287,101.57919123503414,-22.039785915652867,1.533226,15.77034,0.2286658494147674,,,,,,,,,,,,False,False
2926067863358987008,,,NGC2287,102.02202483881588,-21.52639339623944,0.35539913,11.742508,0.080624372332657,21.980055,24.065489,1.0948784705042822,,,,,,,,,True,False
2926091438438878464,,,NGC2287,102.55147835642995,-21.78000597341019,1.5147943,15.911002,0.1729405360597582,,,,,,,,,,,,False,False
2926103223829023232,,,NGC2287,102.70332937133789,-21.532668514862728,0.40355778,11.005611,0.4865748427995375,71.50636,25.049921,0.3503173843557412,,,,,,,,,True,False
2926106281845732352,,,NGC2287,102.6868241188556,-21.5020961145085,0.4777403,12.147661,0.0135397919866344,,,,,,,,,,,,False,False
2926140194908229504,,,NGC2287,102.87094343997572,-21.25620630414948,0.9968147,14.499088,0.0180485384084077,,,,,,,,,,,,False,False
2926169057089032192,,,NGC2287,102.06292954340434,-21.313863197969606,0.15489101,11.255595,0.0394266851168119,15.594836,24.231138,1.5537924220556087,,,,,,,,,True,True
2926475408516067968,,,NGC2287,100.6366300519909,-21.655331384033644,0.23012829,11.364711,0.100847278075951,61.118496,29.42645,0.4814655452254584,,,,,,,,,True,False
2926783817225710976,,,NGC2287,101.25875155046968,-21.81197545728019,0.23069191,11.24283,0.1554598507792303,266.04227,89.46666,0.33628738771474176,,,,,,,,,True,True
2926789009847569792,,,NGC2287,101.46885285972223,-21.715542277367863,0.015336037,9.654846,0.1166315293503383,118.52512,29.560715,0.24940464097399773,,,,,,,,,True,True
2926820105410695936,,,NGC2287,101.56441433146044,-21.45035464535307,0.10460377,11.038007,0.0497308465994215,122.08099,112.02202,0.9176041249337837,,,,,,,,,True,True
2926826977358298880,,,NGC2287,101.7192716497205,-21.35341600072521,0.21344852,11.328738,0.092686014355472,27.479889,16.050095,0.5840669516532617,,,,,,,,,True,False
2926833780585899776,,,NGC2287,101.48149535762028,-21.35066524676043,0.3509035,11.67487,0.1178663962170453,74.55374,40.224007,0.5395303709780354,,,,,,,,,True,False
2926837250919430912,,,NGC2287,101.46503255957408,-21.27463528909926,0.7754364,13.345926,0.1166289088690236,,,,,,,,,,,,False,False
2926841683326298880,,,NGC2287,101.65308937796652,-21.24951384269659,0.14072514,11.228206,0.0306079858552746,46.7358,41.046978,0.8782769953654374,,,,,,,,,True,True
2926842439240504832,,,NGC2287,101.69997114828108,-21.17709989389256,0.19083786,11.121964,0.144279290058558,195.95543,104.85942,0.5351187257224768,,,,,,,,,True,True
2926846871645962752,,,NGC2287,101.61601337255048,-21.08946376154589,0.3948803,11.880044,0.0530176823660507,77.41909,45.154194,0.5832436676793799,,,,,,,,,True,False
2926859859627483264,,,NGC2287,101.16960874248528,-21.360749388915103,1.461379,15.420936,0.2876057572378166,,,,,,,,,,,,False,False
2926875699466927232,,,NGC2287,100.8890195532271,-21.23513027505104,0.62001705,12.124231,0.4164457446307127,,,,,,,,,,,,False,False
2926889752599638144,,,NGC2287,101.30792666476616,-21.132023946618645,0.35399914,11.70538,0.10330782993778,76.0705,42.411915,0.5575343267100913,,,,,,,,,True,False
2926899235887291904,,,NGC2287,101.35447419521716,-20.96879861281017,-0.033291817,8.79911,0.072200872918382,341.30554,19.578466,0.05736345797375571,,,,,,,,,True,True
2926899407685937792,,,NGC2287,101.43433532449548,-20.97100262731626,0.2601843,11.40963,0.1250158830603056,81.61067,52.086807,0.638235257718139,,,,,,,,,True,False
2926899579484599808,,,NGC2287,101.45859288479188,-20.939642571536123,0.41352654,11.829487,0.1279227045799722,139.76112,95.358215,0.6822942961533222,,,,,,,,,True,False
2926911948990408704,,,NGC2287,101.3910558754764,-20.87835389779266,0.861866,13.607559,0.2429831626012457,,,,,,,,,,,,False,False
2926914182373505152,,,NGC2287,101.19721173660255,-20.888583273732284,0.1657219,11.012284,0.1451677330306769,215.31082,58.730953,0.2727728824775271,,,,,,,,,True,True
2926915591122711552,,,NGC2287,101.27408407479628,-20.85546852833772,0.99263954,14.190552,0.1789885176897136,,,,,,,,,,,,False,False
2926916175231589888,,,NGC2287,101.27178122225055,-20.833672075635405,0.14312363,10.937622,0.135461650655241,81.838646,24.8397,0.30352041748100284,,,,,,,,,True,True
2926916965512116864,,,NGC2287,101.20725539331306,-20.79464132502605,0.12646675,11.038668,0.0807190737899625,206.2099,91.12822,0.4419197138449706,,,,,,,,,True,True
2926927239076796672,,,NGC2287,102.14531728638532,-21.146584628579948,0.62966156,11.989451,0.4989001081058765,,,,,,,,,,,,False,False
2926935549830343680,,,NGC2287,101.77943176721143,-21.172861064199168,0.4033451,11.782858,0.1402706542287661,147.61876,69.48265,0.4706898364408426,,,,,,,,,True,False
2926941051691510144,,,NGC2287,101.65177814899424,-21.048873888144065,0.48041344,11.541784,0.4061951556235459,162.46971,85.470276,0.5260689884902239,,,,,,,,,True,False
2926942151203116416,,,NGC2287,101.77341228095844,-21.013203498246643,0.35558414,11.619679,0.1598549391937608,243.76334,88.2976,0.3622267400832299,,,,,,,,,True,False
2926942357361538048,,,NGC2287,101.81626040091994,-20.999109883586826,0.004160881,10.275566,0.0661437349887789,116.896614,65.03171,0.5563181667520327,,,,,,,,,True,True
2926950466259769984,,,NGC2287,101.8538597611578,-20.84828280902357,0.099741936,11.045099,0.0404663541416355,109.89488,77.47409,0.7049836170711502,,,,,,,,,True,True
2926951565771377792,,,NGC2287,101.99018663335384,-20.80435788717209,0.2949047,11.447237,0.160145213626593,274.07687,105.10623,0.38349179191954436,,,,,,,,,True,False
2926990044377358208,,,NGC2287,101.58885507512274,-20.923896807041128,0.55122566,12.171875,0.1971679781618125,127.99197,77.06752,0.602127774109579,,,,,,,,,True,False
2926990048679648000,,,NGC2287,101.58699831161915,-20.924628478522777,0.29480076,11.58571,0.0809163413969231,46.853752,37.797787,0.8067184672851814,,,,,,,,,True,False
2926990357917227776,,,NGC2287,101.7139700224105,-20.92481635681628,0.29311752,11.548376,0.1009955827455604,89.59351,46.473682,0.5187170588583927,,,,,,,,,True,False
2926993931330106624,,,NGC2287,101.4660094771974,-20.873980488163724,1.3825932,15.032305,0.3799957329030541,,,,,,,,,,,,False,False
2926993995745289216,,,NGC2287,101.53028294989764,-20.88593149228194,0.25683498,11.4851675,0.0799915300060498,62.899258,67.91126,1.0796830067534342,,,,,,,,,True,False
2926994103128768768,,,NGC2287,101.53323179271652,-20.874932226859656,0.312253,11.583939,0.1104364775008585,40.408916,19.656713,0.4864449469518064,,,,,,,,,True,False
2926995030833789056,,,NGC2287,101.6094078643464,-20.83358473183832,0.15060139,11.247698,0.0366134301774234,72.98202,80.78583,1.106927843323602,,,,,,,,,True,True
2926996405231115264,,,NGC2287,101.62541114443316,-20.76624580142319,0.9623108,14.265067,0.0563359944671548,,,,,,,,,,,,False,False
2927001902789166208,,,NGC2287,101.75976375859452,-20.735496248023527,0.5682516,11.699467,0.4774431305576455,55.42959,42.149952,0.7604233045923666,,,,,,,,,True,False
2927002040228145280,,,NGC2287,101.70996251657832,-20.73910824534162,0.08717537,10.894442,0.067473715316266,121.96769,67.2954,0.5517477620507529,,,,,,,,,True,True
2927002723118812928,,,NGC2287,101.64567125457307,-20.71250199076568,-0.05294037,9.394363,0.0530832583631577,90.764626,24.178331,0.2663849570646608,,,,,,,,,True,True
2927004754647430784,,,NGC2287,101.69969508332856,-20.65943650891481,0.21347332,10.622002,0.3202662308134256,132.39774,32.395,0.24467940313784814,,,,,,,,,True,False
2927004995165549056,,,NGC2287,101.7921524801421,-20.641212050197968,0.2907896,11.557172,0.0919231486303509,,,,,,,,,,,,False,False
2927006129037211648,,,NGC2287,101.45560602133452,-20.837186641489613,0.15679646,10.907258,0.163811985970935,277.39642,76.56204,0.2760022641964882,,,,,,,,,True,True
2927006781872247424,,,NGC2287,101.4165189826356,-20.82081066364845,0.9743891,13.535581,0.8338864253402238,,,,,,,,,,,,False,False
2927006850591725568,,,NGC2287,101.40528982092157,-20.81622613672,-0.021594048,9.065444,0.0837944006718763,,,,,,,,,,,,False,True
2927006850591726976,,,NGC2287,101.39878594822385,-20.81394158339324,1.0725431,14.481172,0.1808621109385108,,,,,,,,,,,,False,False
2927007262908564736,,,NGC2287,101.41642477340945,-20.79121179821686,0.104393005,11.052085,0.0447925837753714,109.37808,69.26699,0.6332803611107455,,,,,,,,,True,True
2927007915743536640,,,NGC2287,101.518155468104,-20.786092424023447,-0.027655602,9.635971,0.0710256051986499,264.32278,40.337017,0.15260514814500664,,,,,,,,,True,True
2927007950103249920,,,NGC2287,101.5389743775675,-20.76707112744293,0.42140293,11.126135,0.4735807593063062,80.61554,51.213276,0.6352779625367516,,,,,,,,,True,False
2927008396779815808,,,NGC2287,101.58720927608596,-20.75444937477086,0.5104933,11.26067,0.5571875348286586,160.0467,63.234657,0.39510128606213063,,,,,,,,,True,False
2927008495554860160,,,NGC2287,101.58379181277084,-20.73176209970632,0.46846485,11.608779,0.3519598886814572,45.313885,30.835218,0.6804805635182241,,,,,,,,,True,False
2927008534218797184,,,NGC2287,101.53001988791614,-20.75432606021793,0.9033723,6.504876,0.2507928109758632,11.968857,0.42594722,0.03558796132329094,,,,,,,,,True,False
2927009874248545280,,,NGC2287,101.50957594836862,-20.666766037084617,1.1765423,13.980137,0.9216013589266696,,,,,,,,,,,,False,False
2927012210710834560,,,NGC2287,101.41802668159438,-20.714116820714526,0.3699808,11.723429,0.1193259216594938,68.85891,37.664402,0.5469793524178643,,,,,,,,,True,False
2927012515646282624,,,NGC2287,101.4275743265398,-20.693164767101337,-0.064391136,8.567471,0.0497437779260033,118.76743,20.353397,0.17137187358520767,,,,,,,,,True,True
2927012657387385600,,,NGC2287,101.47175111002956,-20.68921104865737,0.08215141,9.811076,0.1910523055234074,271.64142,41.139496,0.15144780203254718,,,,,,,,,True,True
2927013138423906944,,,NGC2287,101.4529000685959,-20.646206219541728,0.8202076,13.322824,0.3694207705393066,,,,,,,,,,,,False,False
2927013928697668864,,,NGC2287,101.45179546569187,-20.61919008802817,0.69201756,12.849298,0.1975474409542515,,,,,,,,,,,,False,False
2927014787691101696,,,NGC2287,101.5945727070153,-20.683922978847512,0.134758,11.189171,0.0380991948835809,93.60877,78.9286,0.843175270864044,,,,,,,,,True,True
2927015062568964096,,,NGC2287,101.65133078796714,-20.660832854958468,0.42130566,11.856113,0.1244873646374308,88.65955,56.83111,0.6410038174116607,,,,,,,,,True,False
2927015882897003392,,,NGC2287,101.54868694123137,-20.64901701455964,0.37359238,11.618994,0.1900056189882427,58.679802,33.337696,0.568128979030979,,,,,,,,,True,False
2927016368239015296,,,NGC2287,101.602124467821,-20.6159005755294,0.17521763,11.133867,0.1175650846365254,210.7253,105.128784,0.49889018546894937,,,,,,,,,True,True
2927016574388824064,,,NGC2287,101.67732429734914,-20.638442753846057,0.029541016,10.63059,0.0458544438561635,81.67056,91.1171,1.1156664041485695,,,,,,,,,True,True
2927017738322855936,,,NGC2287,101.67014045721994,-20.589839387198968,0.3525324,11.628267,0.1496239980014813,134.83098,76.664734,0.5685988042214036,,,,,,,,,True,False
2927018734755286784,,,NGC2287,101.53192936012854,-20.643356936791925,0.259552,11.545435,0.0487304927484339,51.833786,40.612152,0.7835073440323267,,,,,,,,,True,False
2927018842140229248,,,NGC2287,101.52688435232656,-20.634314532515926,0.46074295,11.929425,0.1540147807520685,32.55928,31.052357,0.9537175576364096,,,,,,,,,True,False
2927019529334958848,,,NGC2287,101.54068526447348,-20.590937962327136,0.3155918,10.758172,0.4371623539679054,,,,,,,,,,,,False,False
2927020010371319168,,,NGC2287,101.48293258918534,-20.579980506351102,0.7207985,13.003365,0.1877352720972515,,,,,,,,,,,,False,False
2927020663206313472,,,NGC2287,101.50393617722824,-20.545962916122843,0.29176426,11.619008,0.0548601990367441,147.18156,95.53558,0.6491001997804616,,,,,,,,,True,False
2927022003236076800,,,NGC2287,101.55373387397124,-20.52821448157436,0.172225,11.207962,0.0847341474417671,170.91325,107.05847,0.6263906982050835,,,,,,,,,True,True
2927046742248927488,,,NGC2287,101.68962958161212,-20.417992922823483,0.723588,12.388589,0.5909809428251258,,,,,,,,,,,,False,False
2927053889074584832,,,NGC2287,101.86274590921803,-20.339018316213185,1.0320568,14.41944,0.1307350202165363,,,,,,,,,,,,False,False
2927108177456706176,,,NGC2287,100.9453870005216,-20.728550440658523,-0.025345802,9.807796,0.0665550015476853,127.3447,38.470047,0.302093820944256,,,,,,,,,True,True
2927141334603794816,,,NGC2287,100.463484946393,-20.72330814684912,0.37882423,11.721793,0.1359265867849903,24.57947,21.854626,0.8891414664351998,,,,,,,,,True,False
2927199093325439488,,,NGC2287,101.23539094662269,-20.72512264092913,0.43205166,11.895424,0.1178929055767575,75.62256,76.15564,1.0070492191748073,,,,,,,,,True,False
2927199505642285824,,,NGC2287,101.24318399252004,-20.682822618596653,0.22316551,11.440437,0.0518968056103582,66.40134,37.222107,0.5605625880441569,,,,,,,,,True,False
2927199746160410496,,,NGC2287,101.3210960901095,-20.659914001118903,0.15650177,11.059197,0.1168341979597238,209.47,108.55548,0.5182387931446031,,,,,,,,,True,True
2927199849239653760,,,NGC2287,101.27481244505246,-20.67740445244287,0.08817005,10.668151,0.1247926152398448,327.79703,45.14382,0.13771881947801662,,,,,,,,,True,True
2927200021038308480,,,NGC2287,101.30540217603426,-20.63426756080524,0.36392403,11.7101755,0.1174059415405254,11.187696,16.64981,1.4882251001457314,,,,,,,,,True,False
2927203113414681600,,,NGC2287,101.359394466691,-20.52814933774702,0.13581467,10.907401,0.1336817503183529,310.18063,89.385735,0.28817316864692677,,,,,,,,,True,True
2927203388292592384,,,NGC2287,101.33278207289464,-20.514949394025223,-0.049061775,9.756594,0.0421403547110435,110.225555,40.747593,0.3696746457752016,,,,,,,,,True,True
2927207133504349056,,,NGC2287,101.20680582843433,-20.485396664720955,0.19770622,11.328765,0.0692559740024367,52.1238,26.83282,0.5147901726274754,,,,,,,,,True,False
2927208336094874624,,,NGC2287,101.43425248930302,-20.51384416667993,0.10606289,10.96207,0.0753441099194216,150.28966,80.32617,0.5344756918074072,,,,,,,,,True,True
2927208507893833088,,,NGC2287,101.49475543775183,-20.510969825850303,0.4187975,11.875509,0.1053413492913872,49.02636,57.675026,1.1764084871893408,,,,,,,,,True,False
2927212150025729280,,,NGC2287,101.49984382546783,-20.364497579867784,1.1752644,14.5632925,0.3332447299293933,,,,,,,,,,,,False,False
2927218953254107520,,,NGC2287,101.18439139934507,-20.464758746800392,0.5450239,11.804474,0.3932379594059192,35.351887,32.941612,0.9318204711392069,,,,,,,,,True,False
2927225138006978944,,,NGC2287,101.05189805174828,-20.306080439823383,1.5153599,14.975954,0.5983699105416348,,,,,,,,,,,,False,False
2927227233950920832,,,NGC2287,101.28290394873363,-20.29579057348156,0.23168278,11.280557,0.1410216861491032,276.8929,114.74736,0.414410625913485,,,,,,,,,True,True
2927230085809269888,,,NGC2287,101.13631245147478,-20.309038278253706,1.0156393,14.147024,0.2720694533702195,,,,,,,,,,,,False,False
2927236614159792768,,,NGC2287,101.69944576401808,-20.3117082184286,1.8956261,16.528751,0.2599674232745743,,,,,,,,,,,,False,False
2927248743147413376,,,NGC2287,101.66445576567484,-20.09823365486029,1.603405,15.795774,0.2783983175925387,,,,,,,,,,,,False,False
2927254515583005440,,,NGC2287,101.51301260111264,-20.109653242746216,0.18055058,11.054926,0.1525939644540407,284.1832,134.13397,0.4719982391640322,,,,,,,,,True,True
2927258295154256384,,,NGC2287,101.34313418276628,-20.045192171028106,0.13913822,10.954374,0.1248514326460552,94.99489,39.571156,0.41656089080159997,,,,,,,,,True,True
2927258771889054592,,,NGC2287,101.40746392848858,-20.05574020169133,0.34721184,11.612995,0.1500620298128914,8.521553,102.73801,12.05625430012581,,,,,,,,,True,False
2927279976148722816,,,NGC2287,101.1036617177639,-20.15654482295353,0.36794186,11.702591,0.1292950449791472,125.90269,64.96345,0.5159814297851777,,,,,,,,,True,False
2932991389300249984,,,NGC2287,102.41365052942214,-20.472673919788587,0.41287327,11.982535,0.0044778673432426,75.23649,61.64891,0.8194017291343602,,,,,,,,,True,False
2933348485758611968,,,NGC2287,101.64963559495266,-19.370070553706803,0.52693653,11.931278,0.2959900974956527,27.07058,36.05289,1.3318107702162274,,,,,,,,,True,False
2933348490061518464,,,NGC2287,101.64818063469416,-19.374216005627016,0.71529484,13.101921,0.0586513872279188,,,,,,,,,,,,False,False
2933349452134204800,,,NGC2287,101.58896718531184,-19.35232077910886,0.675581,12.804318,0.1575025771604548,,,,,,,,,,,,False,False
2933356427161964800,,,NGC2287,101.9818200354339,-19.440134549637992,1.4799919,15.835741,0.1658673281615765,,,,,,,,,,,,False,False
2939353541535016064,,,NGC2287,101.08420811243332,-19.4012638667422,0.3125801,11.685957,0.0450748378908208,110.41981,57.509514,0.5208260546726172,,,,,,,,,True,False
2939355637479027456,,,NGC2287,100.72043643207137,-19.58190528732236,0.6926136,12.739975,0.3050830429224334,,,,,,,,,,,,False,False
2945371924589367552,,,NGC2287,101.09965330833022,-19.271253958728504,0.85341835,13.788715,0.0431671669427656,,,,,,,,,,,,False,False
3031052463396102912,,,NGC2360,109.5475845336914,-15.979491233825684,2.1990662,18.656359,0.1635578317354543,,,,,,,,,,,,False,False
3031052467697214336,,,NGC2360,109.54302978515624,-15.989306449890137,0.6210079000000001,12.809237,0.1738489022601652,,,,,,,,,,,,False,False
3031052738274604672,,,NGC2360,109.5199203491211,-15.96523380279541,2.3786392000000003,18.429256,0.1245283253772333,,,,,,,,,,,,False,False
3031053154891958912,,,NGC2360,109.54222869873048,-15.93956470489502,1.7466679,16.979877,0.1174795242827864,,,,,,,,,,,,False,False
3031053361050372224,,,NGC2360,109.55694580078124,-15.912559509277346,1.067687,15.168349,0.2202377835263012,,,,,,,,,,,,False,False
3031053498489374208,,,NGC2360,109.47164154052734,-15.961727142333984,0.5641413000000001,12.410714,0.1811693447393297,,,,,,,,,,,,False,False
3031053562908303616,,,NGC2360,109.50768280029295,-15.945363998413086,2.1131496,17.702524,0.1078675424317513,,,,,,,,,,,,False,False
3031054357482794880,,,NGC2360,109.50343322753906,-15.898533821105955,1.0369873,14.8544,0.0011372479176031,,,,,,,,,,,,False,False
3031054731137499008,,,NGC2360,109.70000457763672,-15.975401878356935,2.0892315,17.762619,0.118714861643972,,,,,,,,,,,,False,False
3031054804159375104,,,NGC2360,109.67755126953124,-15.979262351989744,1.7732468,16.867157000000002,0.092053076877498,,,,,,,,,,,,False,False
3031055109094655744,,,NGC2360,109.72664642333984,-15.963032722473145,1.4906368,16.367012,0.1244651587771295,,,,,,,,,,,,False,False
3031055624490718208,,,NGC2360,109.6588134765625,-15.966910362243652,2.215191,18.147217,0.128721830000131,,,,,,,,,,,,False,False
3031056311685625600,,,NGC2360,109.7152099609375,-15.907831192016602,2.1905804,18.038101,0.1241323676612781,,,,,,,,,,,,False,False
3031056930160951808,,,NGC2360,109.7979507446289,-15.89015769958496,0.964777,14.836410999999998,0.5260461855008586,,,,,,,,,,,,False,False
3031057312420435584,,,NGC2360,109.81246948242188,-15.882285118103027,0.7691927,13.846723,0.0288890977105559,,,,,,,,,,,,False,False
3031058682508853248,,,NGC2360,109.743896484375,-15.832778930664062,2.6920986,18.374548,0.0734985624391273,,,,,,,,,,,,False,False
3031058892957495680,,,NGC2360,109.59918212890624,-15.932494163513184,2.2677917,18.62137,0.1524915325096916,,,,,,,,,,,,False,False
3031059030407184640,,,NGC2360,109.61735534667967,-15.912059783935549,0.54292965,11.291662,0.0577606596741871,147.21172,51.39032,0.3490912272473958,,,,,,,,,True,True
3031059232263381376,,,NGC2360,109.5660400390625,-15.908509254455565,1.8623905,17.329939000000003,0.1264368371826633,,,,,,,,,,,,False,False
3031059236565623936,,,NGC2360,109.56470489501952,-15.902260780334473,1.1105851999999998,15.422782000000002,0.2308367737418113,,,,,,,,,,,,False,False
3031059236565627776,,,NGC2360,109.55899810791016,-15.905588150024414,0.9396591,14.210617999999998,0.5440382531491506,,,,,,,,,,,,False,False
3031059236565629056,,,NGC2360,109.56688690185548,-15.912845611572266,1.6904125,16.411499,0.0337648513024452,,,,,,,,,,,,False,False
3031059477083764352,,,NGC2360,109.65032196044922,-15.889863014221191,1.1184492,15.462747,0.2301150831944499,,,,,,,,,,,,False,False
3031059541502984576,,,NGC2360,109.63739776611328,-15.882426261901855,1.6341915,16.826393,0.1350902913019199,,,,,,,,,,,,False,False
3031059575860822656,,,NGC2360,109.6663818359375,-15.88021755218506,1.908001,17.55898,0.138314859104822,,,,,,,,,,,,False,False
3031059988177640704,,,NGC2360,109.54884338378906,-15.901444435119627,1.931467,17.529833,0.1302228329995976,,,,,,,,,,,,False,False
3031060061199348480,,,NGC2360,109.54550170898438,-15.896458625793455,0.95890045,14.701272,0.6884440559252769,,,,,,,,,,,,False,False
3031060232998013056,,,NGC2360,109.5824203491211,-15.856619834899902,0.92710114,14.527125,-0.0771750281359275,,,,,,,,,,,,False,False
3031060439156443904,,,NGC2360,109.57341003417967,-15.85201358795166,1.0400801,15.096066,0.2617090718917637,,,,,,,,,,,,False,False
3031060473516189312,,,NGC2360,109.54468536376952,-15.851022720336914,0.8724289000000001,13.494599,0.7171175179788924,,,,,,,,,,,,False,False
3031060778451760000,,,NGC2360,109.62001037597656,-15.814587593078612,1.0798521,15.24714,0.2271397820462058,,,,,,,,,,,,False,False
3031060920193012480,,,NGC2360,109.5829620361328,-15.820964813232422,1.1887816999999998,15.591579,0.1742406500097731,,,,,,,,,,,,False,False
3031061057631706368,,,NGC2360,109.5998306274414,-15.80610466003418,0.66826344,13.032612,0.2056199874944549,,,,,,,,,,,,False,False
3031061126351174144,,,NGC2360,109.69506072998048,-15.849666595458984,0.7902298000000001,13.857122,0.110880789112095,,,,,,,,,,,,False,False
3031061603086626688,,,NGC2360,109.68517303466795,-15.794988632202148,2.16951,18.8129,0.1748574804793398,,,,,,,,,,,,False,False
3031061877963411584,,,NGC2360,109.75252532958984,-15.787142753601074,2.0332718,17.600744,0.1144784886292665,,,,,,,,,,,,False,False
3031062118481589504,,,NGC2360,109.71297454833984,-15.77042007446289,2.5681667,18.587954,0.1096140459212972,,,,,,,,,,,,False,False
3031062122783551104,,,NGC2360,109.72063446044922,-15.769787788391112,0.55793476,12.544174,0.1136391628763194,,,,,,,,,,,,False,False
3031062603819909504,,,NGC2360,109.64612579345705,-15.77596950531006,0.8080206,13.8552065,0.1892874505330622,,,,,,,,,,,,False,False
3031062638179641984,,,NGC2360,109.65373992919922,-15.764716148376465,1.2118015,15.194588,-0.1154672014696825,,,,,,,,,,,,False,False
3031062638179642368,,,NGC2360,109.6545867919922,-15.765771865844728,1.6186371000000002,16.76599,0.1325628396779484,,,,,,,,,,,,False,False
3031062672539389696,,,NGC2360,109.63664245605467,-15.777770042419435,0.82244873,14.099189,0.0264165581912886,,,,,,,,,,,,False,False
3031063016136757760,,,NGC2360,109.6735382080078,-15.764071464538574,0.8309183000000001,14.109426999999998,0.056985031382008,,,,,,,,,,,,False,False
3031309856497833088,,,NGC2360,108.97203063964844,-15.683664321899414,1.0216742,15.011626,0.2808265598050925,,,,,,,,,,,,False,False
3031311364029144704,,,NGC2360,109.0139389038086,-15.605090141296388,1.6945971999999998,16.919,0.1264571028863728,,,,,,,,,,,,False,False
3031311368322543232,,,NGC2360,109.01028442382812,-15.609912872314451,2.0967178,18.689749,0.1786224611314769,,,,,,,,,,,,False,False
3031311913783683072,,,NGC2360,109.0850601196289,-15.606585502624512,1.885212,17.42851,0.1310655231827674,,,,,,,,,,,,False,False
3031312124240469888,,,NGC2360,109.03713989257812,-15.597880363464355,0.9297476,14.512270999999998,0.0448697858777179,,,,,,,,,,,,False,False
3031312394821313664,,,NGC2360,109.0973663330078,-15.580195426940918,2.137951,17.903026999999998,0.1220938311519114,,,,,,,,,,,,False,False
3031312399119182336,,,NGC2360,109.10657501220705,-15.57619285583496,2.4474240000000003,18.468592,0.117479570424482,,,,,,,,,,,,False,False
3031312429173815424,,,NGC2360,109.11516571044922,-15.576358795166016,2.3288956,17.667717,0.0584126949832526,,,,,,,,,,,,False,False
3031312497893328512,,,NGC2360,109.14604949951172,-15.565540313720703,1.8617039,17.255402,0.1182073125025946,,,,,,,,,,,,False,False
3031312502197485056,,,NGC2360,109.15109252929688,-15.563345909118652,1.0153494,14.999633,0.2993787375117969,,,,,,,,,,,,False,False
3031312536557240832,,,NGC2360,109.12458801269533,-15.561091423034668,1.0014935,14.862918,0.2678492143569968,,,,,,,,,,,,False,False
3031312742715662080,,,NGC2360,109.1163558959961,-15.546631813049316,1.2782106000000002,9.942992,-0.4105549779225698,7.813075,3.0924368,0.3958027793154424,,,,,,,,,True,False
3031313051950231424,,,NGC2360,109.05561065673828,-15.554817199707031,2.2216358,18.535038,0.1538537918121925,,,,,,,,,,,,False,False
3031313597405108864,,,NGC2360,109.1041259765625,-15.51769733428955,1.2778196000000002,15.90845,0.1679521191487536,,,,,,,,,,,,False,False
3031316178689590144,,,NGC2360,108.97621154785156,-15.548015594482422,1.6281719,16.779604,0.1309146964713695,,,,,,,,,,,,False,False
3031316487927208320,,,NGC2360,108.97978973388672,-15.52230739593506,1.3479805,16.142937,0.1643759818477588,,,,,,,,,,,,False,False
3031316762805065984,,,NGC2360,109.03892517089844,-15.51007080078125,0.98611546,14.80759,0.3288443246531607,,,,,,,,,,,,False,False
3031317411336142208,,,NGC2360,108.9601058959961,-15.49014377593994,2.0636044,17.89885,0.1357086781951639,,,,,,,,,,,,False,False
3031318240273780224,,,NGC2360,108.9781723022461,-15.431854248046877,1.4915257,16.404507000000002,0.1307879322237074,,,,,,,,,,,,False,False
3031318270329779712,,,NGC2360,109.00418090820312,-15.422083854675291,1.0911951000000002,15.249412,0.2036996880501326,,,,,,,,,,,,False,False
3031318682644008064,,,NGC2360,109.14934539794922,-15.524188041687012,0.65825844,11.358066,0.1699490876688921,166.0737,78.619865,0.4734034648472335,,,,,,,,,True,True
3031318682646379264,,,NGC2360,109.15850830078124,-15.520344734191896,2.3830757,17.65795,0.0455602471539526,,,,,,,,,,,,False,False
3031318820091481216,,,NGC2360,109.17352294921876,-15.507575988769531,2.0387096,17.88746,0.1394843209196476,,,,,,,,,,,,False,False
3031318927468478848,,,NGC2360,109.20545196533205,-15.509100914001465,0.8054161,13.9473715,0.0990322806331035,,,,,,,,,,,,False,False
3031318961828200832,,,NGC2360,109.21316528320312,-15.498926162719728,0.7482729,13.666508,0.0803373018577899,,,,,,,,,,,,False,False
3031318996187959168,,,NGC2360,109.18592834472656,-15.500203132629396,0.78154373,13.778909,0.1372743269494154,,,,,,,,,,,,False,False
3031319442864494336,,,NGC2360,109.21340942382812,-15.452343940734863,1.1407557,15.501773000000002,0.2094128121591784,,,,,,,,,,,,False,False
3031319580303544320,,,NGC2360,109.11268615722656,-15.484838485717772,0.94312286,14.661997,1.8812261796624328,,,,,,,,,,,,False,False
3031319717742466816,,,NGC2360,109.14349365234376,-15.47395133972168,1.9739056,16.696465,-0.0173100812318292,,,,,,,,,,,,False,False
3031320336217723904,,,NGC2360,109.1545181274414,-15.445981979370115,0.55773926,12.412393,0.1639753347644804,,,,,,,,,,,,False,False
3031320508016398464,,,NGC2360,109.14851379394533,-15.422015190124512,0.97749424,14.790195,0.3975883869036629,,,,,,,,,,,,False,False
3031320508016404480,,,NGC2360,109.15079498291016,-15.429444313049316,1.0332565,14.147052,1.0686972168113558,,,,,,,,,,,,False,False
3031320782894255488,,,NGC2360,109.25763702392578,-15.445246696472168,1.4694996,16.360966,0.1342430948896526,,,,,,,,,,,,False,False
3031320950396170752,,,NGC2360,109.22775268554688,-15.432948112487791,2.1427383,18.07546,0.1354384535867383,,,,,,,,,,,,False,False
3031320954692951424,,,NGC2360,109.23404693603516,-15.434943199157717,2.1232357000000004,18.759459,0.1782987778230045,,,,,,,,,,,,False,False
3031320954692957952,,,NGC2360,109.22164916992188,-15.431730270385742,1.0997629,15.090160999999998,0.0730166331658579,,,,,,,,,,,,False,False
3031321087828356992,,,NGC2360,109.2469711303711,-15.410391807556152,1.585949,16.739335999999998,0.14124027210126,,,,,,,,,,,,False,False
3031321190907540352,,,NGC2360,109.27233123779295,-15.423707962036133,2.057022,17.76239,0.1251954183961511,,,,,,,,,,,,False,False
3031321332650450432,,,NGC2360,109.29619598388672,-15.40092945098877,1.9412193,16.740604,0.0061910801995,,,,,,,,,,,,False,False
3031321603224476160,,,NGC2360,109.27590942382812,-15.388134002685549,2.5075397,18.115473,0.0768054952786471,,,,,,,,,,,,False,False
3031321607527912832,,,NGC2360,109.28404998779295,-15.390717506408691,1.0256634,15.102201,0.3081244578872391,,,,,,,,,,,,False,False
3031321710607197056,,,NGC2360,109.21827697753906,-15.425262451171877,1.9027729,17.333911999999998,0.1164978420093675,,,,,,,,,,,,False,False
3031321981181554944,,,NGC2360,109.19070434570312,-15.408870697021484,2.305149,18.168009,0.115504252216185,,,,,,,,,,,,False,False
3031322084260809088,,,NGC2360,109.20022583007812,-15.39055633544922,2.0406933,17.784739000000002,0.1304777498940575,,,,,,,,,,,,False,False
3031322122924027904,,,NGC2360,109.21024322509766,-15.38072681427002,0.6595936,13.099952,0.1131042263055315,,,,,,,,,,,,False,False
3031322462217988864,,,NGC2360,109.2691879272461,-15.362469673156738,1.7992859,17.144314,0.1223857265568209,,,,,,,,,,,,False,False
3031322634013907968,,,NGC2360,109.25466918945312,-15.356209754943848,0.6038131999999999,12.702434,0.1761957166513273,,,,,,,,,,,,False,False
3031323699168508160,,,NGC2360,109.08941650390624,-15.394054412841797,2.1499805,17.474585,0.0730147088361161,,,,,,,,,,,,False,False
3031323737831801984,,,NGC2360,109.11207580566406,-15.394608497619627,0.926157,14.536787,-0.160199734367045,,,,,,,,,,,,False,False
3031324455082767232,,,NGC2360,109.08141326904295,-15.38225269317627,2.2727985,17.532295,0.0523506828023968,,,,,,,,,,,,False,False
3031324631184994304,,,NGC2360,109.08018493652344,-15.367846488952637,1.6847724999999998,16.755232,0.1061524187616998,,,,,,,,,,,,False,False
3031325112221278592,,,NGC2360,109.1806182861328,-15.378039360046388,0.96913815,14.784639000000002,0.4846629046872613,,,,,,,,,,,,False,False
3031325249660254592,,,NGC2360,109.14007568359376,-15.37771987915039,0.92824745,14.485156,0.1238157069890158,,,,,,,,,,,,False,False
3031325382795770368,,,NGC2360,109.16543579101562,-15.350784301757812,2.242855,18.708633,0.160533187135037,,,,,,,,,,,,False,False
3031326654106163968,,,NGC2360,109.169677734375,-15.312549591064451,1.5372925,16.537172,0.1315333209215847,,,,,,,,,,,,False,False
3031326825910493568,,,NGC2360,109.16645050048828,-15.29093074798584,2.1427631000000003,17.561735000000002,0.0857231626585108,,,,,,,,,,,,False,False
3031326894624346752,,,NGC2360,109.13719177246094,-15.304365158081056,2.333479,18.249886,0.1176482905166463,,,,,,,,,,,,False,False
3031326933287340800,,,NGC2360,109.15184783935548,-15.28171443939209,0.9682665,14.662861,0.3073401276518093,,,,,,,,,,,,False,False
3031338336414339072,,,NGC2360,109.10971069335938,-15.292068481445312,0.49623203,12.045487,0.1025773463056441,,,,,,,,,,,,False,True
3031338336418458496,,,NGC2360,109.10052490234376,-15.28744888305664,2.201107,18.379436,0.1473532016544598,,,,,,,,,,,,False,False
3031338405136742528,,,NGC2360,109.09288787841795,-15.28013038635254,1.8355064,17.101904,0.1063969787214372,,,,,,,,,,,,False,False
3031339062275005696,,,NGC2360,109.07605743408205,-15.251111030578612,1.2356119,15.698428,0.1536492358270077,,,,,,,,,,,,False,False
3031339985684807424,,,NGC2360,109.10777282714844,-15.214401245117188,1.8164082,17.161417,0.1195428298350835,,,,,,,,,,,,False,False
3031344972149035520,,,NGC2360,109.697509765625,-15.668922424316404,1.3052578,16.04855,0.1754694335719963,,,,,,,,,,,,False,False
3031345139645546496,,,NGC2360,109.66471099853516,-15.65687656402588,2.5899258,18.340664,0.0856987163873373,,,,,,,,,,,,False,False
3031345178307442688,,,NGC2360,109.69273376464844,-15.669139862060549,0.73003197,13.663079000000002,0.005561046947633,,,,,,,,,,,,False,False
3031345281386621568,,,NGC2360,109.68248748779295,-15.65000343322754,0.6372118,13.051132,0.054797698097547,,,,,,,,,,,,False,False
3031345384465814272,,,NGC2360,109.7211456298828,-15.651174545288086,0.8412008,14.04527,0.1724818181773184,,,,,,,,,,,,False,False
3031345796782732160,,,NGC2360,109.73094940185548,-15.616972923278809,1.1520004,15.560471,0.2106722759503485,,,,,,,,,,,,False,False
3031345968581403776,,,NGC2360,109.64604949951172,-15.643362998962402,0.49465752,12.000912,0.102949268273391,112.43138,66.16184,0.5884641814411599,,,,,,,,,True,True
3031346002941139712,,,NGC2360,109.66366577148438,-15.652520179748535,1.2689046999999998,15.915345,0.1765759772150379,,,,,,,,,,,,False,False
3031346037300852992,,,NGC2360,109.68102264404295,-15.63383674621582,2.0494156,16.874682999999997,-0.0021943173772931,,,,,,,,,,,,False,False
3031346067358502656,,,NGC2360,109.6509246826172,-15.630348205566404,1.7104111000000002,17.090553,0.1422500285874904,,,,,,,,,,,,False,False
3031346067363186432,,,NGC2360,109.65026092529295,-15.639260292053224,2.243126,18.176334,0.1263809748606195,,,,,,,,,,,,False,False
3031346071660603776,,,NGC2360,109.65509796142578,-15.631159782409668,0.80039024,14.049776,-0.0250316433535934,,,,,,,,,,,,False,False
3031346174743047680,,,NGC2360,109.62775421142578,-15.640361785888672,2.137354,17.982243,0.1289705627826041,,,,,,,,,,,,False,False
3031346209099583232,,,NGC2360,109.59993743896484,-15.636260986328123,0.9314165,14.60859,-1.8056161003532456,,,,,,,,,,,,False,False
3031346243459314176,,,NGC2360,109.6171417236328,-15.629867553710938,1.4821491000000002,16.434687,0.1405100973386133,,,,,,,,,,,,False,False
3031346342236426240,,,NGC2360,109.62493896484376,-15.615527153015137,2.097868,17.809044,0.1213290589176969,,,,,,,,,,,,False,False
3031346346538502912,,,NGC2360,109.63289642333984,-15.608469009399414,1.0723171,15.280315,0.2549643044612978,,,,,,,,,,,,False,False
3031346483968747520,,,NGC2360,109.6714324951172,-15.620953559875488,2.3777122000000004,18.8247,0.1496785975842166,,,,,,,,,,,,False,False
3031346552696891520,,,NGC2360,109.70149230957033,-15.606512069702148,1.0934515,15.185998,0.1652705253914899,,,,,,,,,,,,False,False
3031347033733203456,,,NGC2360,109.76060485839844,-15.617733001708984,1.4905624,16.459854,0.1405678066899109,,,,,,,,,,,,False,False
3031347063791605376,,,NGC2360,109.77769470214844,-15.614521980285645,2.2455807,18.90715,0.1698328288376082,,,,,,,,,,,,False,False
3031347342961992704,,,NGC2360,109.75499725341795,-15.594293594360352,2.181223,18.447527,0.1544718101229466,,,,,,,,,,,,False,False
3031347617848668544,,,NGC2360,109.81964874267578,-15.560308456420898,2.002514,17.350403,0.0930062047997862,,,,,,,,,,,,False,False
3031347789647376768,,,NGC2360,109.7977523803711,-15.563924789428713,1.5151978000000002,16.414210999999998,0.1208132816385969,,,,,,,,,,,,False,False
3031347961446030464,,,NGC2360,109.83214569091795,-15.547112464904783,1.189497,15.771252,0.2167983530062107,,,,,,,,,,,,False,False
3031348098885075712,,,NGC2360,109.7375030517578,-15.58169174194336,0.7051153,13.530106,-0.0053791711913885,,,,,,,,,,,,False,False
3031348133244815360,,,NGC2360,109.72452545166016,-15.574156761169435,1.5931854,16.640703,0.1240461197082625,,,,,,,,,,,,False,False
3031348236323994368,,,NGC2360,109.75579071044922,-15.558282852172852,1.0507832,15.2078495,0.2779440684310944,,,,,,,,,,,,False,False
3031348305043470720,,,NGC2360,109.74415588378906,-15.549818992614744,0.55180454,12.823282,-0.0988567578397824,,,,,,,,,,,,False,False
3031348442482449024,,,NGC2360,109.71443939208984,-15.553730964660645,0.76740456,13.234383,0.4702184213576905,,,,,,,,,,,,False,False
3031348408122727040,,,NGC2360,109.70011901855467,-15.563576698303224,0.5666323,12.8466835,-0.0637682907440574,,,,,,,,,,,,False,False
3031348820439498368,,,NGC2360,109.77943420410156,-15.520923614501951,1.9411087,17.165335,0.0844996048888198,,,,,,,,,,,,False,False
3031349198396812672,,,NGC2360,109.60706329345705,-15.620817184448242,0.9163637,14.501034,-0.107228391368904,,,,,,,,,,,,False,False
3031349297178458112,,,NGC2360,109.6233139038086,-15.610443115234377,2.1218642999999995,18.27614,0.1528949700699417,,,,,,,,,,,,False,False
3031349301476006656,,,NGC2360,109.61849975585938,-15.603072166442873,1.1939764,14.756279,-2.613522416606957,,,,,,,,,,,,False,False
3031349400253820032,,,NGC2360,109.61842346191406,-15.591909408569336,2.2784767,18.72073,0.1565694538925601,,,,,,,,,,,,False,False
3031349438914983552,,,NGC2360,109.58060455322266,-15.60728359222412,1.3042336,15.990065,0.1648512284311286,,,,,,,,,,,,False,False
3031349468969875200,,,NGC2360,109.59839630126952,-15.597752571105955,1.7981911,17.135036,0.1215772621434688,,,,,,,,,,,,False,False
3031349507634461184,,,NGC2360,109.55960083007812,-15.59552764892578,1.5158405,16.19838,0.0734702208050013,,,,,,,,,,,,False,False
3031349507634462464,,,NGC2360,109.56693267822266,-15.60311222076416,0.93591213,14.646843,4.425035150216402,,,,,,,,,,,,False,False
3031349541985534592,,,NGC2360,109.58251953125,-15.59094524383545,2.448738,18.794746,0.1391475190505399,,,,,,,,,,,,False,False
3031349541994181632,,,NGC2360,109.5792007446289,-15.583148002624512,1.1864146999999998,10.136068,2.197993659739962,9.352499,3.0003726,0.32080972155142706,,,,,,,,,True,False
3031349572049094400,,,NGC2360,109.60061645507812,-15.583303451538086,1.5982723,16.705973,0.1318248013720241,,,,,,,,,,,,False,False
3031349576353908096,,,NGC2360,109.59630584716795,-15.582440376281738,0.9258318,14.677314,2.1058262261381944,,,,,,,,,,,,False,False
3031349606408837504,,,NGC2360,109.61491394042967,-15.572444915771484,2.3415031,18.435844,0.1304196782393748,,,,,,,,,,,,False,False
3031349679433104896,,,NGC2360,109.60932159423828,-15.568584442138672,1.7466087,16.393055,0.000751638338477,,,,,,,,,,,,False,False
3031349713792835072,,,NGC2360,109.64527893066406,-15.584395408630373,0.59593964,12.871139,0.0304758335100555,,,,,,,,,,,,False,False
3031349816872145024,,,NGC2360,109.64359283447266,-15.562203407287598,1.1400356000000005,15.529514,0.2179691891851356,,,,,,,,,,,,False,False
3031349851231767296,,,NGC2360,109.66390228271484,-15.572548866271973,0.6738272,13.358407,-0.0184865128571636,,,,,,,,,,,,False,False
3031349915649275136,,,NGC2360,109.65739440917967,-15.560401916503904,1.8725777,17.321035000000002,0.1228298639983118,,,,,,,,,,,,False,False
3031349919951230848,,,NGC2360,109.65806579589844,-15.5537691116333,0.9577112,14.905309,0.5572845535396236,,,,,,,,,,,,False,False
3031350293603600512,,,NGC2360,109.5672607421875,-15.582127571105955,1.9713669,17.655931,0.1332686822180128,,,,,,,,,,,,False,False
3031350332268173056,,,NGC2360,109.54520416259766,-15.570361137390137,0.546566,11.724504,0.1640284528357384,,,,,,,,,,,,False,True
3031350332268175104,,,NGC2360,109.5458755493164,-15.574883460998535,1.7020111,16.97405,0.1311083089308369,,,,,,,,,,,,False,False
3031350332268180608,,,NGC2360,109.53631591796876,-15.576717376708984,0.87883663,14.396317000000002,-0.1303048066177597,,,,,,,,,,,,False,False
3031350362323083904,,,NGC2360,109.55425262451172,-15.569233894348145,1.2867756,15.94977,0.1696889560300541,,,,,,,,,,,,False,False
3031350431042569472,,,NGC2360,109.59282684326172,-15.554605484008787,2.0515728,17.491297,0.0982619001872293,,,,,,,,,,,,False,False
3031350431042570880,,,NGC2360,109.59001922607422,-15.552847862243652,2.01017,17.62758,0.1222325147307811,,,,,,,,,,,,False,False
3031350504066821248,,,NGC2360,109.5752410888672,-15.542801856994627,0.86240387,14.304332,-0.0414418240909868,,,,,,,,,,,,False,False
3031350504066826368,,,NGC2360,109.5786361694336,-15.548676490783691,0.72815704,13.587471,0.0512440832852203,,,,,,,,,,,,False,False
3031350534121776896,,,NGC2360,109.53802490234376,-15.567374229431152,1.4761181,16.453873,0.1464844325322692,,,,,,,,,,,,False,False
3031350538426611584,,,NGC2360,109.5270538330078,-15.571612358093262,1.0958462,15.285227,0.2095268735995711,,,,,,,,,,,,False,False
3031350572786326400,,,NGC2360,109.55482482910156,-15.559488296508787,1.3328818999999998,16.141810999999997,0.1737084848468566,,,,,,,,,,,,False,False
3031350740280221824,,,NGC2360,109.54631042480467,-15.546309471130373,1.5348778,16.570223000000002,0.1377601314486357,,,,,,,,,,,,False,False
3031350847664189440,,,NGC2360,109.6016845703125,-15.54086208343506,1.049119,15.219382,0.2854720152075172,,,,,,,,,,,,False,False
3031350877719177600,,,NGC2360,109.58954620361328,-15.543205261230469,2.3423576,18.280645,0.1187075456501897,,,,,,,,,,,,False,False
3031350950743381376,,,NGC2360,109.6199722290039,-15.527827262878418,1.127841,15.544087,0.2373990763420013,,,,,,,,,,,,False,False
3031351053822583424,,,NGC2360,109.61856079101562,-15.51054859161377,1.0192642,15.066559,0.3151934435763591,,,,,,,,,,,,False,False
3031351225621286144,,,NGC2360,109.59756469726562,-15.510231971740724,1.2377787,15.814694,0.18129090127173,,,,,,,,,,,,False,False
3031351363060227328,,,NGC2360,109.67891693115234,-15.550060272216797,1.2785645,15.243034,-0.2069636568044726,,,,,,,,,,,,False,False
3031351431779698304,,,NGC2360,109.67771911621094,-15.542328834533691,1.9215317,17.416473,0.1209569100889033,,,,,,,,,,,,False,False
3031351496197273472,,,NGC2360,109.71074676513672,-15.53111171722412,2.1733246,17.801872,0.10574715889917,,,,,,,,,,,,False,False
3031351706657599488,,,NGC2360,109.6533432006836,-15.51926326751709,1.880455,17.301470000000002,0.1185706926641965,,,,,,,,,,,,False,False
3031351844096522752,,,NGC2360,109.67330932617188,-15.502100944519045,1.0973539,15.3059,0.2148058208847033,,,,,,,,,,,,False,False
3031351844096525952,,,NGC2360,109.6784896850586,-15.508559226989744,1.3797913,16.197725,0.1547215739045787,,,,,,,,,,,,False,False
3031351874151653504,,,NGC2360,109.68104553222656,-15.489194869995115,1.2746696000000002,15.991827,0.1869669995917892,,,,,,,,,,,,False,False
3031351912815967232,,,NGC2360,109.73729705810548,-15.507146835327148,1.6134186,16.637667,0.1152479145301052,,,,,,,,,,,,False,False
3031352252110755584,,,NGC2360,109.69710540771484,-15.474164009094238,2.2213802000000005,18.379324,0.1443160222017572,,,,,,,,,,,,False,False
3031352320831068672,,,NGC2360,109.73605346679688,-15.469944953918455,2.1806087000000005,18.109282,0.1315774108302606,,,,,,,,,,,,False,False
3031352630065797376,,,NGC2360,109.6781768798828,-15.476048469543455,0.5287714,12.071583,0.1651965183414742,103.04661,173.46657,1.6833796861439692,,,,,,,,,True,True
3031352630065890560,,,NGC2360,109.6764907836914,-15.490884780883787,2.2033234,18.579859,0.1589114539439402,,,,,,,,,,,,False,False
3031352733145110656,,,NGC2360,109.6185302734375,-15.487372398376465,1.7308807000000002,16.96658,0.1208021476279854,,,,,,,,,,,,False,False
3031352737449905792,,,NGC2360,109.61669158935548,-15.496148109436035,0.992548,14.957523000000002,0.3799752219964761,,,,,,,,,,,,False,False
3031352870584090112,,,NGC2360,109.64021301269533,-15.47016429901123,1.924448,17.127665,0.0838411769780853,,,,,,,,,,,,False,False
3031352939310737024,,,NGC2360,109.62567901611328,-15.460772514343262,2.0916271,17.0367,0.0180835907191455,,,,,,,,,,,,False,False
3031352977967867008,,,NGC2360,109.64280700683594,-15.455811500549316,0.9105339,14.6327715,-97.07659996875248,,,,,,,,,,,,False,False
3031353145462037376,,,NGC2360,109.70992279052734,-15.44605541229248,2.0622292,17.785429,0.1262432136042811,,,,,,,,,,,,False,False
3031353184126243712,,,NGC2360,109.7160186767578,-15.448079109191896,2.0852509,17.136312,0.0384470702899513,,,,,,,,,,,,False,False
3031353287205496704,,,NGC2360,109.66764068603516,-15.455737113952637,1.9145508,17.412968,0.1222894371222629,,,,,,,,,,,,False,False
3031353317260737024,,,NGC2360,109.6676788330078,-15.44196605682373,1.8247738,17.142822,0.1148411384156207,,,,,,,,,,,,False,False
3031353493363885056,,,NGC2360,109.68291473388672,-15.42201805114746,1.5512676,16.625536,0.1390552317176155,,,,,,,,,,,,False,False
3031353493363891456,,,NGC2360,109.67765808105467,-15.426105499267578,0.54761696,12.145042,0.1988750588691384,,,,,,,,,,,,False,False
3031353871320989696,,,NGC2360,109.8562240600586,-15.52021312713623,1.9876289,18.170155,0.1679616248616059,,,,,,,,,,,,False,False
3031354004458796160,,,NGC2360,109.8695297241211,-15.49879550933838,2.3039455,18.594194,0.146012919602657,,,,,,,,,,,,False,False
3031354043119663232,,,NGC2360,109.8515396118164,-15.499021530151367,0.47924423,12.147215,0.0519679924978748,,,,,,,,,,,,False,True
3031354176257488896,,,NGC2360,109.89466094970705,-15.497791290283203,2.3809853,18.606337,0.136320117248924,,,,,,,,,,,,False,False
3031354451135542272,,,NGC2360,109.87693786621094,-15.47477912902832,1.7000523,16.92993,0.1260786782288577,,,,,,,,,,,,False,False
3031354455436491264,,,NGC2360,109.87762451171876,-15.484861373901367,0.86752415,14.36959,-0.1509445360585631,,,,,,,,,,,,False,False
3031354691652967680,,,NGC2360,109.83073425292967,-15.510112762451172,1.9449139,17.583029999999997,0.1322861638457415,,,,,,,,,,,,False,False
3031357135496010624,,,NGC2360,109.88335418701172,-15.420156478881836,0.52818394,11.668666,0.1271351084290828,232.1081,59.14604,0.2548210941367406,,,,,,,,,True,True
3031358161991780352,,,NGC2360,109.79124450683594,-15.444223403930664,2.1796532,18.077387,0.1292316544326906,,,,,,,,,,,,False,False
3031359020985374720,,,NGC2360,109.82559204101562,-15.371706008911133,2.0176373,17.618773,0.1197366745668278,,,,,,,,,,,,False,False
3031359124058455936,,,NGC2360,109.71515655517578,-15.422144889831545,2.2541885,18.185652,0.125300379928628,,,,,,,,,,,,False,False
3031362358176599680,,,NGC2360,109.5120849609375,-15.546053886413574,0.90907574,14.508653,-0.2619611015347448,,,,,,,,,,,,False,False
3031362358176604032,,,NGC2360,109.5157241821289,-15.55458164215088,0.62383366,11.127599,0.0778575669612301,45.37437,10.322927,0.2275056821725569,,,,,,,,,True,True
3031362388231532416,,,NGC2360,109.52433013916016,-15.54167652130127,2.436285,17.753868,0.0475034899767025,,,,,,,,,,,,False,False
3031362392536326144,,,NGC2360,109.520751953125,-15.53746223449707,0.5544138000000001,12.699745,0.0151313379930443,,,,,,,,,,,,False,False
3031362422597933184,,,NGC2360,109.49214935302734,-15.539955139160154,1.5471668,16.509563,0.1225188174271593,,,,,,,,,,,,False,False
3031362426896071936,,,NGC2360,109.50726318359376,-15.53681182861328,0.7018956999999999,13.458157,0.0306874457903849,,,,,,,,,,,,False,False
3031362426896081408,,,NGC2360,109.50076293945312,-15.545013427734377,1.8398781,17.15567,0.1121157303400086,,,,,,,,,,,,False,False
3031362461255806720,,,NGC2360,109.50320434570312,-15.530256271362305,1.9837837,16.883696,0.022368673592597,,,,,,,,,,,,False,False
3031362529975244160,,,NGC2360,109.54786682128906,-15.516175270080565,0.83081436,14.214378,-0.0824338543956361,,,,,,,,,,,,False,False
3031362564335003392,,,NGC2360,109.52204132080078,-15.522445678710938,0.44061184,11.482401,0.0026553204700989,184.99377,41.052677,0.22191383526050634,,,,,,,,,True,True
3031362628749713280,,,NGC2360,109.49007415771484,-15.526328086853027,1.8221169,17.100025,0.1101220920395171,,,,,,,,,,,,False,False
3031362633054507648,,,NGC2360,109.49050903320312,-15.532695770263672,1.0144472,15.038548,0.3208678790842275,,,,,,,,,,,,False,False
3031362667414235904,,,NGC2360,109.49816131591795,-15.525861740112305,1.2654543,15.643388,0.1031128864138374,,,,,,,,,,,,False,False
3031362701773984640,,,NGC2360,109.4815673828125,-15.526795387268065,0.6572504,13.085195,0.1148147531973173,,,,,,,,,,,,False,False
3031362736133711232,,,NGC2360,109.48590850830078,-15.515575408935549,1.37185,15.915528,0.094285007678071,,,,,,,,,,,,False,False
3031362766188676608,,,NGC2360,109.5160675048828,-15.515839576721191,2.1211376,17.827091,0.1184333473762051,,,,,,,,,,,,False,False
3031362839212904192,,,NGC2360,109.49838256835938,-15.49919891357422,1.3362484,16.085420000000003,0.161306260111473,,,,,,,,,,,,False,False
3031362869267831424,,,NGC2360,109.50528717041016,-15.492596626281738,0.4971981,12.172824,0.0854293335516813,,,,,,,,,,,,False,True
3031362873572623616,,,NGC2360,109.51963806152344,-15.491472244262695,0.7864350999999999,13.956631,0.0059413477776587,,,,,,,,,,,,False,False
3031362907923589760,,,NGC2360,109.56257629394533,-15.510106086730955,2.202814,18.66068,0.163285203926829,,,,,,,,,,,,False,False
3031362907932354176,,,NGC2360,109.554443359375,-15.506710052490234,0.8226671,14.128688,-0.0073948817489007,,,,,,,,,,,,False,False
3031362937989375616,,,NGC2360,109.56584930419922,-15.507560729980469,2.648468,18.39841,0.0822658675639397,,,,,,,,,,,,False,False
3031363045371417984,,,NGC2360,109.56883239746094,-15.491986274719238,1.1649408,14.906692,-0.6229490413961694,,,,,,,,,,,,False,False
3031363178505567104,,,NGC2360,109.53254699707033,-15.491876602172852,1.7913857,16.753006,0.065587751756524,,,,,,,,,,,,False,False
3031363178505573888,,,NGC2360,109.53490447998048,-15.486597061157228,2.5552769,18.167006,0.0741765526965432,,,,,,,,,,,,False,False
3031363182810253312,,,NGC2360,109.53902435302734,-15.487310409545898,1.6057758,16.662036999999998,0.1222499598314566,,,,,,,,,,,,False,False
3031363247227032960,,,NGC2360,109.52017974853516,-15.47419548034668,2.1555157000000005,18.848166,0.1781191358801818,,,,,,,,,,,,False,False
3031363487743201024,,,NGC2360,109.48016357421876,-15.499163627624512,1.8512802,17.145739000000003,0.1075628200028237,,,,,,,,,,,,False,False
3031363492039738240,,,NGC2360,109.48403930664062,-15.503278732299805,1.7166348000000002,17.19689,0.1516337749718277,,,,,,,,,,,,False,False
3031363522104930688,,,NGC2360,109.46067810058594,-15.502034187316896,2.1556816000000003,18.58806,0.1658552959114385,,,,,,,,,,,,False,False
3031363526407703168,,,NGC2360,109.45709991455078,-15.508024215698242,0.7331065999999999,13.605339,0.0595629801143286,,,,,,,,,,,,False,False
3031363556462687360,,,NGC2360,109.4744873046875,-15.493258476257324,1.0275602,15.09768,0.3006955993854839,,,,,,,,,,,,False,False
3031363556462696960,,,NGC2360,109.4749526977539,-15.487842559814451,1.5361385,16.543919,0.1331216571480317,,,,,,,,,,,,False,False
3031363560767417856,,,NGC2360,109.46717071533205,-15.486896514892578,0.44314766,12.025705,0.0021714415559975,68.52932,48.609676,0.709326694034028,,,,,,,,,True,True
3031363560767425920,,,NGC2360,109.46800231933594,-15.497963905334473,0.49243927,12.063752,0.093166211111596,,,,,,,,,,,,False,True
3031363590822420608,,,NGC2360,109.48910522460938,-15.49634838104248,1.8925209,17.314295,0.1168965906259066,,,,,,,,,,,,False,False
3031363728261373952,,,NGC2360,109.44745635986328,-15.4960355758667,1.7147083,16.874577,0.1134689142241734,,,,,,,,,,,,False,False
3031363728261388160,,,NGC2360,109.4457015991211,-15.48587703704834,2.200529,17.613491,0.0792040511155604,,,,,,,,,,,,False,False
3031363732566121600,,,NGC2360,109.45298767089844,-15.490835189819336,0.9393492,14.551031,0.0182058184018539,,,,,,,,,,,,False,False
3031363801285605376,,,NGC2360,109.43769073486328,-15.488629341125488,1.9304085,16.94898,0.052933397374018,,,,,,,,,,,,False,False
3031363938724529152,,,NGC2360,109.4570083618164,-15.46741771697998,0.8675661,14.301971,-0.0019709534618316,,,,,,,,,,,,False,False
3031364007443968000,,,NGC2360,109.51593017578124,-15.465877532958984,1.2872248,15.942851,0.1678934772806544,,,,,,,,,,,,False,False
3031364110514379904,,,NGC2360,109.51394653320312,-15.459067344665527,1.6990471,16.740475,0.0983432477315328,,,,,,,,,,,,False,False
3031364247953217536,,,NGC2360,109.53600311279295,-15.428016662597654,2.3928833,18.808025,0.1468760861452616,,,,,,,,,,,,False,False
3031364351041357184,,,NGC2360,109.47989654541016,-15.446252822875977,0.8099232,13.949129,0.1174929819471401,,,,,,,,,,,,False,False
3031364419760796800,,,NGC2360,109.51617431640624,-15.428108215332031,1.9699879,17.291315,0.0938121854004803,,,,,,,,,,,,False,False
3031364557199732224,,,NGC2360,109.59768676757812,-15.464837074279783,0.6622524000000001,13.264296,-0.0013628589933049,,,,,,,,,,,,False,False
3031364591559467136,,,NGC2360,109.60789489746094,-15.468401908874512,1.7177924999999998,16.959482,0.1241213677859967,,,,,,,,,,,,False,False
3031364832077634560,,,NGC2360,109.58660888671876,-15.45260238647461,0.9903364,14.969663,0.3937451643189359,,,,,,,,,,,,False,False
3031364900797121664,,,NGC2360,109.56011199951172,-15.4453706741333,2.006237,16.808277,-0.002134340278406,,,,,,,,,,,,False,False
3031365033931547008,,,NGC2360,109.5827865600586,-15.426566123962402,2.1944752,17.483042,0.0636603212654128,,,,,,,,,,,,False,False
3031365068298210944,,,NGC2360,109.5919418334961,-15.4110746383667,2.1049995,18.192848,0.1501653818771024,,,,,,,,,,,,False,False
3031365102651023104,,,NGC2360,109.64116668701172,-15.427452087402346,2.1616554,17.533537,0.0779427557054033,,,,,,,,,,,,False,False
3031365240097300992,,,NGC2360,109.6684112548828,-15.413143157958984,1.961277,17.391679999999997,0.1083909428442377,,,,,,,,,,,,False,False
3031365377528958208,,,NGC2360,109.61656188964844,-15.412259101867676,1.4334679,16.255654999999997,0.1342710139375711,,,,,,,,,,,,False,False
3031365759790557056,,,NGC2360,109.55390167236328,-15.416364669799805,0.95425034,14.371676,0.5512136569358155,,,,,,,,,,,,False,False
3031366099083533568,,,NGC2360,109.56971740722656,-15.37896728515625,1.3705502,16.230210999999997,0.1658058791481358,,,,,,,,,,,,False,False
3031366309546309248,,,NGC2360,109.59520721435548,-15.376912117004396,1.5137081,16.529617000000002,0.14087811218021,,,,,,,,,,,,False,False
3031366412625508096,,,NGC2360,109.61346435546876,-15.3707857131958,1.463398,16.41828,0.1469960733908889,,,,,,,,,,,,False,False
3031366687503411328,,,NGC2360,109.59117889404295,-15.351103782653809,1.0073557,14.956904000000002,0.3103455010635818,,,,,,,,,,,,False,False
3031366962381497472,,,NGC2360,109.4373779296875,-15.445988655090332,0.4487524,11.553962,0.0166881334452587,49.73674,29.926105,0.6016901188135773,,,,,,,,,True,True
3031366962381501952,,,NGC2360,109.4261245727539,-15.44316864013672,0.97144413,14.712541,0.3918530872319363,,,,,,,,,,,,False,False
3031367026796316160,,,NGC2360,109.39640808105467,-15.457210540771484,1.1573648,15.601087,0.2143137790314949,,,,,,,,,,,,False,False
3031367095515814656,,,NGC2360,109.39464569091795,-15.443300247192385,2.6582355,18.451033,0.0856367030535942,,,,,,,,,,,,False,False
3031367099820476800,,,NGC2360,109.39512634277344,-15.44736385345459,0.5056906,12.231756,0.0906821150572859,,,,,,,,,,,,False,False
3031367202899642624,,,NGC2360,109.43418884277344,-15.416892051696776,1.181056,15.60835,0.1882500779972114,,,,,,,,,,,,False,False
3031367202899645056,,,NGC2360,109.44020080566406,-15.4229154586792,0.8239784,13.556714,0.4742891534976819,,,,,,,,,,,,False,False
3031367305978853248,,,NGC2360,109.4638671875,-15.432333946228027,0.899436,14.454642000000002,-0.1203171136503972,,,,,,,,,,,,False,False
3031367473473026944,,,NGC2360,109.5003662109375,-15.39625358581543,1.9545021,17.518284,0.1237770968996037,,,,,,,,,,,,False,False
3031367576554093184,,,NGC2360,109.4461669921875,-15.422689437866213,2.1125984,18.835241,0.1828397692541142,,,,,,,,,,,,False,False
3031367782712546560,,,NGC2360,109.45516204833984,-15.391883850097654,2.370592,17.956018,0.08415669032513,,,,,,,,,,,,False,False
3031367851436241792,,,NGC2360,109.3858871459961,-15.43369197845459,2.2076893,18.254862,0.137951273067542,,,,,,,,,,,,False,False
3031367958813433856,,,NGC2360,109.37842559814452,-15.411239624023438,1.1693964,15.597058,0.1989918252717487,,,,,,,,,,,,False,False
3031368195029393024,,,NGC2360,109.3447036743164,-15.406822204589846,2.5240746,18.592888,0.115986781723295,,,,,,,,,,,,False,False
3031368233691341056,,,NGC2360,109.35614013671876,-15.397783279418944,1.1871681,15.634066,0.1881752819415794,,,,,,,,,,,,False,False
3031368542929389056,,,NGC2360,109.45295715332033,-15.373456954956056,2.224228,18.300322,0.1385573730326497,,,,,,,,,,,,False,False
3031368577289285760,,,NGC2360,109.4606704711914,-15.36374855041504,0.969017,14.808129999999998,0.4899152000539788,,,,,,,,,,,,False,False
3031368847864474240,,,NGC2360,109.4435806274414,-15.34464168548584,2.3412075,18.609426000000003,0.1418913006615104,,,,,,,,,,,,False,False
3031368886526359552,,,NGC2360,109.41082000732422,-15.341020584106444,2.0988865000000003,17.847538,0.1246107502710284,,,,,,,,,,,,False,False
3031368955246228224,,,NGC2360,109.51750946044922,-15.394817352294922,1.0103722,14.978976,0.3091651819806262,,,,,,,,,,,,False,False
3031369401922780160,,,NGC2360,109.52094268798828,-15.345381736755373,1.8432083,17.283531,0.1263533805673874,,,,,,,,,,,,False,False
3031369573721695744,,,NGC2360,109.54554748535156,-15.350226402282717,1.0321836,14.539431,1.9698023883774631,,,,,,,,,,,,False,False
3031369779879891584,,,NGC2360,109.52345275878906,-15.336681365966797,1.1150503,15.234426,0.1438431095882397,,,,,,,,,,,,False,False
3031370192196769792,,,NGC2360,109.4939956665039,-15.333849906921388,0.58812904,12.93939,-0.0614507239133887,,,,,,,,,,,,False,False
3031372081985697152,,,NGC2360,109.7076644897461,-15.322342872619627,2.1255188,18.673843,0.1741211462099598,,,,,,,,,,,,False,False
3031372318196267136,,,NGC2360,109.63651275634766,-15.34206199645996,2.2398262000000004,17.674374,0.0781288833674911,,,,,,,,,,,,False,False
3031372528658899712,,,NGC2360,109.62433624267578,-15.340531349182127,0.46235657,11.338525,0.0021581773469126,46.458866,15.67668,0.3374313957641583,,,,,,,,,True,True
3031373933111838208,,,NGC2360,109.82855987548828,-15.266992568969728,1.7336712,16.935205,0.1156298593038937,,,,,,,,,,,,False,False
3031374242343497344,,,NGC2360,109.78190612792967,-15.25020980834961,2.1713657000000004,18.605885,0.1646501948009059,,,,,,,,,,,,False,False
3031374899480648320,,,NGC2360,109.74739074707033,-15.228925704956056,1.1816034,14.97305,-0.4525766028946006,,,,,,,,,,,,False,False
3031375685450749312,,,NGC2360,109.61929321289062,-15.300593376159668,1.6924438000000002,16.88201,0.1221936114079822,,,,,,,,,,,,False,False
3031376136431332224,,,NGC2360,109.64884185791016,-15.265783309936523,1.2109137,15.687276,0.1763915580716613,,,,,,,,,,,,False,False
3031139191677031680,,,NGC2360,109.91556549072266,-15.884149551391602,0.7046213000000001,13.461077,0.0400532032185988,,,,,,,,,,,,False,False
3031139569634140160,,,NGC2360,109.90552520751952,-15.853545188903809,0.69488335,13.444289,0.0109238038585199,,,,,,,,,,,,False,False
3031139599691788800,,,NGC2360,109.91429901123048,-15.855697631835938,1.9736595,17.973513,0.1579030178748897,,,,,,,,,,,,False,False
3031139977648931712,,,NGC2360,109.9281234741211,-15.844905853271484,2.366169,18.330067,0.11891022948618,,,,,,,,,,,,False,False
3031377304662425344,,,NGC2360,109.59705352783205,-15.219261169433596,0.76368237,13.476563,0.2756890239900362,,,,,,,,,,,,False,False
3031377442101337344,,,NGC2360,109.62945556640624,-15.19872760772705,1.3931332,16.12601,0.1323243305225148,,,,,,,,,,,,False,False
3031377613900044800,,,NGC2360,109.60067749023438,-15.195253372192385,1.5017891,16.518955,0.144611642559261,,,,,,,,,,,,False,False
3031378026216879232,,,NGC2360,109.66883850097656,-15.214239120483398,0.51177406,12.277615,0.092173996209478,,,,,,,,,,,,False,False
3031151625600283136,,,NGC2360,109.84904479980467,-15.82094669342041,2.076107,17.89909,0.1333767768104133,,,,,,,,,,,,False,False
3031151629902309888,,,NGC2360,109.84326171875,-15.816447257995604,0.7935114000000001,13.976068,0.0190283327061996,,,,,,,,,,,,False,False
3031151831758722176,,,NGC2360,109.9156494140625,-15.816376686096191,2.1943436000000003,17.872974,0.1086530933211911,,,,,,,,,,,,False,False
3031151969198768256,,,NGC2360,109.93877410888672,-15.78426742553711,2.415985,18.920893,0.1502191303373484,,,,,,,,,,,,False,False
3031152209715922688,,,NGC2360,109.89871978759766,-15.780516624450684,1.8963852,17.737267000000003,0.15573269695025,,,,,,,,,,,,False,False
3031152622032745472,,,NGC2360,109.79285430908205,-15.796813011169435,1.9095211,17.266104000000002,0.1066627623083636,,,,,,,,,,,,False,False
3031153107370717312,,,NGC2360,109.86581420898438,-15.752386093139648,0.7446345999999999,12.994241,0.5657371062062694,,,,,,,,,,,,False,False
3031153347888878336,,,NGC2360,109.875,-15.735027313232422,0.89446354,14.464425,-0.2189074306378055,,,,,,,,,,,,False,False
3031153721545446912,,,NGC2360,109.9256820678711,-15.76077365875244,2.0408669,18.739714000000003,0.1879573530532999,,,,,,,,,,,,False,False
3031153897644951936,,,NGC2360,109.9597396850586,-15.729215621948242,1.0445423,15.169783,0.2800897773606437,,,,,,,,,,,,False,False
3031154653559214208,,,NGC2360,109.90557098388672,-15.730067253112791,1.0346689,15.05605,0.2583958238245945,,,,,,,,,,,,False,False
3031155164653639552,,,NGC2360,109.93235778808594,-15.692621231079102,1.9382477,16.66701,-0.0106981126383079,,,,,,,,,,,,False,False
3031156749503012352,,,NGC2360,109.73240661621094,-15.745685577392578,0.82111454,14.121503,-0.0065013460813971,,,,,,,,,,,,False,False
3031157054440326144,,,NGC2360,109.72457122802734,-15.71164894104004,2.1139011,18.389954,0.1609937556512939,,,,,,,,,,,,False,False
3031157264899070336,,,NGC2360,109.72299194335938,-15.686833381652832,0.8348999,13.569206,0.511964905653221,,,,,,,,,,,,False,False
3031157672915608064,,,NGC2360,109.75286102294922,-15.671526908874512,2.2851887000000004,18.157587,0.1179337806765248,,,,,,,,,,,,False,False
3031157814654859136,,,NGC2360,109.7736358642578,-15.639045715332031,0.54018974,11.231738,0.0414925810406729,120.405106,56.983665,0.47326618357862665,,,,,,,,,True,True
3031158089532751232,,,NGC2360,109.88036346435548,-15.664403915405272,1.2618475,15.914882,0.1821280571005518,,,,,,,,,,,,False,False
3031158226971713536,,,NGC2360,109.839111328125,-15.666749954223633,1.2895450000000002,15.258764,-0.2100398432637568,,,,,,,,,,,,False,False
3031158879806717824,,,NGC2360,109.8984146118164,-15.621841430664062,0.94570255,14.721085999999998,0.9128347346261748,,,,,,,,,,,,False,False
3031158879806718720,,,NGC2360,109.89057159423828,-15.62039279937744,0.932991,14.71185,1.2403400399900788,,,,,,,,,,,,False,False
3031159085960334976,,,NGC2360,109.8336410522461,-15.644848823547363,2.3688126,18.37153,0.1216930483672036,,,,,,,,,,,,False,False
3031159257758192640,,,NGC2360,109.80909729003906,-15.637276649475098,2.179329,17.86589,0.1108412699187474,,,,,,,,,,,,False,False
3031159459620156416,,,NGC2360,109.81993103027344,-15.614381790161133,0.53822803,12.65445,-0.005325302583991,,,,,,,,,,,,False,False
3031159532641749248,,,NGC2360,109.88103485107422,-15.617968559265137,0.6673584,13.248408,0.0317800749534025,,,,,,,,,,,,False,False
3031164652236974848,,,NGC2360,109.96092224121094,-15.59144115447998,2.3548203,18.480526,0.1316033539165419,,,,,,,,,,,,False,False
3031165373797240448,,,NGC2360,109.97486114501952,-15.547696113586426,1.9334335,17.276766000000002,0.1016193271986168,,,,,,,,,,,,False,False
3031166473308865280,,,NGC2360,109.92815399169922,-15.503802299499512,1.1102495,15.41088,0.2278800171787842,,,,,,,,,,,,False,False
3031168088216559360,,,NGC2360,109.96118927001952,-15.485430717468262,2.1574612,17.632938,0.0908811448652627,,,,,,,,,,,,False,False
3031415164789891584,,,NGC2360,109.34439086914062,-15.390198707580565,2.0076637,17.542604,0.1141238570675456,,,,,,,,,,,,False,False
3031415237815583616,,,NGC2360,109.33565521240234,-15.379229545593262,0.98902225,15.004848499999998,0.4070786085351796,,,,,,,,,,,,False,False
3031415370948401152,,,NGC2360,109.35929107666016,-15.357341766357422,1.9806652,17.476912,0.1133079116429015,,,,,,,,,,,,False,False
3031415375254518656,,,NGC2360,109.35389709472656,-15.354714393615724,1.1255407,15.458685999999998,0.2185931627312136,,,,,,,,,,,,False,False
3031415409614278272,,,NGC2360,109.3107452392578,-15.373239517211914,1.0574455,15.174015,0.2489454402592829,,,,,,,,,,,,False,False
3031415478333751808,,,NGC2360,109.30265808105467,-15.356611251831056,1.7221794,16.952862,0.1218136713322482,,,,,,,,,,,,False,False
3031415753211619328,,,NGC2360,109.37213897705078,-15.341971397399902,0.600337,12.652591,0.1898613182281355,,,,,,,,,,,,False,False
3031415993729776896,,,NGC2360,109.3650131225586,-15.325587272644045,2.458475,18.585989,0.1244320025508794,,,,,,,,,,,,False,False
3031416509125904768,,,NGC2360,109.2691650390625,-15.33889389038086,0.54483414,11.164689,0.0282306650852352,54.36951,16.35856,0.30087745870801486,,,,,,,,,True,True
3031416676618587648,,,NGC2360,109.29777526855467,-15.309196472167969,1.6905365,16.26427,-0.008690941504445,,,,,,,,,,,,False,False
3031417020216080256,,,NGC2360,109.35314178466795,-15.27692985534668,1.2776136,15.906041,0.1675919259142842,,,,,,,,,,,,False,False
3031417471198452864,,,NGC2360,109.44245147705078,-15.296309471130373,1.0695829,15.160621,0.2113585847499299,,,,,,,,,,,,False,False
3031417814790060928,,,NGC2360,109.41607666015624,-15.261982917785645,2.4340706,18.594545,0.1283437726094146,,,,,,,,,,,,False,False
3031417952234749312,,,NGC2360,109.45221710205078,-15.264793395996096,1.046586,15.138314,0.2622314803535173,,,,,,,,,,,,False,False
3031418158393177472,,,NGC2360,109.43985748291016,-15.25507354736328,1.1676073,15.5977125,0.2012957001460066,,,,,,,,,,,,False,False
3031418257166833280,,,NGC2360,109.44629669189452,-15.232891082763672,2.1271,17.528143,0.0851834543256929,,,,,,,,,,,,False,False
3031418536350348800,,,NGC2360,109.37445068359376,-15.255998611450195,1.4822445,16.468454,0.1458614116841748,,,,,,,,,,,,False,False
3031419013081082752,,,NGC2360,109.43708801269533,-15.231988906860352,2.063099,17.549785999999997,0.1023206845493233,,,,,,,,,,,,False,False
3031419013086825984,,,NGC2360,109.43638610839844,-15.224346160888672,2.114746,17.675564,0.1047203707768203,,,,,,,,,,,,False,False
3031419360983991808,,,NGC2360,109.40409088134766,-15.201776504516602,1.1301556,15.451752,0.2097003064575073,,,,,,,,,,,,False,False
3031419498422908544,,,NGC2360,109.42443084716795,-15.180926322937012,0.91755104,14.518641,-0.190084540069755,,,,,,,,,,,,False,False
3031420254337443456,,,NGC2360,109.32562255859376,-15.240947723388672,1.073288,15.219467000000002,0.2302191394378286,,,,,,,,,,,,False,False
3031420494855468928,,,NGC2360,109.29581451416016,-15.239502906799316,2.062029,17.278682999999997,0.0677210140777432,,,,,,,,,,,,False,False
3031421280829047808,,,NGC2360,109.24404907226562,-15.215391159057615,1.9272499,17.905079,0.1617833854273321,,,,,,,,,,,,False,False
3031421555711228288,,,NGC2360,109.2176284790039,-15.202871322631836,2.289648,18.765198,0.1574976296611971,,,,,,,,,,,,False,False
3031421624421399296,,,NGC2360,109.25700378417967,-15.18409252166748,1.9548187,17.688824,0.1396894928053585,,,,,,,,,,,,False,False
3031421697446286720,,,NGC2360,109.25384521484376,-15.182272911071776,1.1259413,15.412412,0.2034554243969538,,,,,,,,,,,,False,False
3031422517774690176,,,NGC2360,109.39762115478516,-15.165654182434082,2.0828857,17.878956,0.1304066963339917,,,,,,,,,,,,False,False
3031423690311006336,,,NGC2360,109.32501983642578,-15.128857612609863,1.0804815,15.267991,0.2339676142938161,,,,,,,,,,,,False,False
3031423960884931712,,,NGC2360,109.52652740478516,-15.234530448913574,2.1748772,18.801851,0.1736946748598487,,,,,,,,,,,,False,False
3031424514944626304,,,NGC2360,109.5600814819336,-15.192656517028809,1.20191,10.203487,0.9974105619836812,11.846555,2.6088111,0.22021685629282098,,,,,,,,,True,False
3031424995980916352,,,NGC2360,109.55138397216795,-15.14295482635498,0.7220621,13.356152,0.1852363590953007,,,,,,,,,,,,False,False
3031425094765379712,,,NGC2360,109.45479583740234,-15.195905685424805,1.7882252,17.21548,0.1337051470133168,,,,,,,,,,,,False,False
3031429703265173760,,,NGC2360,109.35953521728516,-15.107572555541992,0.55653286,11.474223,0.1136048025782365,108.96574,29.230099,0.26825036015907383,,,,,,,,,True,True
3031433615970149504,,,NGC2360,109.17964935302734,-15.170438766479492,2.2372970000000003,18.132418,0.1238544778444032,,,,,,,,,,,,False,False
3031214954898069632,,,NGC2360,109.14531707763672,-16.04766845703125,2.3171635,18.945976,0.1631517643453941,,,,,,,,,,,,False,False
3031215195418927360,,,NGC2360,109.28032684326172,-16.057937622070312,1.2531786,10.197387,1.2445760050392087,,,,,,,,,,,,False,False
3031215362915080960,,,NGC2360,109.2157745361328,-16.069467544555664,2.1775684,17.938097,0.117842033946704,,,,,,,,,,,,False,False
3031215637797505280,,,NGC2360,109.27589416503906,-16.045625686645508,1.4083977,16.328205,0.1607079968161602,,,,,,,,,,,,False,False
3031215878311512192,,,NGC2360,109.2767105102539,-16.02907943725586,2.3334427000000004,18.799543,0.1538128649331518,,,,,,,,,,,,False,False
3031217806756358016,,,NGC2360,109.1255874633789,-16.04209327697754,1.1537552,15.552670999999998,0.2063847973539883,,,,,,,,,,,,False,False
3031219490383514880,,,NGC2360,109.15062713623048,-16.009834289550778,2.3399315,18.634178,0.1435748593787453,,,,,,,,,,,,False,False
3031220383736649600,,,NGC2360,109.2041473388672,-15.927912712097168,1.2587681,15.851133,0.1710573963056458,,,,,,,,,,,,False,False
3031220761693797504,,,NGC2360,109.13574981689452,-15.929869651794435,0.45763683,11.8558655,0.0432047674730166,126.95324,50.339687,0.3965214830279243,,,,,,,,,True,True
3031221483248278656,,,NGC2360,109.16187286376952,-15.90143871307373,1.5675945,16.650517,0.1359930507919682,,,,,,,,,,,,False,False
3031221547664947584,,,NGC2360,109.15509796142578,-15.891982078552244,2.1346226,17.729368,0.1061856539181917,,,,,,,,,,,,False,False
3031232233543545600,,,NGC2360,109.02619171142578,-15.907492637634276,2.0302124,17.803562,0.1341901157096817,,,,,,,,,,,,False,False
3031232718874374784,,,NGC2360,109.07731628417967,-15.916620254516602,2.0271091,17.271002,0.0759030697627068,,,,,,,,,,,,False,False
3031232753242498048,,,NGC2360,109.09557342529295,-15.916961669921877,1.4090519,16.310617,0.1575247406349959,,,,,,,,,,,,False,False
3031234299430459648,,,NGC2360,109.07976531982422,-15.849419593811035,0.81711483,14.003345,0.1001131646356481,,,,,,,,,,,,False,False
3031237220008235904,,,NGC2360,108.99324035644533,-15.827256202697756,1.1541424,15.494543,0.188742423230303,,,,,,,,,,,,False,False
3031238216440653312,,,NGC2360,108.93464660644533,-15.804842948913574,1.0439491,14.925065,0.0957930131875178,,,,,,,,,,,,False,False
3031238830613686656,,,NGC2360,109.0225830078125,-15.750319480895994,1.728262,17.006973000000002,0.1268697310696636,,,,,,,,,,,,False,False
3031238899333200640,,,NGC2360,109.0025863647461,-15.736698150634766,1.2142267,15.716516,0.1805080052144534,,,,,,,,,,,,False,False
3031239449092050944,,,NGC2360,109.35408782958984,-15.969578742980955,2.3684692000000003,18.707354,0.1441878728494399,,,,,,,,,,,,False,False
3031239453392403328,,,NGC2360,109.35782623291016,-15.967204093933104,1.3599272,15.947576000000002,0.1127680021636997,,,,,,,,,,,,False,False
3031239865709247104,,,NGC2360,109.3769760131836,-15.950186729431152,0.8091716999999999,13.707978,0.3087234802160721,,,,,,,,,,,,False,False
3031239964488132480,,,NGC2360,109.3911361694336,-15.948863983154297,2.3245068,18.571692,0.1418239690817424,,,,,,,,,,,,False,False
3031239968788455296,,,NGC2360,109.38678741455078,-15.941760063171388,1.2569962,15.855057,0.1734638859367233,,,,,,,,,,,,False,False
3031240136286829184,,,NGC2360,109.36101531982422,-15.930048942565918,2.352007,18.632267,0.14184380253945,,,,,,,,,,,,False,False
3031240552904028544,,,NGC2360,109.31754302978516,-15.934842109680176,0.71129036,13.201722,0.2560544097499552,,,,,,,,,,,,False,False
3031240587263790976,,,NGC2360,109.26951599121094,-15.95355987548828,1.394968,16.200101999999998,0.1460888317786071,,,,,,,,,,,,False,False
3031240651679367424,,,NGC2360,109.2591323852539,-15.946505546569824,2.3423157000000003,18.44817,0.1311637353469814,,,,,,,,,,,,False,False
3031240754762121344,,,NGC2360,109.3072738647461,-15.922532081604006,2.5454578,18.373573,0.0953774885075218,,,,,,,,,,,,False,False
3031240759062461568,,,NGC2360,109.29876708984376,-15.927977561950684,1.2741776000000002,15.873407,0.1630742457822423,,,,,,,,,,,,False,False
3031241132718948608,,,NGC2360,109.30767059326172,-15.914145469665527,2.0917072,17.650066,0.1069329288609219,,,,,,,,,,,,False,False
3031241686775356800,,,NGC2360,109.39482879638672,-15.917583465576172,1.9890232,17.45664,0.1090714455898899,,,,,,,,,,,,False,False
3031241721135083136,,,NGC2360,109.41661071777344,-15.910441398620604,1.0056887,14.886953,0.2656486370770566,,,,,,,,,,,,False,False
3031241785553988096,,,NGC2360,109.41032409667967,-15.897364616394045,2.1036740000000003,17.884311999999998,0.1269211639288703,,,,,,,,,,,,False,False
3031241854273476096,,,NGC2360,109.43238830566406,-15.88127613067627,2.0354996,17.44681,0.0967903711811051,,,,,,,,,,,,False,False
3031242064732419968,,,NGC2360,109.46858215332033,-15.874874114990234,1.635992,16.477856,0.0754795178506597,,,,,,,,,,,,False,False
3031242163511127552,,,NGC2360,109.48155975341795,-15.871752738952637,2.424017,17.775015,0.052747832471491,,,,,,,,,,,,False,False
3031242270890850816,,,NGC2360,109.45928192138672,-15.86909008026123,1.0016327,14.850077,0.2515939541483355,,,,,,,,,,,,False,False
3031242305250597248,,,NGC2360,109.44368743896484,-15.870651245117188,1.049036,14.848175,-0.1049783323988975,,,,,,,,,,,,False,False
3031242305250604032,,,NGC2360,109.4337158203125,-15.873958587646484,0.8696537,14.063497,0.291422541461647,,,,,,,,,,,,False,False
3031242408329783296,,,NGC2360,109.4814453125,-15.850854873657228,0.9836321,14.759691,0.2836972245852232,,,,,,,,,,,,False,False
3031242885065918592,,,NGC2360,109.36369323730467,-15.855648040771484,2.2638874,18.641054,0.1541243761690833,,,,,,,,,,,,False,False
3031243198603776384,,,NGC2360,109.4476547241211,-15.845548629760742,0.6301193,12.439525,0.3458555195662159,,,,,,,,,,,,False,False
3031243228663309824,,,NGC2360,109.46453857421876,-15.828319549560549,2.4499016,18.171928,0.0920193158895225,,,,,,,,,,,,False,False
3031243336042742400,,,NGC2360,109.40583038330078,-15.836180686950684,0.7421036,13.430345999999998,0.2173365274962926,,,,,,,,,,,,False,False
3031243404762219520,,,NGC2360,109.3871078491211,-15.824017524719238,0.5772791,12.6652775,0.1108508267957385,,,,,,,,,,,,False,False
3031243434821482880,,,NGC2360,109.39710235595705,-15.822050094604492,2.053812,17.804575,0.1296166568404369,,,,,,,,,,,,False,False
3031243439121951104,,,NGC2360,109.39867401123048,-15.8204984664917,1.1512632,15.409547,0.1621352924549862,,,,,,,,,,,,False,False
3031243469181225728,,,NGC2360,109.42625427246094,-15.81520938873291,2.0729198,17.638475,0.1097567079166804,,,,,,,,,,,,False,False
3031243542201155200,,,NGC2360,109.40785217285156,-15.811015129089355,0.96593666,14.601264000000002,0.6800802897618472,,,,,,,,,,,,False,False
3031243576560872320,,,NGC2360,109.42393493652344,-15.791726112365724,1.5407181,16.582415,0.1370921611120125,,,,,,,,,,,,False,False
3031244298117946496,,,NGC2360,109.3149871826172,-15.88609790802002,2.4614468,18.618921,0.1262984857184829,,,,,,,,,,,,False,False
3031244332475211008,,,NGC2360,109.31861114501952,-15.866093635559082,1.1518258999999995,15.431815,0.1700930373732347,,,,,,,,,,,,False,False
3031244916590805760,,,NGC2360,109.20594787597656,-15.868850708007812,0.9204769,14.507244,-0.0768737426212555,,,,,,,,,,,,False,False
3031245427683248000,,,NGC2360,109.27379608154295,-15.83322811126709,2.0549297,17.561071,0.1054211312259016,,,,,,,,,,,,False,False
3031245535066078080,,,NGC2360,109.22616577148438,-15.848795890808104,1.133048,15.440778,0.2018836580427541,,,,,,,,,,,,False,False
3031245535068528896,,,NGC2360,109.21746063232422,-15.838350296020508,1.945015,17.364334,0.1092686321269567,,,,,,,,,,,,False,False
3031245706864734720,,,NGC2360,109.26270294189452,-15.8082275390625,1.1094732,15.288775,0.1839329490435697,,,,,,,,,,,,False,False
3031245913023156992,,,NGC2360,109.33004760742188,-15.839677810668944,0.59207535,12.613196,0.1824251849736839,,,,,,,,,,,,False,False
3031246080518260352,,,NGC2360,109.30628204345705,-15.8406400680542,1.9414616,17.449413,0.1196648366008403,,,,,,,,,,,,False,False
3031246325339992448,,,NGC2360,109.33489227294922,-15.80642318725586,0.59045506,12.511699,0.2174070639691658,,,,,,,,,,,,False,False
3031246394059446400,,,NGC2360,109.39141845703124,-15.809976577758787,1.8065453,17.252585999999997,0.1327559710709539,,,,,,,,,,,,False,False
3031246492835207552,,,NGC2360,109.40287017822266,-15.8054838180542,1.4857502,16.410238,0.1346460848697549,,,,,,,,,,,,False,False
3031246561556747264,,,NGC2360,109.39502716064452,-15.78846836090088,2.2754154,18.438498000000003,0.1402248913079344,,,,,,,,,,,,False,False
3031246943815300992,,,NGC2360,109.30001068115234,-15.809749603271484,0.93225765,14.499569,0.1325850783305403,,,,,,,,,,,,False,False
3031247008231287168,,,NGC2360,109.29513549804688,-15.803472518920898,2.1543293,17.753525,0.1046448388044801,,,,,,,,,,,,False,False
3031247012534771328,,,NGC2360,109.29841613769533,-15.797496795654297,1.0156813,14.909869,0.2301995756997927,,,,,,,,,,,,False,False
3031247115613979264,,,NGC2360,109.30225372314452,-15.789727210998535,0.6420078,12.567042,0.3454361790361115,,,,,,,,,,,,False,False
3031247248749481344,,,NGC2360,109.2602310180664,-15.791257858276367,2.3641987,17.269184,-0.0143681312524305,,,,,,,,,,,,False,False
3031247253052953984,,,NGC2360,109.26417541503906,-15.795703887939451,0.684392,13.076508,0.2409346050802617,,,,,,,,,,,,False,False
3031247321772410880,,,NGC2360,109.29530334472656,-15.786930084228516,1.2493486,15.742953,0.1524689353027707,,,,,,,,,,,,False,False
3031247351836121216,,,NGC2360,109.31353759765624,-15.77156925201416,1.5387669,16.781485,0.1642011270464555,,,,,,,,,,,,False,False
3031247592346941312,,,NGC2360,109.3520965576172,-15.763350486755373,2.1878662,17.921423,0.1144249417827954,,,,,,,,,,,,False,False
3031247596650274432,,,NGC2360,109.35681915283205,-15.762399673461914,0.9093838,14.375987,0.1777101842058002,,,,,,,,,,,,False,False
3031247596650274944,,,NGC2360,109.35448455810548,-15.761404991149902,1.1046219,14.553335999999998,3.899554307157523,,,,,,,,,,,,False,False
3031247665369750144,,,NGC2360,109.34386444091795,-15.752960205078123,0.70141697,13.20569,0.210287263548212,,,,,,,,,,,,False,False
3031247699729470080,,,NGC2360,109.36194610595705,-15.73773193359375,0.631608,12.830815,0.2002103111162506,,,,,,,,,,,,False,False
3031247768448975360,,,NGC2360,109.32862091064452,-15.758756637573242,0.5812807,12.652056,0.1306397398373347,,,,,,,,,,,,False,False
3031247802808720640,,,NGC2360,109.30818939208984,-15.7545166015625,1.5708103,16.44724,0.1000542348666807,,,,,,,,,,,,False,False
3031247802808721280,,,NGC2360,109.30110168457033,-15.750758171081545,1.587429,16.315914000000003,0.0626219621900104,,,,,,,,,,,,False,False
3031247837168444928,,,NGC2360,109.315673828125,-15.738447189331056,0.76623344,13.777551,0.0728973672591799,,,,,,,,,,,,False,False
3031247871528173184,,,NGC2360,109.34281158447266,-15.743035316467283,1.3711128,16.166618,0.1542833666593245,,,,,,,,,,,,False,False
3031247901584676224,,,NGC2360,109.34200286865234,-15.73184585571289,1.7758082999999998,16.985615,0.1089147013168925,,,,,,,,,,,,False,False
3031247901584679296,,,NGC2360,109.34011840820312,-15.730624198913574,2.1098747,17.682234,0.1064495321140709,,,,,,,,,,,,False,False
3031247940247646336,,,NGC2360,109.32752990722656,-15.728765487670898,1.0806055,15.244426,0.2243947294674868,,,,,,,,,,,,False,False
3031247940247652224,,,NGC2360,109.3194351196289,-15.729348182678224,0.7836236999999999,13.764432,0.1575027939682922,,,,,,,,,,,,False,False
3031247940247652608,,,NGC2360,109.32781219482422,-15.735275268554688,1.4236221000000002,16.305058,0.1487127016664977,,,,,,,,,,,,False,False
3031248039026673408,,,NGC2360,109.52091979980467,-15.857488632202148,2.2053700000000003,18.595041,0.1594622024110228,,,,,,,,,,,,False,False
3031248318204756352,,,NGC2360,109.50349426269533,-15.826904296875,0.8656110999999999,14.113406,0.2267882252740093,,,,,,,,,,,,False,False
3031248318204758400,,,NGC2360,109.50667572021484,-15.832375526428224,0.93054485,14.53701,-0.0749766957763647,,,,,,,,,,,,False,False
3031248318204762368,,,NGC2360,109.4952392578125,-15.83055305480957,1.2340364,15.789109,0.1788592954198621,,,,,,,,,,,,False,False
3031248348268872448,,,NGC2360,109.48350524902344,-15.824980735778809,1.4747105,16.341253,0.1279450335906633,,,,,,,,,,,,False,False
3031248386924239616,,,NGC2360,109.48405456542967,-15.82402229309082,0.97002125,14.573263,0.7649500555404476,,,,,,,,,,,,False,False
3031248485703331840,,,NGC2360,109.50401306152344,-15.814661026000977,2.3902187,18.221603,0.1062268185818776,,,,,,,,,,,,False,False
3031248490003430656,,,NGC2360,109.49994659423828,-15.802199363708494,1.780859,16.363813,-0.0255019753098493,,,,,,,,,,,,False,False
3031248726221460352,,,NGC2360,109.58171844482422,-15.789796829223633,2.4761505,18.636082,0.1254973357717312,,,,,,,,,,,,False,False
3031248730524156544,,,NGC2360,109.58496856689452,-15.797168731689451,2.1761017,18.664074,0.1669857509095505,,,,,,,,,,,,False,False
3031248760580961792,,,NGC2360,109.56591033935548,-15.78692626953125,1.9829178,17.3003,0.0915887681005229,,,,,,,,,,,,False,False
3031248936679996416,,,NGC2360,109.528564453125,-15.7786226272583,0.49326134,11.922301,0.1028973100913609,121.50357,103.33062,0.8504327897525974,,,,,,,,,True,True
3031249005402059904,,,NGC2360,109.5678253173828,-15.764735221862791,2.59626,18.290024,0.079922870633479,,,,,,,,,,,,False,False
3031249035458874368,,,NGC2360,109.54574584960938,-15.779345512390137,2.253439,18.224857,0.1284552554061836,,,,,,,,,,,,False,False
3031249177198224896,,,NGC2360,109.45440673828124,-15.808751106262209,1.8961945,16.955423,0.0652744928150477,,,,,,,,,,,,False,False
3031249344696751232,,,NGC2360,109.48834991455078,-15.785473823547363,2.465437,18.655912,0.1282582176292827,,,,,,,,,,,,False,False
3031249589515058944,,,NGC2360,109.45075225830078,-15.77037525177002,0.5860586,11.8835745,0.2581446720815615,282.55267,149.0488,0.527508021778736,,,,,,,,,True,False
3031249589515063040,,,NGC2360,109.45429229736328,-15.778008460998535,1.8684692,16.517763000000002,-0.0213907603712022,,,,,,,,,,,,False,False
3031249623874788352,,,NGC2360,109.46074676513672,-15.764375686645508,1.7205944,16.885218,0.1129772338596531,,,,,,,,,,,,False,False
3031249658234510208,,,NGC2360,109.5135269165039,-15.77973461151123,0.8752794,14.30977,0.0369223511039404,,,,,,,,,,,,False,False
3031249830033156352,,,NGC2360,109.54830932617188,-15.746402740478516,1.3302841,16.034682999999998,0.1552847244073972,,,,,,,,,,,,False,False
3031249898752634624,,,NGC2360,109.53038024902344,-15.737024307250977,0.71014595,13.0432005,0.3803574185294825,,,,,,,,,,,,False,False
3031249898752644736,,,NGC2360,109.52903747558594,-15.746692657470703,0.86166763,14.1653595,0.1531660706255424,,,,,,,,,,,,False,False
3031249933112412928,,,NGC2360,109.48982238769533,-15.756720542907717,0.71972847,13.42094,0.1304845153392714,,,,,,,,,,,,False,False
3031249963172054144,,,NGC2360,109.4981918334961,-15.749077796936035,2.039137,18.353102,0.1701506768474382,,,,,,,,,,,,False,False
3031250070551337856,,,NGC2360,109.51407623291016,-15.737859725952148,0.58437634,12.371329,0.2446392877981065,,,,,,,,,,,,False,False
3031250104911329920,,,NGC2360,109.52523803710938,-15.729369163513184,1.2092743,15.740118,0.1911412073585068,,,,,,,,,,,,False,False
3031250104911330816,,,NGC2360,109.51778411865234,-15.734020233154297,1.4705848999999998,16.378513,0.1367713344261481,,,,,,,,,,,,False,False
3031250139270814848,,,NGC2360,109.50662231445312,-15.733031272888184,1.3084736,15.961970999999998,0.1557035467649521,,,,,,,,,,,,False,False
3031250139270817536,,,NGC2360,109.49646759033205,-15.730020523071287,1.1814156,15.181103,-0.0567132317611562,,,,,,,,,,,,False,False
3031250139270821248,,,NGC2360,109.50177764892578,-15.738463401794435,0.96843815,14.745485999999998,0.4810317153700385,,,,,,,,,,,,False,False
3031250173630539776,,,NGC2360,109.51301574707033,-15.722332000732422,1.3090620000000002,15.180648,-0.3753387434044705,,,,,,,,,,,,False,False
3031250414148674816,,,NGC2360,109.61514282226562,-15.756210327148438,1.0420609,15.103077,0.2591011216547171,,,,,,,,,,,,False,False
3031250482868175872,,,NGC2360,109.5795440673828,-15.757098197937012,2.1926022,18.186579,0.1354345276184597,,,,,,,,,,,,False,False
3031250517227896832,,,NGC2360,109.5967788696289,-15.751065254211426,0.97837734,14.855557,0.4256623139138336,,,,,,,,,,,,False,False
3031250551587661696,,,NGC2360,109.5633773803711,-15.756134033203123,0.6191578000000001,12.732435,0.2119463021643444,,,,,,,,,,,,False,False
3031250620307094528,,,NGC2360,109.598876953125,-15.7372407913208,1.0804863,15.2078,0.2082521700584987,,,,,,,,,,,,False,False
3031250620307104896,,,NGC2360,109.60368347167967,-15.748430252075195,0.9494486,14.683894,1.0703867247718928,,,,,,,,,,,,False,False
3031250684726360192,,,NGC2360,109.595458984375,-15.733305931091309,2.3505611,17.77279,0.0672081008581132,,,,,,,,,,,,False,False
3031250719086305664,,,NGC2360,109.59033203125,-15.723565101623535,2.2807732000000005,18.498344,0.1433162592175032,,,,,,,,,,,,False,False
3031250719086307328,,,NGC2360,109.60045623779295,-15.725436210632324,2.3235664000000003,18.728712,0.1512039621272654,,,,,,,,,,,,False,False
3031250792105748352,,,NGC2360,109.65162658691406,-15.732537269592283,0.4591837,11.746137,0.0430474296533961,111.53499,52.31805,0.4690729788024368,,,,,,,,,True,True
3031250963904426752,,,NGC2360,109.64906311035156,-15.718284606933596,1.56036,16.641384,0.1376162356046161,,,,,,,,,,,,False,False
3031250998264146688,,,NGC2360,109.65536499023438,-15.704713821411133,0.5186739,11.35826,0.0527899779087052,22.242998,13.637653,0.6131211718851928,,,,,,,,,True,True
3031251097043432064,,,NGC2360,109.6101303100586,-15.708979606628418,2.6252594,17.853485,0.0238017244993113,,,,,,,,,,,,False,False
3031251268841549312,,,NGC2360,109.63684844970705,-15.68147087097168,0.53711224,12.559695,0.0469514899453716,,,,,,,,,,,,False,False
3031251307501905408,,,NGC2360,109.5534896850586,-15.748952865600586,1.2718153,15.918193,0.1748428999285703,,,,,,,,,,,,False,False
3031251341861620480,,,NGC2360,109.56220245361328,-15.729995727539062,2.3260078,18.29232,0.1221710580069277,,,,,,,,,,,,False,False
3031251341861623680,,,NGC2360,109.56985473632812,-15.737529754638672,0.6485462,11.448507,0.1927743721004555,,,,,,,,,,,,False,True
3031251376221370240,,,NGC2360,109.54144287109376,-15.72775936126709,1.2725773,15.938578,0.17840629164991,,,,,,,,,,,,False,False
3031251376224000256,,,NGC2360,109.54401397705078,-15.730510711669922,2.141344,17.826923,0.1144739229007863,,,,,,,,,,,,False,False
3031251612439317120,,,NGC2360,109.5473861694336,-15.714330673217772,1.8784866,17.49546,0.1391941651543157,,,,,,,,,,,,False,False
3031251715523296000,,,NGC2360,109.55506896972656,-15.700081825256348,2.3473663,18.098127,0.1022883363805444,,,,,,,,,,,,False,False
3031026216856342016,,,NGC2360,109.3255386352539,-16.141826629638672,1.5804615,16.737118,0.1430345507073426,,,,,,,,,,,,False,False
3031251822897912576,,,NGC2360,109.55384063720705,-15.68077564239502,1.8405571,16.967518,0.0853704527409158,,,,,,,,,,,,False,False
3031251822898244992,,,NGC2360,109.55583190917967,-15.680962562561035,2.1478615000000003,17.189083,0.0298496552194543,,,,,,,,,,,,False,False
3031026457374482304,,,NGC2360,109.38127899169922,-16.133552551269528,1.1802044,14.873705,-0.8979687741587129,,,,,,,,,,,,False,False
3031026521791794304,,,NGC2360,109.3711929321289,-16.120733261108402,2.2449265,18.131927,0.1225355732568094,,,,,,,,,,,,False,False
3031251956036719616,,,NGC2360,109.60083770751952,-15.69163990020752,1.1148262,15.371294,0.2074413568822387,,,,,,,,,,,,False,False
3031252510092829312,,,NGC2360,109.42825317382812,-15.765901565551758,1.2324886,15.603235,0.1260454435595263,,,,,,,,,,,,False,False
3031252544452555648,,,NGC2360,109.44416809082033,-15.761399269104006,1.0962677,15.295515,0.21284990218278,,,,,,,,,,,,False,False
3031252608868785920,,,NGC2360,109.4362564086914,-15.749382019042969,1.7801703999999998,17.269652999999998,0.1416315604370914,,,,,,,,,,,,False,False
3031252677590202752,,,NGC2360,109.40589141845705,-15.76180648803711,2.3759422000000003,18.721120000000003,0.1440320468378029,,,,,,,,,,,,False,False
3031252681891536256,,,NGC2360,109.39259338378906,-15.763753890991213,0.61260414,12.583883,0.2548373645183531,,,,,,,,,,,,False,False
3031252784970727424,,,NGC2360,109.40657806396484,-15.740840911865234,1.1005726,15.288858,0.2016317024784949,,,,,,,,,,,,False,False
3031252815027235840,,,NGC2360,109.43235778808594,-15.741771697998049,1.7662926,17.079885,0.1242443898106911,,,,,,,,,,,,False,False
3031252853690182528,,,NGC2360,109.43431091308594,-15.731364250183104,0.9355478000000002,14.656825,2.767973327288775,,,,,,,,,,,,False,False
3031252888049938816,,,NGC2360,109.40265655517578,-15.732813835144045,1.0074291,14.404304000000002,1.0173718250057229,,,,,,,,,,,,False,False
3031252918113990656,,,NGC2360,109.42382049560548,-15.720588684082031,2.3120136,18.15093,0.1129234258628883,,,,,,,,,,,,False,False
3031252922402935808,,,NGC2360,109.42076110839844,-15.726752281188965,2.1614227,18.326998,0.1500077741132697,,,,,,,,,,,,False,False
3031252922409658368,,,NGC2360,109.4244155883789,-15.723814964294435,1.3437424,16.09364,0.1579079742411756,,,,,,,,,,,,False,False
3031252986828470016,,,NGC2360,109.47708129882812,-15.735319137573242,0.4524145,11.9849205,0.0257354666261483,,,,,,,,,,,,False,True
3031027797404248320,,,NGC2360,109.35709381103516,-16.04697036743164,1.2662706,15.794436,0.1504133464692177,,,,,,,,,,,,False,False
3031253055543758976,,,NGC2360,109.46917724609376,-15.717514038085938,0.48454762,11.009869,-0.0609416883705004,10.981462,6.4530272,0.5876291517468257,,,,,,,,,True,False
3031253059848587648,,,NGC2360,109.46490478515624,-15.719507217407228,0.65857506,12.992073,0.1954947955019569,,,,,,,,,,,,False,False
3031253094208311680,,,NGC2360,109.4889678955078,-15.71852970123291,1.2058973,15.696879,0.1841297814555505,,,,,,,,,,,,False,False
3031253124267993600,,,NGC2360,109.50482940673828,-15.717665672302244,2.598486,18.498838,0.0983218873928096,,,,,,,,,,,,False,False
3031253128568045952,,,NGC2360,109.49270629882812,-15.716033935546877,1.5966454,16.746727,0.1381798763020006,,,,,,,,,,,,False,False
3031253158622973056,,,NGC2360,109.48455810546876,-15.71065616607666,0.6292238,12.234284,0.3742980885047824,,,,,,,,,,,,False,False
3031253197287509376,,,NGC2360,109.48712921142578,-15.69700527191162,0.8561735,14.18908,0.0956102373108891,,,,,,,,,,,,False,False
3031253231647285504,,,NGC2360,109.4505615234375,-15.718378067016602,0.60719585,11.722514,0.2481160271958196,182.25313,89.619095,0.4917287017238058,,,,,,,,,True,False
3031253231647289088,,,NGC2360,109.445068359375,-15.718233108520508,0.55156994,12.455834,0.1323004376843733,,,,,,,,,,,,False,False
3031253231647292544,,,NGC2360,109.44309997558594,-15.72125244140625,1.0441837,15.122368,0.2619088460704581,,,,,,,,,,,,False,False
3031253231647296000,,,NGC2360,109.4490203857422,-15.729058265686035,0.5467396,12.322848,0.163704580056378,,,,,,,,,,,,False,False
3031253300366764160,,,NGC2360,109.43478393554688,-15.710125923156738,0.8052559,14.015175,0.0340365989615618,,,,,,,,,,,,False,False
3031253330423403904,,,NGC2360,109.44691467285156,-15.709198951721191,1.7552299999999998,16.996351,0.1169469591321409,,,,,,,,,,,,False,False
3031253330423407232,,,NGC2360,109.45104217529295,-15.708333969116213,2.298458,17.676786,0.0660285784957252,,,,,,,,,,,,False,False
3031253334726488576,,,NGC2360,109.4497299194336,-15.702886581420898,0.42921066,12.578658,-0.2769985765555063,,,,,,,,,,,,False,False
3031253334726495488,,,NGC2360,109.44352722167967,-15.706147193908691,0.92842674,14.6174755,-3.4205747221490523,,,,,,,,,,,,False,False
3031253369086210432,,,NGC2360,109.46881866455078,-15.695836067199709,0.5262823,12.234791,0.1372974272259067,,,,,,,,,,,,False,False
3031253399141139200,,,NGC2360,109.47991180419922,-15.698708534240724,1.207118,10.540044,0.4807618372013684,,,,,,,,,,,,False,False
3031253399150416384,,,NGC2360,109.48552703857422,-15.697369575500488,2.1050186,17.292057,0.0583504261057518,,,,,,,,,,,,False,False
3031253403445942016,,,NGC2360,109.47715759277344,-15.69309902191162,0.8558396999999999,13.497453,0.6460353874614018,,,,,,,,,,,,False,False
3031253433505039872,,,NGC2360,109.45279693603516,-15.699195861816404,1.618557,16.709522,0.1244359276731629,,,,,,,,,,,,False,False
3031253472158487424,,,NGC2360,109.47505950927734,-15.683506965637209,2.293867,18.67916,0.1522929706361687,,,,,,,,,,,,False,False
3031253472165411072,,,NGC2360,109.4669418334961,-15.677998542785645,1.3099117,16.03164,0.1690295150735656,,,,,,,,,,,,False,False
3031253506525244032,,,NGC2360,109.3861083984375,-15.740595817565918,0.8824377,14.347985,0.0168564410284452,,,,,,,,,,,,False,False
3031253605301271296,,,NGC2360,109.36966705322266,-15.722968101501465,1.9593716,17.144268,0.0761690575306787,,,,,,,,,,,,False,False
3031253609604454272,,,NGC2360,109.37175750732422,-15.72402286529541,1.4972438999999995,16.51749,0.1464450417123391,,,,,,,,,,,,False,False
3031253643964388224,,,NGC2360,109.4046859741211,-15.720829963684082,0.6155853,11.349457,0.1316253322145088,17.707397,12.801737,0.7229598455379974,,,,,,,,,True,True
3031253708382402816,,,NGC2360,109.39852142333984,-15.716326713562012,2.2016716,18.440882,0.1511035938912087,,,,,,,,,,,,False,False
3031253712676930048,,,NGC2360,109.39684295654295,-15.71625804901123,1.4341335,16.265253,0.1357241315922872,,,,,,,,,,,,False,False
3031253712683651584,,,NGC2360,109.38673400878906,-15.710966110229492,1.7800674,16.893229,0.0938356516134796,,,,,,,,,,,,False,False
3031253712683651968,,,NGC2360,109.39594268798828,-15.717613220214846,1.1351795,15.4656105,0.2065799781195223,,,,,,,,,,,,False,False
3031253712683656576,,,NGC2360,109.3869400024414,-15.716565132141112,0.6511011,12.295619,0.4225653232342823,,,,,,,,,,,,False,False
3031253777107288448,,,NGC2360,109.34973907470705,-15.724563598632812,2.0870266,18.075825,0.1450638896877448,,,,,,,,,,,,False,False
3031253815762873600,,,NGC2360,109.37120056152344,-15.709368705749512,0.58062553,12.574395,0.1654481440437331,,,,,,,,,,,,False,False
3031253884482354048,,,NGC2360,109.35852813720705,-15.706488609313965,0.61653423,12.882002,0.1044358547856089,,,,,,,,,,,,False,False
3031253914538976512,,,NGC2360,109.3778839111328,-15.701128005981444,2.165165,17.813595,0.1085204797912674,,,,,,,,,,,,False,False
3031253918842084480,,,NGC2360,109.3739776611328,-15.705984115600586,0.98093796,14.843132999999998,0.4011881681439614,,,,,,,,,,,,False,False
3031254017616427520,,,NGC2360,109.38170623779295,-15.681669235229492,0.5340395,12.130798,0.1713630699064471,,,,,,,,,,,,False,True
3031254021921272832,,,NGC2360,109.38406372070312,-15.678943634033203,1.0647087,15.232418,0.2546577351563132,,,,,,,,,,,,False,False
3031254051977934720,,,NGC2360,109.41785430908205,-15.699828147888184,1.9862995,17.571379,0.1219161160097592,,,,,,,,,,,,False,False
3031254125000478848,,,NGC2360,109.41242218017578,-15.687617301940918,0.91996574,14.592861,-1.4195643278021788,,,,,,,,,,,,False,False
3031254125000724224,,,NGC2360,109.40960693359376,-15.689619064331056,1.5677128,16.66134,0.1375165438049721,,,,,,,,,,,,False,False
3031254155057176064,,,NGC2360,109.4224853515625,-15.691939353942873,1.8107109,17.219263,0.1279278084690089,,,,,,,,,,,,False,False
3031254159360208384,,,NGC2360,109.42102813720705,-15.682180404663086,0.6350517,12.92851,0.1446115394045725,,,,,,,,,,,,False,False
3031254189416933632,,,NGC2360,109.45103454589844,-15.686182975769045,1.9875603,16.498148,-0.0818097112448988,,,,,,,,,,,,False,False
3031254189416939904,,,NGC2360,109.44053649902344,-15.684246063232422,1.8392582,16.64254,0.0234929824731111,,,,,,,,,,,,False,False
3031254223774856192,,,NGC2360,109.45541381835938,-15.674345970153809,0.6468153,12.244823,0.4146426812536579,,,,,,,,,,,,False,False
3031254228079655296,,,NGC2360,109.46295166015624,-15.675430297851562,0.5288353,11.909411,0.1640208844556663,,,,,,,,,,,,False,True
3031254228079656320,,,NGC2360,109.4577865600586,-15.672548294067385,1.5701694,16.64066,0.1334849345155327,,,,,,,,,,,,False,False
3031254228079657216,,,NGC2360,109.46377563476562,-15.677594184875488,0.7399988000000001,13.355593,0.2608162617004752,,,,,,,,,,,,False,False
3031254228079657472,,,NGC2360,109.45690155029295,-15.67340850830078,1.0339622,15.060144,0.2630336840837486,,,,,,,,,,,,False,False
3031254262439404288,,,NGC2360,109.44491577148438,-15.675376892089846,0.7560071999999999,13.560174,0.1870182997089515,,,,,,,,,,,,False,False
3031254262439409152,,,NGC2360,109.43433380126952,-15.673572540283203,0.7948513,13.221108,0.5993619758912756,,,,,,,,,,,,False,False
3031254262439675648,,,NGC2360,109.43701934814452,-15.673762321472168,1.5936565,16.404446,0.0800230395930908,,,,,,,,,,,,False,False
3031254296799132288,,,NGC2360,109.44343566894533,-15.66244411468506,0.97701836,14.819565,0.4210975421515382,,,,,,,,,,,,False,False
3031254296799139072,,,NGC2360,109.43878936767578,-15.666635513305664,0.53913116,12.393567,0.1222787650438383,,,,,,,,,,,,False,False
3031254296799412992,,,NGC2360,109.45474243164062,-15.664088249206545,1.3604603000000002,16.158445,0.1593710926705161,,,,,,,,,,,,False,False
3031254331158916992,,,NGC2360,109.39681243896484,-15.685918807983398,0.93587685,14.636956,16.48787868673197,,,,,,,,,,,,False,False
3031254399878383488,,,NGC2360,109.39547729492188,-15.671669006347654,0.93804836,14.578376,-0.2977911596817025,,,,,,,,,,,,False,False
3031254399878391040,,,NGC2360,109.39418029785156,-15.681366920471191,0.9818268,14.174403,0.7927741633470765,,,,,,,,,,,,False,False
3031254429935175424,,,NGC2360,109.39598846435548,-15.663280487060549,1.0799618,15.261337,0.2325198615367687,,,,,,,,,,,,False,False
3031254434238107008,,,NGC2360,109.40836334228516,-15.662994384765623,1.1796045,14.879615,-0.856562255751428,,,,,,,,,,,,False,False
3031254468597838080,,,NGC2360,109.42585754394533,-15.66676902770996,1.9384556,17.503339999999998,0.1259801906533989,,,,,,,,,,,,False,False
3031254464294902784,,,NGC2360,109.42741394042967,-15.667398452758787,2.0451546,17.344894,0.0814245350644051,,,,,,,,,,,,False,False
3031254464294931968,,,NGC2360,109.41594696044922,-15.665559768676758,1.7707558,16.539867,0.0282543412296917,,,,,,,,,,,,False,False
3031254468590941440,,,NGC2360,109.42662811279295,-15.661087036132812,2.1403103,18.427227,0.159243140629938,,,,,,,,,,,,False,False
3031254468597839872,,,NGC2360,109.41692352294922,-15.662240982055664,1.0070829,10.355339,0.2556850279965796,12.544574,3.0432897,0.24259809061670803,,,,,,,,,True,False
3031254468597842048,,,NGC2360,109.42176055908205,-15.66723918914795,1.6634464,16.116638000000002,-0.0446867547344123,,,,,,,,,,,,False,False
3031254498652760704,,,NGC2360,109.43990325927734,-15.660468101501465,0.49473476,12.111202,0.0914043660093451,,,,,,,,,,,,False,True
3031254498654701824,,,NGC2360,109.4262924194336,-15.657379150390623,1.3338375,16.07528,0.1609684453783044,,,,,,,,,,,,False,False
3031254502957567104,,,NGC2360,109.43131256103516,-15.659100532531738,0.487525,11.865317999999998,0.0923581473968143,174.03638,97.13004,0.5581019324810134,,,,,,,,,True,True
3031254537310436352,,,NGC2360,109.41606903076172,-15.65712070465088,2.601904,18.864979,0.1246235837900014,,,,,,,,,,,,False,False
3031254537317319936,,,NGC2360,109.40955352783205,-15.661133766174316,1.147481,15.578284,0.2207350372523987,,,,,,,,,,,,False,False
3031254567372236032,,,NGC2360,109.41937255859376,-15.650697708129885,0.50610733,12.204453,0.0982703040232742,,,,,,,,,,,,False,False
3031254571677031040,,,NGC2360,109.42236328125,-15.638860702514648,1.4301958,15.976314000000002,0.0677495261892518,,,,,,,,,,,,False,False
3031254606036770304,,,NGC2360,109.5108871459961,-15.69957447052002,1.3193511999999998,15.956047,0.1460710303121387,,,,,,,,,,,,False,False
3031254636096304384,,,NGC2360,109.52163696289062,-15.700130462646484,0.6815157,13.137053,0.1790311079065504,,,,,,,,,,,,False,False
3031254636096310784,,,NGC2360,109.52324676513672,-15.690628051757812,1.5987434,16.656744,0.1242733973446975,,,,,,,,,,,,False,False
3031254674756243456,,,NGC2360,109.50420379638672,-15.691689491271973,1.6595421,16.933764,0.1400214577945466,,,,,,,,,,,,False,False
3031254674756245248,,,NGC2360,109.50304412841795,-15.692363739013672,0.83575916,14.082272,0.110096587453779,,,,,,,,,,,,False,False
3031254704813006336,,,NGC2360,109.5100555419922,-15.687496185302734,2.1099377,18.09731,0.1426914026735861,,,,,,,,,,,,False,False
3031254739175532928,,,NGC2360,109.53353118896484,-15.681882858276367,1.7969608,17.074257,0.1142864762592593,,,,,,,,,,,,False,False
3031254777835410688,,,NGC2360,109.54055786132812,-15.670125007629396,0.964304,14.624418,0.6130866430989192,,,,,,,,,,,,False,False
3031254777835417344,,,NGC2360,109.54621887207033,-15.680383682250977,2.1302547,17.529213000000002,0.0845917730000859,,,,,,,,,,,,False,False
3031254842259466496,,,NGC2360,109.52404022216795,-15.665711402893065,1.4791374,16.641575,0.1709535748407122,,,,,,,,,,,,False,False
3031254846554895488,,,NGC2360,109.52774810791016,-15.669181823730469,0.7369108,13.5166445,0.1367606728058954,,,,,,,,,,,,False,False
3031254876613546240,,,NGC2360,109.49530029296876,-15.685792922973633,2.232008,17.913176999999997,0.1054230163187805,,,,,,,,,,,,False,False
3031254915274390784,,,NGC2360,109.5016860961914,-15.67189598083496,2.1604996,18.775219,0.1742914706437584,,,,,,,,,,,,False,False
3031254915274399488,,,NGC2360,109.49530029296876,-15.673670768737791,1.5512619,16.011392999999998,-0.0089178885545788,,,,,,,,,,,,False,False
3031254915274400384,,,NGC2360,109.49267578125,-15.673094749450684,0.6001816,12.351216,0.2893124126086015,,,,,,,,,,,,False,False
3031255052713323264,,,NGC2360,109.5139617919922,-15.657577514648438,0.8764,14.373069,-0.0876886004214738,,,,,,,,,,,,False,False
3031255052713324544,,,NGC2360,109.52286529541016,-15.66482162475586,0.5092726,12.294897,0.0808451532388143,,,,,,,,,,,,False,False
3031255087073063040,,,NGC2360,109.5100555419922,-15.656293869018556,0.71473026,13.416945000000002,0.112375011817942,,,,,,,,,,,,False,False
3031255087073071488,,,NGC2360,109.49493408203124,-15.655503273010256,1.0892525,15.01918,0.0273840220785076,,,,,,,,,,,,False,False
3031255121425673472,,,NGC2360,109.50839233398438,-15.64725399017334,2.2316551,17.929920000000003,0.1070930228185024,,,,,,,,,,,,False,False
3031255121432794752,,,NGC2360,109.50687408447266,-15.64773178100586,1.375351,15.4256935,-0.1788785567335435,,,,,,,,,,,,False,False
3031255190152241280,,,NGC2360,109.56657409667967,-15.656815528869627,0.71580887,13.47551,0.0768223601922338,,,,,,,,,,,,False,False
3031255224511985536,,,NGC2360,109.5472183227539,-15.650634765625,1.2329674,15.805094,0.1834909987245787,,,,,,,,,,,,False,False
3031255293234134272,,,NGC2360,109.57238006591795,-15.6447114944458,2.3772736,18.82225,0.1495987627002773,,,,,,,,,,,,False,False
3031255361950914816,,,NGC2360,109.56111145019533,-15.635489463806152,1.4768353,16.421926000000003,0.1409995934864395,,,,,,,,,,,,False,False
3031255396310637568,,,NGC2360,109.57951354980467,-15.625706672668455,0.51246357,11.487061,0.0736292260067837,16.471632,13.198107,0.801262862113481,,,,,,,,,True,True
3031255426367766272,,,NGC2360,109.5413055419922,-15.645729064941404,1.8589783,17.998507999999998,0.1801125947796867,,,,,,,,,,,,False,False
3031255495087152256,,,NGC2360,109.53065490722656,-15.637950897216797,1.5476493999999998,16.604412,0.1374502748167702,,,,,,,,,,,,False,False
3031255465030138496,,,NGC2360,109.54541015625,-15.63365364074707,0.60823154,11.023693,0.0371191938297746,35.307022,8.5685835,0.24268780017753974,,,,,,,,,True,True
3031255877339923200,,,NGC2360,109.49422454833984,-15.63973617553711,2.308094,18.236074,0.1205816786086577,,,,,,,,,,,,False,False
3031255499389893120,,,NGC2360,109.52074432373048,-15.632972717285154,0.48482132,12.140274,0.0653484668650561,,,,,,,,,,,,False,True
3031255499389900032,,,NGC2360,109.5186004638672,-15.638708114624023,1.6240139,16.654875,0.1137256635948785,,,,,,,,,,,,False,False
3031255499389902464,,,NGC2360,109.52019500732422,-15.64160442352295,1.1759195,15.5649805,0.1819797620121379,,,,,,,,,,,,False,False
3031255533749615872,,,NGC2360,109.5335922241211,-15.625764846801758,1.8081989,16.581139999999998,0.0219173186991181,,,,,,,,,,,,False,False
3031255533749619200,,,NGC2360,109.53541564941406,-15.629796981811523,0.5385418000000001,12.518045,0.0710812517704233,,,,,,,,,,,,False,False
3031255533749621760,,,NGC2360,109.52709197998048,-15.62679672241211,1.0755463,15.230064000000002,0.2295685731501013,,,,,,,,,,,,False,False
3031255568109335168,,,NGC2360,109.55758666992188,-15.621357917785645,1.5820103,16.671127,0.1331854922629051,,,,,,,,,,,,False,False
3031255568109338112,,,NGC2360,109.55886840820312,-15.625117301940918,0.6245775,12.983597,0.0557257958192591,,,,,,,,,,,,False,False
3031255632524117120,,,NGC2360,109.54830932617188,-15.61555290222168,0.48516083,11.295083,0.0125247978457489,119.568954,63.04951,0.5273066953483594,,,,,,,,,True,True
3031255671188546816,,,NGC2360,109.55306243896484,-15.613154411315918,0.67479897,13.2946825,0.0301420889502878,,,,,,,,,,,,False,False
3031255701245499648,,,NGC2360,109.46703338623048,-15.663568496704102,0.82739925,13.50189,0.524439102424978,,,,,,,,,,,,False,False
3031255735603340928,,,NGC2360,109.4747085571289,-15.652976989746096,0.6193761999999999,11.708649,0.2600357720965187,36.035717,47.344418,1.3138192310701076,,,,,,,,,True,False
3031255739908108928,,,NGC2360,109.48421478271484,-15.657831192016602,0.78331184,13.746118,0.1702817487595123,,,,,,,,,,,,False,False
3031255739908118912,,,NGC2360,109.47079467773438,-15.6561861038208,0.6468916,10.948461,0.0458462873239981,,,,,,,,,,,,False,True
3031255774267875968,,,NGC2360,109.4529037475586,-15.661404609680176,1.2254391000000002,10.040006,-1.1681646071730345,7.5421405,1.6136132,0.21394631935058755,,,,,,,,,True,False
3031255774268162688,,,NGC2360,109.45344543457033,-15.655163764953612,1.153615,14.816544,-1.1542920055410726,,,,,,,,,,,,False,False
3031255808627579136,,,NGC2360,109.47550201416016,-15.64426326751709,0.55207443,11.65887,0.1555763375860549,226.92604,99.92705,0.4403507415896386,,,,,,,,,True,True
3031255808627579904,,,NGC2360,109.47622680664062,-15.646516799926758,0.86694336,13.587785,0.6346466407412555,,,,,,,,,,,,False,False
3031255842987303040,,,NGC2360,109.49849700927734,-15.644983291625977,0.74918175,12.953328,0.6096027385787965,,,,,,,,,,,,False,False
3031255842987314688,,,NGC2360,109.48863983154295,-15.64996337890625,0.49060822,11.750904,0.088780482081026,77.33599,39.05035,0.5049440758436015,,,,,,,,,True,True
3031255877347031936,,,NGC2360,109.50369262695312,-15.638023376464846,1.1080531999999998,15.307552,0.1949637190609778,,,,,,,,,,,,False,False
3031255877347033984,,,NGC2360,109.50422668457033,-15.64039707183838,0.7015524000000001,12.6080475,0.5117544067803288,,,,,,,,,,,,False,False
3031255877347036288,,,NGC2360,109.50071716308594,-15.64059066772461,0.53650284,11.789829,0.1623607483795582,,,,,,,,,,,,False,True
3031255911709445888,,,NGC2360,109.4706573486328,-15.636550903320312,1.7353153,16.945593,0.116519338480144,,,,,,,,,,,,False,False
3031255946066504576,,,NGC2360,109.4863510131836,-15.622307777404783,1.2014523,15.582397,0.1560123074872834,,,,,,,,,,,,False,False
3031255976130743424,,,NGC2360,109.44839477539062,-15.643492698669435,1.638773,16.247416,0.0153904043267022,,,,,,,,,,,,False,False
3031255980426290560,,,NGC2360,109.4435806274414,-15.64067268371582,1.0914973999999995,14.701106,-2.7300912320550297,,,,,,,,,,,,False,False
3031255980426291072,,,NGC2360,109.45176696777344,-15.646600723266602,0.96276474,14.234678,0.6669032928312795,,,,,,,,,,,,False,False
3031255980426294400,,,NGC2360,109.44654083251952,-15.646391868591309,0.6918745,13.001219,0.3325814546636955,,,,,,,,,,,,False,False
3031255980426302336,,,NGC2360,109.4388656616211,-15.648456573486328,0.57431126,12.771028,0.0299696534466433,,,,,,,,,,,,False,False
3031256014786011136,,,NGC2360,109.4533462524414,-15.631932258605955,0.62509537,11.467623,0.1774355240082263,209.05359,36.18347,0.17308227043601593,,,,,,,,,True,True
3031256049146070144,,,NGC2360,109.43042755126952,-15.633981704711914,0.543705,12.849806,-0.1564411527927015,,,,,,,,,,,,False,False
3031256014786021632,,,NGC2360,109.45267486572266,-15.641395568847654,0.70273113,13.054822,0.3387714682954026,,,,,,,,,,,,False,False
3031256014786329856,,,NGC2360,109.46353912353516,-15.637266159057615,1.6361828,16.07368,-0.0436795089940366,,,,,,,,,,,,False,False
3031256044843037952,,,NGC2360,109.43059539794922,-15.63952922821045,2.0931015,17.485643,0.0878383560270347,,,,,,,,,,,,False,False
3031256044850188416,,,NGC2360,109.42784118652344,-15.634806632995604,0.48631,11.546039,0.0564667574688454,,,,,,,,,,,,False,True
3031256044850212224,,,NGC2360,109.44232177734376,-15.639293670654297,2.2727737,17.829718,0.0891237535590596,,,,,,,,,,,,False,False
3031256049145762944,,,NGC2360,109.43221282958984,-15.629231452941896,1.4612045,16.354134,0.1373264499957667,,,,,,,,,,,,False,False
3031256049145764736,,,NGC2360,109.43978881835938,-15.635498046875,0.9111624,14.473385,-0.0542949736864767,,,,,,,,,,,,False,False
3031256049145770240,,,NGC2360,109.42855072021484,-15.632941246032717,0.9208317,9.945838,0.3611931920694658,,,,,,,,,,,,False,False
3031256049145770752,,,NGC2360,109.43053436279295,-15.635223388671877,0.6572771,13.147799,0.0645688437726856,,,,,,,,,,,,False,False
3031256083505487232,,,NGC2360,109.44739532470705,-15.62756633758545,0.44766426,11.059804,-0.0739945368188618,,,,,,,,,,,,False,False
3031256083505489664,,,NGC2360,109.4442367553711,-15.627687454223633,0.83948326,14.11945,0.0888757405604709,,,,,,,,,,,,False,False
3031256083505494784,,,NGC2360,109.44561004638672,-15.633399963378904,0.763258,13.650338,0.1552435483304033,,,,,,,,,,,,False,False
3031256117865210752,,,NGC2360,109.47463989257812,-15.629454612731935,1.6660194,16.832138,0.124514557834315,,,,,,,,,,,,False,False
3031256117865216896,,,NGC2360,109.46739959716795,-15.629755973815918,1.0391530999999998,15.155232,0.288919240462678,,,,,,,,,,,,False,False
3031256152217771392,,,NGC2360,109.48570251464844,-15.616870880126951,2.3162975,18.730814,0.1522535768558446,,,,,,,,,,,,False,False
3031256152224931584,,,NGC2360,109.47698974609376,-15.612582206726074,0.60159683,11.959553,0.2976161000174326,,,,,,,,,,,,False,False
3031256152224935808,,,NGC2360,109.47298431396484,-15.614173889160154,1.511652,16.470613,0.1323744177235049,,,,,,,,,,,,False,False
3031256152225281152,,,NGC2360,109.47686767578124,-15.619579315185549,0.9164734,14.507321,-0.1390939630610199,,,,,,,,,,,,False,False
3031256186584682368,,,NGC2360,109.45591735839844,-15.611228942871096,0.58133984,11.551518,0.1600909117336698,134.90588,18.234463,0.1351643308653411,,,,,,,,,True,True
3031256186584694912,,,NGC2360,109.4578628540039,-15.624683380126951,1.0125647,14.800204,0.0588674641822837,,,,,,,,,,,,False,False
3031256220937266304,,,NGC2360,109.47003936767578,-15.61044979095459,0.52048206,11.573505,0.0984414420637287,62.48345,36.526012,0.5845709863971981,,,,,,,,,True,True
3031256220944408448,,,NGC2360,109.4669189453125,-15.605962753295898,0.8089304,13.891923,0.1626447873429437,,,,,,,,,,,,False,False
3031256285359144704,,,NGC2360,109.52334594726562,-15.60837459564209,0.4944600999999999,11.427787,0.0454665968938043,89.41286,44.344864,0.49595621927315603,,,,,,,,,True,True
3031256289663867776,,,NGC2360,109.52238464355467,-15.62562084197998,1.0631895,15.214093,0.2512766999662745,,,,,,,,,,,,False,False
3031256354078621696,,,NGC2360,109.51199340820312,-15.609440803527832,0.5639781999999999,12.424596,0.1761799768368777,,,,,,,,,,,,False,False
3031256358383334528,,,NGC2360,109.50714874267578,-15.606964111328123,0.63174915,11.11213,0.0795937286044027,98.20742,14.329816,0.1459137812601125,,,,,,,,,True,True
3031256388438360704,,,NGC2360,109.53339385986328,-15.611827850341797,0.5795469,12.459417,0.2057344782538728,,,,,,,,,,,,False,False
3031256392735823232,,,NGC2360,109.52594757080078,-15.608488082885742,2.5964565,18.48349,0.0973308180727766,,,,,,,,,,,,False,False
3031256427102786432,,,NGC2360,109.54314422607422,-15.594902992248535,1.0660505,15.160203,0.2203669751695832,,,,,,,,,,,,False,False
3031256491519726080,,,NGC2360,109.53977966308594,-15.589156150817873,2.1697845,17.957253,0.1209630178259248,,,,,,,,,,,,False,False
3031256495822265856,,,NGC2360,109.53416442871094,-15.595675468444824,0.79067326,13.899733,0.0763689106658031,,,,,,,,,,,,False,False
3031256560239156096,,,NGC2360,109.49766540527344,-15.603121757507324,1.7714233,17.0182,0.1147521034997628,,,,,,,,,,,,False,False
3031256598901508864,,,NGC2360,109.48332977294922,-15.594647407531738,1.4344902,16.282692,0.1387794020613524,,,,,,,,,,,,False,False
3031256697678191104,,,NGC2360,109.5197296142578,-15.577436447143556,1.7966919,17.117110999999998,0.1198119088619732,,,,,,,,,,,,False,False
3031256736340433664,,,NGC2360,109.50641632080078,-15.575039863586426,1.8058357,17.133015,0.1191081472308227,,,,,,,,,,,,False,False
3031257389175795072,,,NGC2360,109.21636199951172,-15.802592277526855,0.70755386,13.2941675,0.168826206805229,,,,,,,,,,,,False,False
3031257801492633344,,,NGC2360,109.2150421142578,-15.763433456420898,1.2836332,15.875520000000002,0.1556497369543345,,,,,,,,,,,,False,False
3031258110729946240,,,NGC2360,109.12542724609376,-15.78449249267578,0.56090546,12.303588,0.2032545131929872,,,,,,,,,,,,False,False
3031258553103479424,,,NGC2360,109.16539764404295,-15.762648582458494,1.8690662,17.175895999999998,0.1063905898459775,,,,,,,,,,,,False,False
3031258621822988800,,,NGC2360,109.1896514892578,-15.749943733215332,1.7432384,16.972843,0.1176393508317639,,,,,,,,,,,,False,False
3031258724908903552,,,NGC2360,109.13246154785156,-15.766264915466309,2.1723175,18.530678,0.1604934972038562,,,,,,,,,,,,False,False
3031034497554111744,,,NGC2360,109.55955505371094,-16.138410568237305,1.595501,16.652344,0.1249096097066568,,,,,,,,,,,,False,False
3031259034139797888,,,NGC2360,109.2634735107422,-15.770102500915527,2.1502857000000004,17.37131,0.0585334695131949,,,,,,,,,,,,False,False
3031259171578806400,,,NGC2360,109.28873443603516,-15.750179290771484,1.3326321,16.025888000000002,0.151783058830719,,,,,,,,,,,,False,False
3031259485119787520,,,NGC2360,109.23434448242188,-15.738537788391112,0.9855747,14.869479,0.3818778583498414,,,,,,,,,,,,False,False
3031259485119788672,,,NGC2360,109.23175811767578,-15.737855911254885,0.8720045,14.28335,0.0589890011869686,,,,,,,,,,,,False,False
3031259652615220864,,,NGC2360,109.2922821044922,-15.723917007446287,1.647934,16.749826000000002,0.1192135694171637,,,,,,,,,,,,False,False
3031259725637896448,,,NGC2360,109.326904296875,-15.710944175720217,0.80165863,13.946568,0.0830642839313705,,,,,,,,,,,,False,False
3031259759997641728,,,NGC2360,109.30329895019533,-15.706130981445312,0.8512496999999999,14.204653,0.0480693020860856,,,,,,,,,,,,False,False
3031259794357371392,,,NGC2360,109.31470489501952,-15.69943618774414,1.1848383,15.65714,0.1967021927459345,,,,,,,,,,,,False,False
3031259858773674112,,,NGC2360,109.2783432006836,-15.714454650878904,2.1029491,17.840788,0.1232214367622411,,,,,,,,,,,,False,False
3031259897436617600,,,NGC2360,109.25696563720705,-15.708206176757812,1.0627251,15.197016,0.2455778746281251,,,,,,,,,,,,False,False
3031260000515801216,,,NGC2360,109.30752563476562,-15.693511009216309,1.7797279,17.132085999999997,0.1265885541417363,,,,,,,,,,,,False,False
3031260202371017088,,,NGC2360,109.19993591308594,-15.728235244750977,2.2112179,17.838432,0.1020033437570755,,,,,,,,,,,,False,False
3031260271090546432,,,NGC2360,109.2408447265625,-15.710249900817873,1.9320011,17.293039999999998,0.1040339005763564,,,,,,,,,,,,False,False
3031260653350864512,,,NGC2360,109.24466705322266,-15.703951835632324,1.1350098,15.412107,0.1889659017596449,,,,,,,,,,,,False,False
3031260683414454016,,,NGC2360,109.25907135009766,-15.68872356414795,1.844204,16.915106,0.0756692127253995,,,,,,,,,,,,False,False
3031260687710595968,,,NGC2360,109.25922393798828,-15.702011108398438,0.844676,14.116491,0.1183158350617193,,,,,,,,,,,,False,False
3031260825149526784,,,NGC2360,109.27442932128906,-15.67880630493164,0.55703735,12.438867,0.1530152351119885,,,,,,,,,,,,False,False
3031260825152077568,,,NGC2360,109.28215789794922,-15.675562858581545,0.6762667,13.160282999999998,0.1374395669387627,,,,,,,,,,,,False,False
3031260859509267072,,,NGC2360,109.2648696899414,-15.675688743591309,0.6625166,12.275678,0.4508146738192579,,,,,,,,,,,,False,False
3031260962588495872,,,NGC2360,109.23060607910156,-15.671770095825195,1.3083133999999998,15.005152,-0.8647205853442886,,,,,,,,,,,,False,False
3031261031307968896,,,NGC2360,109.22655487060548,-15.66521453857422,1.4074192,16.300272,0.1567070937408766,,,,,,,,,,,,False,False
3031261134386868352,,,NGC2360,109.22813415527344,-15.656250953674316,1.5809622,15.890943,-0.0851786250157668,,,,,,,,,,,,False,False
3031036593498310656,,,NGC2360,109.71492767333984,-16.05647850036621,1.0449286,15.104823,0.2513539976041855,,,,,,,,,,,,False,False
3031261443624563712,,,NGC2360,109.09716796875,-15.749402046203612,1.0282497,14.34038,1.1189730793644204,,,,,,,,,,,,False,False
3031036868376213632,,,NGC2360,109.69152069091795,-16.033319473266598,1.0125655999999998,14.964272,0.2907500364172383,,,,,,,,,,,,False,False
3031261890301148928,,,NGC2360,109.13658905029295,-15.72249984741211,1.3442135,16.065844,0.1520534637472059,,,,,,,,,,,,False,False
3031262027740110464,,,NGC2360,109.08647918701172,-15.722245216369627,0.9084511,14.399973999999998,0.1244833489492333,,,,,,,,,,,,False,False
3031262332674766592,,,NGC2360,109.03569793701172,-15.738866806030272,1.61129,16.362522,0.0614607766701311,,,,,,,,,,,,False,False
3031262435760310528,,,NGC2360,109.058349609375,-15.72270679473877,1.8053665,17.5529,0.1609721439336015,,,,,,,,,,,,False,False
3031262813711267200,,,NGC2360,109.0322036743164,-15.681089401245115,2.1024265,17.63803,0.1033423855759998,,,,,,,,,,,,False,False
3031263264690681088,,,NGC2360,109.073974609375,-15.672258377075195,1.5684166000000002,16.559088,0.121380037138678,,,,,,,,,,,,False,False
3031263329107428864,,,NGC2360,109.0527114868164,-15.654273986816404,2.3687973,17.93225,0.0819500187424146,,,,,,,,,,,,False,False
3031263363467217280,,,NGC2360,109.0684814453125,-15.640019416809082,1.1624069,15.595026,0.206810083438512,,,,,,,,,,,,False,False
3031263367762518272,,,NGC2360,109.0747299194336,-15.652108192443848,2.3498878,18.363945,0.123965867976297,,,,,,,,,,,,False,False
3031263470849101824,,,NGC2360,109.15544128417967,-15.697794914245604,1.0985861,15.278479999999998,0.2011664159933762,,,,,,,,,,,,False,False
3031263638345054976,,,NGC2360,109.18917083740234,-15.661893844604492,2.1192417000000003,17.902723,0.1255793061826977,,,,,,,,,,,,False,False
3031263642647779200,,,NGC2360,109.18220520019533,-15.660508155822756,1.6676826,16.901285,0.1332197705418109,,,,,,,,,,,,False,False
3031263986245153920,,,NGC2360,109.21907806396484,-15.653265953063965,1.3393993,16.130478,0.1675898289382916,,,,,,,,,,,,False,False
3031264085021690880,,,NGC2360,109.22184753417967,-15.651613235473633,2.1731548,18.082842000000003,0.130780946727803,,,,,,,,,,,,False,False
3031264222460638848,,,NGC2360,109.18338012695312,-15.652388572692873,2.1913567000000005,18.201796,0.1367529434377491,,,,,,,,,,,,False,False
3031264226763326720,,,NGC2360,109.18663787841795,-15.645461082458494,0.6861248000000001,13.268607,0.0968866630351462,,,,,,,,,,,,False,False
3031264261123061632,,,NGC2360,109.19552612304688,-15.641624450683596,2.022028,16.842351999999998,5.5574936717358865e-05,,,,,,,,,,,,False,False
3031264329842536960,,,NGC2360,109.1861343383789,-15.627985000610352,0.6564416999999999,12.346753,0.4308272386233751,,,,,,,,,,,,False,False
3031264432921747712,,,NGC2360,109.19046020507812,-15.614184379577637,1.0979071000000002,15.369298,0.2356340665403564,,,,,,,,,,,,False,False
3031264467281484032,,,NGC2360,109.20201110839844,-15.611234664916992,0.92486477,14.593321,-1.2176545823152032,,,,,,,,,,,,False,False
3031264944015260032,,,NGC2360,109.13011169433594,-15.616482734680176,1.7044373,16.94933,0.1271659361725193,,,,,,,,,,,,False,False
3031265257555468800,,,NGC2360,109.1659164428711,-15.598136901855469,1.0072203000000002,14.920751,0.2865932502945793,,,,,,,,,,,,False,False
3031265326274955136,,,NGC2360,109.13513946533205,-15.611570358276367,2.399969,18.31977,0.11291445360246,,,,,,,,,,,,False,False
3031265429354161280,,,NGC2360,109.13875579833984,-15.580586433410645,1.407587,16.279660999999997,0.153142673678261,,,,,,,,,,,,False,False
3031265498073632512,,,NGC2360,109.17272186279295,-15.584792137145994,0.8484564,14.138255,0.1138686349667011,,,,,,,,,,,,False,False
3031265596849996800,,,NGC2360,109.33827209472656,-15.70973014831543,2.1273441,17.662664000000003,0.1006662135272559,,,,,,,,,,,,False,False
3031265596850010624,,,NGC2360,109.33015441894533,-15.70497989654541,2.3020134,17.361212,0.0187127194563976,,,,,,,,,,,,False,False
3031265635512870656,,,NGC2360,109.35028076171876,-15.69282054901123,0.8721752,14.31606,0.003961814268697,,,,,,,,,,,,False,False
3031265768648795264,,,NGC2360,109.3778305053711,-15.674582481384276,2.145527,17.95545,0.1252399757707942,,,,,,,,,,,,False,False
3031265807311543296,,,NGC2360,109.35554504394533,-15.673165321350098,1.4990005,16.462936,0.1370716129622834,,,,,,,,,,,,False,False
3031265807311546624,,,NGC2360,109.34738159179688,-15.67216682434082,0.5127944999999999,12.231359,0.1070945474643509,,,,,,,,,,,,False,False
3031265807311547904,,,NGC2360,109.3455581665039,-15.671940803527832,0.49768257,12.19541,0.0814890521199293,,,,,,,,,,,,False,True
3031265906087721344,,,NGC2360,109.32503509521484,-15.683416366577148,2.0380993000000003,17.936422,0.1434327461012376,,,,,,,,,,,,False,False
3031265910390774656,,,NGC2360,109.32333374023438,-15.671445846557615,0.9608116,14.789834,0.5739437409101492,,,,,,,,,,,,False,False
3031265944753089920,,,NGC2360,109.30584716796876,-15.668536186218262,0.8048420000000001,13.822742000000002,0.2020591970976797,,,,,,,,,,,,False,False
3031265979110245376,,,NGC2360,109.31751251220705,-15.65928077697754,0.8729954,14.361574,-0.0865917924631298,,,,,,,,,,,,False,False
3031265979110254720,,,NGC2360,109.3077621459961,-15.66453742980957,1.0376368,15.0626,0.2520100080566475,,,,,,,,,,,,False,False
3031265979110482048,,,NGC2360,109.3203582763672,-15.664588928222654,1.3194561000000002,16.065632,0.1688796506644777,,,,,,,,,,,,False,False
3031266013469976064,,,NGC2360,109.34317016601562,-15.668383598327637,0.963295,14.12364,0.7131973747269983,,,,,,,,,,,,False,False
3031266077886477696,,,NGC2360,109.32684326171876,-15.663707733154297,1.988945,17.673855,0.1311652270610168,,,,,,,,,,,,False,False
3031266082189459200,,,NGC2360,109.3142318725586,-15.655839920043944,0.79004955,13.865445,0.1030916044249432,,,,,,,,,,,,False,False
3031266180965700352,,,NGC2360,109.39180755615234,-15.662103652954102,1.390295,16.147045000000002,0.1385252019248832,,,,,,,,,,,,False,False
3031266180965730944,,,NGC2360,109.39344024658205,-15.654585838317873,1.8877068,16.728476999999998,0.0238760643233824,,,,,,,,,,,,False,False
3031266249683280640,,,NGC2360,109.38568878173828,-15.64980697631836,1.1854782,10.495397,0.4693189267987398,,,,,,,,,,,,False,False
3031266253988099840,,,NGC2360,109.38152313232422,-15.638032913208008,1.7684422,16.990354999999997,0.1119260651569432,,,,,,,,,,,,False,False
3031266284044949632,,,NGC2360,109.39859771728516,-15.652527809143065,2.284834,17.457082999999997,0.0384632654324073,,,,,,,,,,,,False,False
3031266288340966784,,,NGC2360,109.3985824584961,-15.649210929870604,0.9258795,14.42339,0.2424202784924831,,,,,,,,,,,,False,False
3031266288347826304,,,NGC2360,109.40674591064452,-15.641630172729492,1.3314514,9.251464,0.0733146281094514,,,,,,,,,,,,False,False
3031266288347830144,,,NGC2360,109.40609741210938,-15.645288467407228,0.813756,13.305941,0.6078677542651704,,,,,,,,,,,,False,False
3031266322700596864,,,NGC2360,109.42098999023438,-15.638023376464846,1.7517071,16.166132,-0.0805589709342593,,,,,,,,,,,,False,False
3031266322700647680,,,NGC2360,109.40647888183594,-15.63910961151123,1.0919409,15.317526999999998,0.229356636231725,,,,,,,,,,,,False,False
3031266357067299712,,,NGC2360,109.39249420166016,-15.628228187561035,1.3828353999999998,16.09129,0.1314961000865345,,,,,,,,,,,,False,False
3031266357067315968,,,NGC2360,109.39029693603516,-15.645207405090332,1.1041107,14.520688,2.9904423602232058,,,,,,,,,,,,False,False
3031266391427029120,,,NGC2360,109.40170288085938,-15.624140739440918,0.4585495,11.065356,-0.0640984660110155,16.10249,9.585981,0.5953104768268759,,,,,,,,,True,False
3031266391427032192,,,NGC2360,109.39850616455078,-15.62517261505127,1.1918669,10.088346,-6.111546686002818,,,,,,,,,,,,False,False
3031266391427034752,,,NGC2360,109.39934539794922,-15.630166053771973,0.5071163,12.457405,0.0130159236467668,,,,,,,,,,,,False,False
3031266391427038720,,,NGC2360,109.39563751220705,-15.63055419921875,0.8650131,14.186928,0.1468985854342122,,,,,,,,,,,,False,False
3031266460146537344,,,NGC2360,109.37201690673828,-15.64000415802002,0.73735905,13.59068,0.0877076977590854,,,,,,,,,,,,False,False
3031266528866011264,,,NGC2360,109.3515625,-15.623567581176758,1.2701836000000002,15.806833,0.1501204459149444,,,,,,,,,,,,False,False
3031266563218811392,,,NGC2360,109.38182067871094,-15.62221908569336,2.1387901,18.774462,0.1769930751704856,,,,,,,,,,,,False,False
3031266563225732736,,,NGC2360,109.3773956298828,-15.621066093444824,0.83211136,14.143537,0.0229944017004026,,,,,,,,,,,,False,False
3031266563225739264,,,NGC2360,109.37528228759766,-15.627245903015137,1.4447021,16.3422,0.1438607996255024,,,,,,,,,,,,False,False
3031266563228359168,,,NGC2360,109.38004302978516,-15.619638442993164,2.4671135,18.522718,0.1187101810474487,,,,,,,,,,,,False,False
3031266597585455488,,,NGC2360,109.39311981201172,-15.615583419799805,1.9413052,16.838667,0.0278325751498763,,,,,,,,,,,,False,False
3031266597585463808,,,NGC2360,109.38783264160156,-15.620532989501951,0.5061569,12.359129,0.0508073394650964,,,,,,,,,,,,False,False
3031266597585465344,,,NGC2360,109.39138793945312,-15.624895095825195,0.9495268,14.640773,4.301141144299055,,,,,,,,,,,,False,False
3031266631945204480,,,NGC2360,109.37318420410156,-15.613073348999023,1.1561613000000002,15.3878355,0.1448013962194717,,,,,,,,,,,,False,False
3031266631945212416,,,NGC2360,109.37355041503906,-15.622060775756836,0.605916,12.88276,0.0609622843489688,,,,,,,,,,,,False,False
3031266666297963136,,,NGC2360,109.38419342041016,-15.609207153320312,1.8309441,16.547789,0.0036022021093371,,,,,,,,,,,,False,False
3031266803743973504,,,NGC2360,109.29048919677734,-15.65048122406006,0.5474644000000001,12.462508,0.1187723169828038,,,,,,,,,,,,False,False
3031266838103691520,,,NGC2360,109.32046508789062,-15.644607543945312,1.1859198,10.316215,0.5956607673205915,8.740413,3.8596883,0.4415910666921575,,,,,,,,,True,False
3031266872463426944,,,NGC2360,109.3180923461914,-15.639803886413574,0.9497442,14.674131,1.1867700123095242,,,,,,,,,,,,False,False
3031266936880070528,,,NGC2360,109.31947326660156,-15.62293815612793,1.4619274,16.043243,0.0652552489626484,,,,,,,,,,,,False,False
3031267044262148480,,,NGC2360,109.2553482055664,-15.636279106140137,0.7190294,13.456497,0.1032360607043036,,,,,,,,,,,,False,False
3031267211767247616,,,NGC2360,109.28857421875,-15.613554954528809,1.1523533,15.492119,0.1904536631037625,,,,,,,,,,,,False,False
3031267284780259584,,,NGC2360,109.34407043457033,-15.62242603302002,1.454277,16.37707,0.1448178475305516,,,,,,,,,,,,False,False
3031267422219178368,,,NGC2360,109.37297058105467,-15.60316276550293,0.5924596999999999,12.113584,0.2948046129755347,86.82222,114.94121,1.323868590321694,,,,,,,,,True,False
3031267422219472128,,,NGC2360,109.37107849121094,-15.59482765197754,0.7755861,13.694487,0.1759107094558444,,,,,,,,,,,,False,False
3031267422219487104,,,NGC2360,109.37159729003906,-15.593597412109377,0.7734804,13.78173,0.1005625462640012,,,,,,,,,,,,False,False
3031267456578929408,,,NGC2360,109.34014129638672,-15.595128059387209,1.1667786,15.1026,-0.1168433747606577,,,,,,,,,,,,False,False
3031267456581556608,,,NGC2360,109.34518432617188,-15.594879150390623,1.2564354,15.872042,0.177663883986716,,,,,,,,,,,,False,False
3031267486636011648,,,NGC2360,109.36339569091795,-15.584718704223633,2.173481,18.152092,0.1360279681870582,,,,,,,,,,,,False,False
3031267520993590656,,,NGC2360,109.3089599609375,-15.60743236541748,0.58792686,12.36413,0.2554619375439475,,,,,,,,,,,,False,False
3031267520997353728,,,NGC2360,109.31073760986328,-15.612051963806152,2.28788,18.495016,0.1420967174827491,,,,,,,,,,,,False,False
3031267589721983232,,,NGC2360,109.29959869384766,-15.59331512451172,1.9500084,18.149157,0.1729720351962535,,,,,,,,,,,,False,False
3031267594017906432,,,NGC2360,109.30059051513672,-15.59491729736328,0.6710253,13.172551,0.1049373485594047,,,,,,,,,,,,False,False
3031267658434694784,,,NGC2360,109.34224700927734,-15.589842796325684,0.66117764,13.079901,0.1363502894536996,,,,,,,,,,,,False,False
3031267697097073152,,,NGC2360,109.34839630126952,-15.575572967529297,0.48358727,12.148298,0.0610593356804054,,,,,,,,,,,,False,True
3031043774683568896,,,NGC2360,109.83365631103516,-15.994342803955078,0.8423128000000001,14.166649,0.0481541435566531,,,,,,,,,,,,False,False
3031043839100416512,,,NGC2360,109.8304443359375,-15.984546661376951,2.1183968,17.778112,0.1143359286329116,,,,,,,,,,,,False,False
3031267765809548544,,,NGC2360,109.34225463867188,-15.571925163269045,2.1957836,17.82385,0.1035396895637757,,,,,,,,,,,,False,False
3031267765816559488,,,NGC2360,109.33106994628906,-15.573271751403809,1.1573944,10.345853,0.5112106436335079,6.056365,3.632066,0.5997105524518419,,,,,,,,,True,False
3031267795873521280,,,NGC2360,109.41610717773438,-15.626410484313965,2.277132,18.502886,0.1441180576348657,,,,,,,,,,,,False,False
3031267800176282240,,,NGC2360,109.4293212890625,-15.625574111938477,1.2007113,10.123754,3.4153356002114403,11.251581,2.2118075,0.1965774854218265,,,,,,,,,True,False
3031267800176291840,,,NGC2360,109.4231948852539,-15.628952026367188,0.9926672,14.266785,0.8436720362726993,,,,,,,,,,,,False,False
3031267800176628992,,,NGC2360,109.4277114868164,-15.631781578063965,1.4386625,15.984835999999998,0.0641110006741853,,,,,,,,,,,,False,False
3031267834536004992,,,NGC2360,109.43981170654295,-15.6165771484375,1.5921879,15.910223,-0.0845703572985546,,,,,,,,,,,,False,False
3031267834536011904,,,NGC2360,109.42996978759766,-15.618489265441896,1.2783899,10.17756,1.6136959927153425,8.296845,3.0768151,0.37084157893753594,,,,,,,,,True,False
3031267868895752704,,,NGC2360,109.4139633178711,-15.609978675842283,1.179719,10.308393,0.5948604900366368,9.827321,2.561556,0.26065659196438173,,,,,,,,,True,False
3031267868895754112,,,NGC2360,109.41614532470705,-15.612854957580565,0.9856758,14.876060999999998,0.384596458755634,,,,,,,,,,,,False,False
3031267903255486592,,,NGC2360,109.42462158203124,-15.612618446350098,1.5648642,15.987971,-0.0281579675493855,,,,,,,,,,,,False,False
3031267933310450560,,,NGC2360,109.45047760009766,-15.604683876037598,0.59422207,12.832748,0.0551638132653691,,,,,,,,,,,,False,False
3031267933310450816,,,NGC2360,109.44562530517578,-15.60661792755127,0.5823735999999999,11.745195,0.2200493736769587,173.41603,55.31464,0.31897074336207554,,,,,,,,,True,False
3031267937615214208,,,NGC2360,109.43849182128906,-15.60914134979248,0.83288574,13.582973999999998,0.494559053070439,,,,,,,,,,,,False,False
3031267971967766144,,,NGC2360,109.462158203125,-15.599172592163086,1.6587333999999998,16.765059,0.1174438585805689,,,,,,,,,,,,False,False
3031267971974931456,,,NGC2360,109.45285034179688,-15.597082138061523,1.2085056,10.351425,0.591677497867875,9.461115,2.8552136,0.3017840497658046,,,,,,,,,True,False
3031268002032023936,,,NGC2360,109.4347152709961,-15.60447883605957,1.8340702,17.135254,0.1111870687100844,,,,,,,,,,,,False,False
3031268006334681728,,,NGC2360,109.44039916992188,-15.60162353515625,1.060256,15.217025,0.2591402489827052,,,,,,,,,,,,False,False
3031268006334686848,,,NGC2360,109.43009948730467,-15.599894523620604,1.8071575,16.798079,0.0681345986919436,,,,,,,,,,,,False,False
3031268006334688640,,,NGC2360,109.4259262084961,-15.598750114440918,0.9575033000000002,14.036904000000002,0.7255738271504671,,,,,,,,,,,,False,False
3031268040694396928,,,NGC2360,109.45040130615234,-15.585278511047363,0.99642944,14.881684,0.3190442009132002,,,,,,,,,,,,False,False
3031268040694399104,,,NGC2360,109.45326232910156,-15.589437484741213,0.86403847,14.162238,0.1692245582273246,,,,,,,,,,,,False,False
3031268040694401536,,,NGC2360,109.44612884521484,-15.58667278289795,1.0940351,15.129262,0.1246201128154605,,,,,,,,,,,,False,False
3031268040694405632,,,NGC2360,109.44770050048828,-15.591756820678713,1.3982935,15.729739000000002,0.0001042105345477,,,,,,,,,,,,False,False
3031268075054499456,,,NGC2360,109.40216827392578,-15.614985466003418,1.7849959999999998,17.102476,0.1214500328094747,,,,,,,,,,,,False,False
3031268109413907456,,,NGC2360,109.4118423461914,-15.592543601989744,0.8514347,14.2271185,0.017693981687419,,,,,,,,,,,,False,False
3031268109413911424,,,NGC2360,109.41413879394533,-15.598587036132812,0.61197853,12.922287,0.0532900356707112,,,,,,,,,,,,False,False
3031268143773662848,,,NGC2360,109.3930435180664,-15.59865379333496,1.6623172999999998,16.962072,0.1425115543759582,,,,,,,,,,,,False,False
3031268143773672320,,,NGC2360,109.38552856445312,-15.600879669189451,1.5647278,16.595968,0.1289260101041762,,,,,,,,,,,,False,False
3031268173832407296,,,NGC2360,109.40373229980467,-15.593640327453612,2.177803,18.531296,0.1597611055494295,,,,,,,,,,,,False,False
3031268178133384960,,,NGC2360,109.40282440185548,-15.587780952453612,1.027482,14.716520999999998,-0.7662800759445354,,,,,,,,,,,,False,False
3031268178133389440,,,NGC2360,109.3989715576172,-15.590514183044435,0.99249077,14.981767,0.3875503131087849,,,,,,,,,,,,False,False
3031268212493103104,,,NGC2360,109.42461395263672,-15.581632614135742,0.9326811,14.640042,9.564322415309478,,,,,,,,,,,,False,False
3031268281212577408,,,NGC2360,109.42254638671876,-15.577648162841797,1.453762,16.36512,0.1430704544176272,,,,,,,,,,,,False,False
3031268281212585984,,,NGC2360,109.40746307373048,-15.575793266296388,1.2025604,15.258045,-0.0274317469994748,,,,,,,,,,,,False,False
3031268315572306944,,,NGC2360,109.425537109375,-15.571242332458494,1.14468,14.998631,-0.2272049393686494,,,,,,,,,,,,False,False
3031268384291759744,,,NGC2360,109.4777374267578,-15.584083557128904,0.54633045,11.681228,0.1536434547362224,143.44966,60.340065,0.420635817470742,,,,,,,,,True,True
3031268448715794176,,,NGC2360,109.46466827392578,-15.562201499938965,2.2734947,18.376085,0.1363040101424227,,,,,,,,,,,,False,False
3031268453011225088,,,NGC2360,109.46837615966795,-15.562931060791016,1.194994,15.037126999999998,-0.3317303037413541,,,,,,,,,,,,False,False
3031268521730687104,,,NGC2360,109.50130462646484,-15.55315399169922,0.74372864,13.586732,0.1172346033108733,,,,,,,,,,,,False,False
3031268551787985408,,,NGC2360,109.48055267333984,-15.5587158203125,1.9208794,17.435772,0.1231731124812474,,,,,,,,,,,,False,False
3031268556090436992,,,NGC2360,109.47339630126952,-15.563177108764648,0.5635004,12.340382,0.2003719262954181,,,,,,,,,,,,False,False
3031268586147763968,,,NGC2360,109.49054718017578,-15.546133995056152,2.2091103,17.725544,0.0904580608511378,,,,,,,,,,,,False,False
3031268590450168448,,,NGC2360,109.48745727539062,-15.556169509887695,0.6084976,12.856443,0.0921697588527267,,,,,,,,,,,,False,False
3031268620507437824,,,NGC2360,109.4479522705078,-15.56617546081543,1.475708,16.358486,0.130590734577361,,,,,,,,,,,,False,False
3031268624809935616,,,NGC2360,109.44646453857422,-15.568414688110352,0.96388245,14.761876999999998,0.5467663841982975,,,,,,,,,,,,False,False
3031268693529409408,,,NGC2360,109.4329833984375,-15.557294845581056,1.4369297,15.590986,-0.1243433793919484,,,,,,,,,,,,False,False
3031268762248860416,,,NGC2360,109.47306060791016,-15.547138214111328,0.47592163,12.185493,0.0355787068230551,,,,,,,,,,,,False,True
3031268865328072832,,,NGC2360,109.4630889892578,-15.534558296203612,0.8036909000000001,13.966972,0.0734206375229577,,,,,,,,,,,,False,False
3031268899687904896,,,NGC2360,109.3852310180664,-15.591835021972654,1.6596297999999998,16.844772,0.1285236555685195,,,,,,,,,,,,False,False
3031268934047626752,,,NGC2360,109.39774322509766,-15.58156967163086,0.9139185,14.590212,-1.5580140317289737,,,,,,,,,,,,False,False
3031268964106417408,,,NGC2360,109.37094116210938,-15.571318626403809,2.354189,18.409216,0.1266593416158443,,,,,,,,,,,,False,False
3031269002767102848,,,NGC2360,109.37542724609376,-15.565868377685549,0.92113304,13.902181,0.6439656422194467,,,,,,,,,,,,False,False
3031269002767106304,,,NGC2360,109.37605285644533,-15.56938934326172,2.000267,17.310382999999998,0.0883850438202974,,,,,,,,,,,,False,False
3031269032832028672,,,NGC2360,109.40326690673828,-15.56350803375244,1.6536331000000002,16.054508,-0.0635404791590154,,,,,,,,,,,,False,False
3031269071486541184,,,NGC2360,109.41268920898438,-15.551977157592772,1.0722694,15.220129,0.2328262730804392,,,,,,,,,,,,False,False
3031269140206014592,,,NGC2360,109.40380096435548,-15.54235553741455,0.7047014,13.397352,0.0839553890217123,,,,,,,,,,,,False,False
3031269208925526400,,,NGC2360,109.36866760253906,-15.555364608764648,1.4614638999999998,16.20751,0.1080502796642984,,,,,,,,,,,,False,False
3031269208925534336,,,NGC2360,109.36189270019533,-15.55780029296875,1.3071938,16.011682999999998,0.1670578379646647,,,,,,,,,,,,False,False
3031269277645007488,,,NGC2360,109.35311126708984,-15.548662185668944,0.7949877,13.192932999999998,0.625121037596419,,,,,,,,,,,,False,False
3031269380724206208,,,NGC2360,109.36753845214844,-15.541688919067385,1.2508868999999998,15.80081,0.1661551993786953,,,,,,,,,,,,False,False
3031045591447293312,,,NGC2360,109.86724853515624,-15.888656616210938,1.5570678999999998,16.547724,0.1244841096603735,,,,,,,,,,,,False,False
3031269449443647360,,,NGC2360,109.43089294433594,-15.549921035766602,0.8079281,13.994703,0.066392213789465,,,,,,,,,,,,False,False
3031269449443654144,,,NGC2360,109.41712951660156,-15.546985626220703,1.9370384,17.558262,0.1316999834494696,,,,,,,,,,,,False,False
3031269483803375616,,,NGC2360,109.43601989746094,-15.540748596191404,1.5577316,16.567795,0.1274614763570198,,,,,,,,,,,,False,False
3031269513860715648,,,NGC2360,109.40906524658205,-15.540038108825684,1.8564987,17.376537,0.1328486891339692,,,,,,,,,,,,False,False
3031269552522855424,,,NGC2360,109.41795349121094,-15.53212833404541,0.51240826,12.245172,0.1027114930937912,,,,,,,,,,,,False,False
3031269552523245312,,,NGC2360,109.41607666015624,-15.531503677368164,0.79559803,13.989685,0.0151802510624169,,,,,,,,,,,,False,False
3031269586882580736,,,NGC2360,109.45127868652344,-15.531307220458984,1.2557878,15.879088,0.1797066226556851,,,,,,,,,,,,False,False
3031269621242315648,,,NGC2360,109.45398712158205,-15.525388717651367,1.5772591,16.643442,0.1309954920845676,,,,,,,,,,,,False,False
3031269651299742080,,,NGC2360,109.43819427490234,-15.519699096679688,1.4805698,16.422178,0.139213065611309,,,,,,,,,,,,False,False
3031269689961790208,,,NGC2360,109.44733428955078,-15.513541221618652,1.7154655,16.901234,0.11700197734063,,,,,,,,,,,,False,False
3031269758681282944,,,NGC2360,109.40462493896484,-15.519780158996582,0.98751545,14.935319,0.3973402344313972,,,,,,,,,,,,False,False
3031269857458198400,,,NGC2360,109.43318176269533,-15.510189056396484,1.7778797,16.990759,0.1089695293828465,,,,,,,,,,,,False,False
3031269861760489472,,,NGC2360,109.4166259765625,-15.513400077819824,0.5440264,12.527913,0.0818558702230643,,,,,,,,,,,,False,False
3031269994894756736,,,NGC2360,109.2464599609375,-15.628583908081056,0.64420795,12.964487,0.1553333431991995,,,,,,,,,,,,False,False
3031269999199358208,,,NGC2360,109.24539184570312,-15.63257884979248,0.65293217,13.084137,0.0967328316725343,,,,,,,,,,,,False,False
3031270029258251776,,,NGC2360,109.25592803955078,-15.61424160003662,2.1564198,18.37026,0.1534713185987194,,,,,,,,,,,,False,False
3031270102278566528,,,NGC2360,109.25658416748048,-15.609298706054688,0.4839077,11.380017,0.0275425575842141,50.479244,28.942034,0.573345234726574,,,,,,,,,True,True
3031270136638301056,,,NGC2360,109.2664566040039,-15.603005409240724,1.6524391,16.772106,0.1208395031049814,,,,,,,,,,,,False,False
3031270239717511296,,,NGC2360,109.26590728759766,-15.587611198425291,0.693264,13.31611,0.0927147842575188,,,,,,,,,,,,False,False
3031270342796737792,,,NGC2360,109.2157974243164,-15.596664428710938,0.90875244,14.552179,-0.7014142820418386,,,,,,,,,,,,False,False
3031270445875939712,,,NGC2360,109.26395416259766,-15.579092979431152,0.85743046,14.292297,-0.0521950166379678,,,,,,,,,,,,False,False
3031270480235682560,,,NGC2360,109.235595703125,-15.574484825134276,1.0989189,15.345688,0.2262670870436381,,,,,,,,,,,,False,False
3031270514595418368,,,NGC2360,109.24856567382812,-15.576662063598633,1.0645285,15.250716,0.2614043784826286,,,,,,,,,,,,False,False
3031270544652707584,,,NGC2360,109.29176330566406,-15.590826034545898,1.8734951,17.240524,0.1132440275730496,,,,,,,,,,,,False,False
3031270617674628864,,,NGC2360,109.27863311767578,-15.572793960571287,1.5096664,16.51203,0.1399767393357161,,,,,,,,,,,,False,False
3031270617674629504,,,NGC2360,109.28073120117188,-15.576845169067385,1.3240948,16.072254,0.1669739614948637,,,,,,,,,,,,False,False
3031270720754049280,,,NGC2360,109.32676696777344,-15.560734748840332,1.5101414,16.461891,0.1316256233670983,,,,,,,,,,,,False,False
3031270823833060224,,,NGC2360,109.2624740600586,-15.566268920898438,0.9664984,14.779711,0.5135358170832358,,,,,,,,,,,,False,False
3031047343793360512,,,NGC2360,109.51828002929688,-16.09440803527832,2.2847328,18.282644,0.1278669330560171,,,,,,,,,,,,False,False
3031270926912269824,,,NGC2360,109.27554321289062,-15.550298690795898,0.99479294,14.929711,0.3577985348650251,,,,,,,,,,,,False,False
3031270926912271232,,,NGC2360,109.2640609741211,-15.549732208251951,1.2905512,15.977263,0.1724186884027368,,,,,,,,,,,,False,False
3031047348096252928,,,NGC2360,109.50843811035156,-16.085441589355472,0.9418459,14.301242000000002,0.5020983249475686,,,,,,,,,,,,False,False
3031270961272005376,,,NGC2360,109.29094696044922,-15.548179626464846,0.46854973,11.600233,0.0429737894294648,139.02034,63.546326,0.4571009249437888,,,,,,,,,True,True
3031271163128048128,,,NGC2360,109.19002532958984,-15.572861671447756,2.0485935,17.067047,0.0369952396458035,,,,,,,,,,,,False,False
3031271201790191104,,,NGC2360,109.2086410522461,-15.564423561096191,0.8210716,12.963455,0.9107699905098832,,,,,,,,,,,,False,False
3031047726053363456,,,NGC2360,109.49681091308594,-16.052194595336914,1.0567312,15.129212,0.2296237438198175,,,,,,,,,,,,False,False
3031271403646272768,,,NGC2360,109.18467712402344,-15.556999206542969,2.0484638,16.93601,0.011473354830205,,,,,,,,,,,,False,False
3031271614107043712,,,NGC2360,109.20582580566406,-15.536444664001465,0.6620196999999999,13.143265,0.0888660662865269,,,,,,,,,,,,False,False
3031048340225954048,,,NGC2360,109.60637664794922,-16.046979904174805,1.3585625,16.047594,0.1382945172201043,,,,,,,,,,,,False,False
3031048378888358656,,,NGC2360,109.59263610839844,-16.046445846557614,1.0444002,15.040896,0.2148276682443333,,,,,,,,,,,,False,False
3031048408946915840,,,NGC2360,109.60240173339844,-16.03643798828125,2.3412304,18.693367,0.1469103742178051,,,,,,,,,,,,False,False
3031271815963231872,,,NGC2360,109.28295135498048,-15.52603816986084,1.8069992,17.129114,0.1182861170996205,,,,,,,,,,,,False,False
3031271815963232000,,,NGC2360,109.2770767211914,-15.525437355041506,2.163206,18.343948,0.1508108493640802,,,,,,,,,,,,False,False
3031271850323002880,,,NGC2360,109.25697326660156,-15.515485763549805,2.112486,17.749107000000002,0.1126969047168021,,,,,,,,,,,,False,False
3031271854625200512,,,NGC2360,109.26817321777344,-15.519518852233888,0.95490265,14.759107,0.6677226506467672,,,,,,,,,,,,False,False
3031271953402177664,,,NGC2360,109.23396301269533,-15.526878356933596,2.1428146,18.32639,0.1528177922711813,,,,,,,,,,,,False,False
3031272060783630336,,,NGC2360,109.25772094726562,-15.511068344116213,0.7957115,13.887897,0.1085470381801172,,,,,,,,,,,,False,False
3031272262639774848,,,NGC2360,109.319091796875,-15.542978286743164,2.172762,17.630856,0.0873264372689085,,,,,,,,,,,,False,False
3031272266942252672,,,NGC2360,109.33123779296876,-15.54082489013672,0.7876091,13.911701,0.0524249258531036,,,,,,,,,,,,False,False
3031272266942254976,,,NGC2360,109.32594299316406,-15.540433883666992,1.5919628,16.670679999999997,0.1291282112064909,,,,,,,,,,,,False,False
3031272266942255104,,,NGC2360,109.32479095458984,-15.539828300476074,0.86278915,14.320282999999998,-0.0704524211603478,,,,,,,,,,,,False,False
3031272301301975168,,,NGC2360,109.33511352539062,-15.527154922485352,1.0513306,15.09864,0.2287104231586625,,,,,,,,,,,,False,False
3031272301301976576,,,NGC2360,109.3329849243164,-15.52772617340088,1.2268057,15.787028,0.1850909798568704,,,,,,,,,,,,False,False
3031272370021419648,,,NGC2360,109.36727905273438,-15.51620388031006,0.9308548,14.584611,-0.6789687194399565,,,,,,,,,,,,False,False
3031048963003872384,,,NGC2360,109.64881134033205,-15.99863338470459,1.3329782,15.986064,0.142744892309319,,,,,,,,,,,,False,False
3031272468798250752,,,NGC2360,109.32198333740234,-15.529001235961914,1.8690968,17.23529,0.1138074213812272,,,,,,,,,,,,False,False
3031048997363667584,,,NGC2360,109.5517578125,-16.057878494262695,0.9290123,14.560285999999998,-0.3173685406651556,,,,,,,,,,,,False,False
3031272640597015552,,,NGC2360,109.35116577148438,-15.506553649902346,1.97925,17.41375,0.1065256387917744,,,,,,,,,,,,False,False
3031272743676227712,,,NGC2360,109.38839721679688,-15.509329795837402,1.7755337,16.760077,0.0728691519404022,,,,,,,,,,,,False,False
3031272778042702592,,,NGC2360,109.39125061035156,-15.497852325439451,1.8156719,17.330294,0.1384976621463176,,,,,,,,,,,,False,False
3031272915474978176,,,NGC2360,109.41485595703124,-15.486692428588867,2.1492596,17.953836,0.1244194951418569,,,,,,,,,,,,False,False
3031273022856293248,,,NGC2360,109.3564224243164,-15.482979774475098,0.6845455,12.4309435,0.4909873536380936,,,,,,,,,,,,False,False
3031049340961041152,,,NGC2360,109.52468872070312,-16.0179443359375,1.1364040000000002,15.293619,0.1331908765683473,,,,,,,,,,,,False,False
3031273052913925888,,,NGC2360,109.36788177490234,-15.487899780273438,2.1877995,18.064693,0.1268039599547761,,,,,,,,,,,,False,False
3031273052913945088,,,NGC2360,109.36995697021484,-15.48134422302246,2.3067684,17.986117999999998,0.0987899592975902,,,,,,,,,,,,False,False
3031273160295363584,,,NGC2360,109.3823699951172,-15.464539527893065,1.1139183,15.344651999999998,0.1991298564206559,,,,,,,,,,,,False,False
3031273263374577792,,,NGC2360,109.38116455078124,-15.456583023071287,0.51407623,11.437976,0.0653497004019948,100.18804,43.535706,0.4345399510759967,,,,,,,,,True,True
3031273332093944832,,,NGC2360,109.3048858642578,-15.499262809753418,0.49216366,12.094634,0.0885770338196936,,,,,,,,,,,,False,True
3031273641331591296,,,NGC2360,109.2620849609375,-15.483180046081545,1.0594139,15.160572,0.2378804277316972,,,,,,,,,,,,False,False
3031049852055984512,,,NGC2360,109.58394622802734,-15.98386573791504,2.4938965,18.71422,0.1283835894898986,,,,,,,,,,,,False,False
3031049920774104704,,,NGC2360,109.5769500732422,-15.983895301818848,1.8163033,16.929253,0.0873049616463366,,,,,,,,,,,,False,False
3031273843187947136,,,NGC2360,109.3327178955078,-15.4742431640625,2.0709724,17.561806,0.1018910041911054,,,,,,,,,,,,False,False
3031273877545171072,,,NGC2360,109.34418487548828,-15.466049194335938,0.56437683,12.256116,0.2214213667324314,,,,,,,,,,,,False,False
3031273911907450624,,,NGC2360,109.32254028320312,-15.464177131652832,2.073269,17.797345999999997,0.1251237641698142,,,,,,,,,,,,False,False
3031273916209490304,,,NGC2360,109.32736206054688,-15.458332061767578,1.0570011,15.191141,0.2570558303090025,,,,,,,,,,,,False,False
3031050161291933824,,,NGC2360,109.411865234375,-16.086503982543945,1.856081,17.186394,0.1113877423430058,,,,,,,,,,,,False,False
3031273950569228288,,,NGC2360,109.33594512939452,-15.460588455200195,1.4025402,16.23195,0.1475550558995072,,,,,,,,,,,,False,False
3031050303033763584,,,NGC2360,109.43975067138672,-16.061552047729492,0.94643116,14.462875,0.3993871792443392,,,,,,,,,,,,False,False
3031274122367920640,,,NGC2360,109.31686401367188,-15.451205253601074,1.5031643,16.548994,0.1484643536839938,,,,,,,,,,,,False,False
3031274156727656576,,,NGC2360,109.33182525634766,-15.440897941589355,0.8446684000000001,14.112570000000002,0.1224570997995743,,,,,,,,,,,,False,False
3031274186785409920,,,NGC2360,109.2988510131836,-15.445481300354006,1.7307720000000002,17.024046,0.1282184278733698,,,,,,,,,,,,False,False
3031274259806869120,,,NGC2360,109.34447479248048,-15.431617736816404,2.0205383,16.747448000000002,-0.0222480839041128,,,,,,,,,,,,False,False
3031274324224390528,,,NGC2360,109.32360076904295,-15.431117057800291,2.432249,17.95501,0.072776267047855,,,,,,,,,,,,False,False
3031050539249215360,,,NGC2360,109.44332885742188,-16.041610717773438,2.4326954,17.838388000000002,0.0590272032008955,,,,,,,,,,,,False,False
3031050745407664128,,,NGC2360,109.46646881103516,-16.035652160644528,2.1563492,18.018255,0.1285313127366109,,,,,,,,,,,,False,False
3031050814127183104,,,NGC2360,109.4940948486328,-16.023221969604492,2.1401043,18.086384,0.136724054077666,,,,,,,,,,,,False,False
3031050985925883008,,,NGC2360,109.43199157714844,-16.019718170166016,1.2437096,15.662762,0.1339708242059451,,,,,,,,,,,,False,False
3031051913640282240,,,NGC2360,109.45525360107422,-15.985695838928224,2.2453976000000004,18.619932,0.1554211244057639,,,,,,,,,,,,False,False
3031052188518208128,,,NGC2360,109.43262481689452,-15.96501636505127,2.4577904,18.896896,0.1439265762116178,,,,,,,,,,,,False,False
3031052192819326080,,,NGC2360,109.43629455566406,-15.959200859069824,0.79551315,13.623274,0.3103269852069963,,,,,,,,,,,,False,False
3031052192819330176,,,NGC2360,109.43727111816406,-15.967483520507812,1.512064,16.477242,0.1332819078479571,,,,,,,,,,,,False,False
3031285559857857920,,,NGC2360,108.93262481689452,-15.752238273620604,2.2584572,18.40032,0.1401854261240775,,,,,,,,,,,,False,False
3031022952681211520,,,NGC2360,109.34603265579342,-16.18140789010092,0.5598421,12.467862,0.1499363162838915,,,,,,,,,,,,False,False
3031041369501943680,,,NGC2360,109.75525376333994,-16.083491844580696,0.9346447,14.611924,-1.893565166158236,,,,,,,,,,,,False,False
3031044221360109568,,,NGC2360,109.94195370503115,-15.951954485815904,1.0622072,15.225261,0.2576807802965801,,,,,,,,,,,,False,False
3031218562670616832,,,NGC2360,109.04417224120984,-16.017291696323905,1.0287971,14.952633,0.2057158668384482,,,,,,,,,,,,False,False
3031246634577620480,,,NGC2360,109.36289182373608,-15.796857713671946,0.6400995,12.861339,0.2135287434199251,,,,,,,,,,,,False,False
3031246668937346432,,,NGC2360,109.37276365652392,-15.786857531235334,1.0631294,15.033667,0.1412480648879643,,,,,,,,,,,,False,False
3031246875095756032,,,NGC2360,109.38289298178898,-15.765366471068228,0.78182507,13.312971,0.4678808102718233,,,,,,,,,,,,False,False
3031252132135547648,,,NGC2360,109.5784364285474,-15.68602996616796,0.59760475,12.86881,0.0390657926249421,,,,,,,,,,,,False,False
3031252647531754624,,,NGC2360,109.44191568546862,-15.738181913323686,0.5898371,12.019688,0.283655211712039,219.08633,132.00037,0.6025039079343746,,,,,,,,,True,False
3031253158622973440,,,NGC2360,109.47368622965244,-15.713498016846446,0.636076,12.247051,0.3896385999160497,,,,,,,,,,,,False,False
3031253403445938176,,,NGC2360,109.47670189192446,-15.688702414154372,0.905056,13.346751,0.959618758467788,,,,,,,,,,,,False,False
3031253609604449920,,,NGC2360,109.38122818536726,-15.726062999120517,0.5795908,12.624728,0.1393674755392386,,,,,,,,,,,,False,False
3031254159360215936,,,NGC2360,109.4131846628994,-15.684867575099872,0.5620928,12.067023,0.2320852028165539,,,,,,,,,,,,False,False
3031254189415119232,,,NGC2360,109.44703371531511,-15.681337183711388,0.63350964,11.102904,0.0783899298728443,180.69942,24.699627,0.1366890220234243,,,,,,,,,True,True
3031254193719936384,,,NGC2360,109.4508173734448,-15.689426885215456,0.9048662,14.3261795,0.219432467281163,,,,,,,,,,,,False,False
3031254193719940864,,,NGC2360,109.4436774749024,-15.6892252801231,1.0021324,14.606572,3.142530950702801,,,,,,,,,,,,False,False
3031254296799138432,,,NGC2360,109.43746398125865,-15.66525562754452,,,,,,,,,,,,,,,False,False
3031254296799138560,,,NGC2360,109.43719678408276,-15.665655596140205,0.7253628,12.43357,0.5980399576008705,,,,,,,,,,,,False,False
3031254399878390912,,,NGC2360,109.3847832792214,-15.67484494660789,0.8516817,13.621056,0.5488615056945593,,,,,,,,,,,,False,False
3031254502957561088,,,NGC2360,109.4289053378991,-15.651460215069212,0.4690094,11.758739,0.0580095028963579,117.17272,77.68442,0.6629906688177931,,,,,,,,,True,True
3031254502957563648,,,NGC2360,109.43564423708482,-15.658009418703418,0.5640526,12.561932,0.1231138448854752,,,,,,,,,,,,False,False
3031254571677031424,,,NGC2360,109.42914245698267,-15.643822654619983,0.7742748,13.761867,0.1195848717106968,,,,,,,,,,,,False,False
3031255121432795648,,,NGC2360,109.50749269912276,-15.649334851947616,0.8811579,13.817459,0.533854621577952,,,,,,,,,,,,False,False
3031255946066514048,,,NGC2360,109.48599080173898,-15.631979368932868,,,,,,,,,,,,,,,False,False
3031255980426286976,,,NGC2360,109.44616682848982,-15.639282695306296,0.9356384,13.83404,0.7555685324842871,,,,,,,,,,,,False,False
3031256117865219584,,,NGC2360,109.46067778181698,-15.62825805658948,1.1774578,15.161232,-0.0695065609068391,,,,,,,,,,,,False,False
3031265841671269760,,,NGC2360,109.36801424370064,-15.665804001853292,0.61262035,11.048227,0.0473479086105542,135.30783,16.96968,0.1254153584459968,,,,,,,,,True,True
3031266013469971840,,,NGC2360,109.33585985598128,-15.65666644313468,1.1439228,15.153986,0.0106704117897622,,,,,,,,,,,,False,False
3031266288347834112,,,NGC2360,109.39612746271884,-15.64314930005544,1.2156258,9.815936,-0.0528481094739937,,,,,,,,,,,,False,False
3031266666304938240,,,NGC2360,109.38018285177792,-15.611526088442911,1.0134706,13.991627,1.0041014860696025,,,,,,,,,,,,False,False
3031267800176287360,,,NGC2360,109.41991811191528,-15.62268428322026,0.8503275,13.503318,0.6191856185896456,,,,,,,,,,,,False,False
3031268929742858624,,,NGC2360,109.39397858955944,-15.576235819578107,0.56096745,11.627812,0.158495641500016,164.5729,51.24975,0.3114106271445663,,,,,,,,,True,True
3031269002767100416,,,NGC2360,109.3839023044534,-15.569423855923269,1.1739283,14.953956,-0.4806834311169888,,,,,,,,,,,,False,False
3031269140206021248,,,NGC2360,109.40046040047773,-15.547400377520106,0.81447124,13.271258,0.6393363869993499,,,,,,,,,,,,False,False
3031272301301968384,,,NGC2360,109.33898821795198,-15.523420620688936,0.6979151,13.274962,0.1422103766261208,,,,,,,,,,,,False,False
3031285014405946880,,,NGC2360,108.83491498594483,-15.75344188244189,1.645258,16.78087,0.1247768419811171,,,,,,,,,,,,False,False
3031310749851030784,,,NGC2360,108.92946577264624,-15.654708257571642,0.6158142,12.523136,0.2839918420501308,,,,,,,,,,,,False,False
3031319649022996992,,,NGC2360,109.1413934207607,-15.47935066466354,0.6944971,13.164923,0.2130559435508012,,,,,,,,,,,,False,False
3031340230506072832,,,NGC2360,109.07108093621105,-15.202176740847737,0.8608799,14.200221,0.1080126914205507,,,,,,,,,,,,False,False
3031350813304454144,,,NGC2360,109.60172480552148,-15.545197746059802,0.8279114,14.005417,0.1476670330774844,,,,,,,,,,,,False,False
3031364316681602688,,,NGC2360,109.50216603371308,-15.443413485781033,0.67934704,13.229933,0.0966715378789141,,,,,,,,,,,,False,False
3031365755495680000,,,NGC2360,109.55388330264176,-15.41679760319929,,,,,,,,,,,,,,,False,False
3031420804093163520,,,NGC2360,109.23688125485695,-15.254013352579635,0.88167477,14.327968,0.0495808658912165,,,,,,,,,,,,False,False
3031429703265178240,,,NGC2360,109.34800410959386,-15.104268349752394,1.2380486,15.808022,0.1795409949390911,,,,,,,,,,,,False,False
3031435510061008640,,,NGC2360,109.30324351717502,-15.117950306155208,0.9396868,14.729162,0.9870299308493582,,,,,,,,,,,,False,False
3030458937573642624,,,NGC2423,115.02287292480467,-13.732205390930176,0.6501145,12.808295,0.0868281896500431,,,,,,,,,,,,False,False
3030461102229185536,,,NGC2423,114.83462524414062,-13.749866485595703,2.5948081,17.934885,0.0097619820932351,,,,,,,,,,,,False,False
3030461651992517504,,,NGC2423,114.87429809570312,-13.707371711730955,0.5554216000000001,12.336955,0.0623222162768967,,,,,,,,,,,,False,False
3030464396471878528,,,NGC2423,114.88152313232422,-13.629434585571287,1.8479164,16.839005,-0.0200554597467962,,,,,,,,,,,,False,False
3030466354976281728,,,NGC2423,115.26980590820312,-13.793390274047852,1.7119288,16.504461,-0.0121219528981293,,,,,,,,,,,,False,False
3030220339249940224,,,NGC2423,113.84134674072266,-14.398300170898438,2.338411,17.936151,-0.0383546697436626,,,,,,,,,,,,False,False
3030220618430379136,,,NGC2423,113.90284729003906,-14.369417190551758,0.8921658000000001,14.10387,0.0462859687230632,,,,,,,,,,,,False,False
3030225119546698496,,,NGC2423,113.8349380493164,-14.287582397460938,2.1784494,18.712922,-0.1228518288320061,,,,,,,,,,,,False,False
3030228551232044672,,,NGC2423,114.09518432617188,-14.24715518951416,2.5870977,18.438722,-0.0440100390410294,,,,,,,,,,,,False,False
3030228688664966144,,,NGC2423,114.11256408691406,-14.223652839660645,2.0236764000000003,17.465627,-0.053731429665311,,,,,,,,,,,,False,False
3030229547658525696,,,NGC2423,114.1045913696289,-14.19619083404541,0.46671445,11.8380195,0.0335544712287617,91.14501,66.14427,0.7257036890993813,,,,,,,,,True,False
3030230578450482560,,,NGC2423,114.2420883178711,-14.17292022705078,2.6639339,17.8361055,0.0357580204796783,,,,,,,,,,,,False,False
3030230788903826176,,,NGC2423,114.19562530517578,-14.160595893859863,2.0429851,18.2700185,-0.1172596401173818,,,,,,,,,,,,False,False
3030230788912765952,,,NGC2423,114.19847869873048,-14.157011985778809,2.1202899,16.701876499999997,0.0944632794932183,,,,,,,,,,,,False,False
3030231029433956608,,,NGC2423,114.11530303955078,-14.197758674621582,1.1855198000000002,10.2065575,0.3113334901433723,10.391847,2.0696833,0.19916414281311107,,,,,,,,,True,False
3030232816137380352,,,NGC2423,114.04397583007812,-14.170483589172363,1.3905511,15.827983499999998,-0.0291099421590384,,,,,,,,,,,,False,False
3030234396685318528,,,NGC2423,114.10427856445312,-14.1452054977417,1.716147,16.3448705,0.0201623375214734,,,,,,,,,,,,False,False
3030235148297627264,,,NGC2423,114.09112548828124,-14.089478492736816,1.6630088000000005,16.415033499999996,-0.0151937603000235,,,,,,,,,,,,False,False
3030235388814040704,,,NGC2423,114.04508972167967,-14.107000350952148,0.49061473,11.367753,0.1344070525917763,71.273476,48.743896,0.683899519647393,,,,,,,,,True,True
3030236011592986752,,,NGC2423,114.08484649658205,-14.0658597946167,0.7632289600000001,12.512984499999998,1.0720778555301755,,,,,,,,,,,,False,False
3030236011592988672,,,NGC2423,114.0827178955078,-14.068350791931152,0.7109218300000001,12.935982499999998,0.3804185530960548,,,,,,,,,,,,False,False
3030236183382714112,,,NGC2423,114.0663604736328,-14.062847137451172,1.2066408,10.1152355,0.2857222882697857,10.120535,2.5075774,0.24777122948539776,,,,,,,,,True,False
3030236213449605760,,,NGC2423,114.07096862792967,-14.04593563079834,2.347384,17.9488035,-0.0379738138294042,,,,,,,,,,,,False,False
3030238760371950336,,,NGC2423,113.82829284667967,-14.217032432556152,1.8505148,16.423662500000002,0.0579115327541645,,,,,,,,,,,,False,False
3030244734663102464,,,NGC2423,113.74920654296876,-14.074898719787598,2.0555025,17.1590295,-0.0073576854901062,,,,,,,,,,,,False,False
3030246594392216192,,,NGC2423,113.88643646240234,-14.084181785583494,1.16746,15.1837505,-0.0269073536448162,,,,,,,,,,,,False,False
3030248071861159680,,,NGC2423,114.02474975585938,-14.038752555847168,0.7063776,10.5500795,0.1504842670971005,127.35976,17.655237,0.13862492360224296,,,,,,,,,True,False
3030248140580616832,,,NGC2423,114.06593322753906,-14.02162265777588,0.7936569,13.4958065,0.3264258363448138,,,,,,,,,,,,False,False
3030248209300094208,,,NGC2423,114.05386352539062,-14.01475715637207,0.9992586,14.4519885,0.0700632993617596,,,,,,,,,,,,False,False
3030248278019336064,,,NGC2423,114.01881408691406,-14.02285385131836,0.8736634999999999,13.9131465,0.1784951656020566,,,,,,,,,,,,False,False
3030248449818007680,,,NGC2423,114.0535888671875,-13.993759155273438,1.1790567,15.227901999999998,-0.0295452553277528,,,,,,,,,,,,False,False
3030248930854382080,,,NGC2423,113.93661499023438,-14.006437301635742,0.5758243000000001,12.1425115,0.2535596604973987,,,,,,,,,,,,False,False
3030249686768681728,,,NGC2423,113.82965087890624,-14.077507972717283,0.9125727,14.004197,0.233364178285838,,,,,,,,,,,,False,False
3030252057590563584,,,NGC2423,113.91185760498048,-13.973944664001465,1.8700064,16.898536999999997,-0.0221660364116931,,,,,,,,,,,,False,False
3030252298099073664,,,NGC2423,113.9178695678711,-13.957237243652346,2.33772,18.6894025,-0.0993299711660501,,,,,,,,,,,,False,False
3030252916583991552,,,NGC2423,113.94793701171876,-13.912664413452148,1.6322616,16.3633345,-0.0182904852637248,,,,,,,,,,,,False,False
3030253603778766848,,,NGC2423,113.91210174560548,-13.913514137268065,0.7421281999999999,12.769492,0.8009595515875813,,,,,,,,,,,,False,False
3030254153535765632,,,NGC2423,114.25208282470705,-14.143061637878418,0.60210717,12.4802685,0.1675888082480935,,,,,,,,,,,,False,False
3030254325334458112,,,NGC2423,114.24199676513672,-14.141557693481444,0.5030204,11.9740735,0.0820329287692929,,,,,,,,,,,,False,False
3030254703291542784,,,NGC2423,114.29906463623048,-14.103447914123535,0.7020793000000001,12.913892,0.339480430108055,,,,,,,,,,,,False,False
3030254875090295168,,,NGC2423,114.27886962890624,-14.109094619750977,0.7204157000000001,13.211695,0.1124820079612095,,,,,,,,,,,,False,False
3030254909449971840,,,NGC2423,114.29364776611328,-14.09477710723877,0.6852013,12.95198,0.1650215947958406,,,,,,,,,,,,False,False
3030255115608383616,,,NGC2423,114.30178833007812,-14.067837715148926,1.1742474,14.83379,0.1348973961723064,,,,,,,,,,,,False,False
3030255527925289600,,,NGC2423,114.19795989990234,-14.084839820861816,0.67161404,12.7357235,0.3342704642069066,,,,,,,,,,,,False,False
3030255631004495872,,,NGC2423,114.20692443847656,-14.075481414794922,0.91414295,13.5426235,1.2081444625940876,,,,,,,,,,,,False,False
3030255768437005312,,,NGC2423,114.24525451660156,-14.072166442871096,2.2937206000000003,18.7070325,-0.1065419472973266,,,,,,,,,,,,False,False
3030255768443436032,,,NGC2423,114.24886322021484,-14.07798957824707,0.9698118,14.4763965,-0.0096188288313851,,,,,,,,,,,,False,False
3030256245174830720,,,NGC2423,114.33729553222656,-14.08388328552246,1.2039019,15.3832525,-0.0518482433904348,,,,,,,,,,,,False,False
3030257039753639040,,,NGC2423,114.41389465332033,-13.99964427947998,0.77807964,13.489144,0.2064646579451698,,,,,,,,,,,,False,False
3030257280271822976,,,NGC2423,114.37458038330078,-13.997312545776367,0.5811287,12.454275,0.0779142097323212,,,,,,,,,,,,False,False
3030257623869269120,,,NGC2423,114.27125549316406,-14.025823593139648,1.6655208,16.8088575,-0.0736746567284001,,,,,,,,,,,,False,False
3030257692588740096,,,NGC2423,114.26646423339844,-14.013514518737791,1.5193542000000002,16.183089499999998,-0.0343315785099781,,,,,,,,,,,,False,False
3030257864387396096,,,NGC2423,114.30924987792967,-13.988357543945312,1.33631,14.951507,0.2754369315612199,,,,,,,,,,,,False,False
3030257898747270912,,,NGC2423,114.34886932373048,-14.008477210998535,1.2581877999999995,15.29163,0.0233123042842708,,,,,,,,,,,,False,False
3030257933106857088,,,NGC2423,114.363037109375,-14.000066757202148,0.46044587,11.199837,0.0794654376993439,66.67275,23.968088,0.35948851667285364,,,,,,,,,True,True
3030257963161804544,,,NGC2423,114.33059692382812,-13.99397087097168,1.5995402,16.337208,-0.0271848281078669,,,,,,,,,,,,False,False
3030257967466601344,,,NGC2423,114.33212280273438,-13.989737510681152,0.5849156000000001,12.22176,0.259615761139418,,,,,,,,,,,,False,False
3030257967466608640,,,NGC2423,114.33345794677734,-13.999259948730469,0.5321898300000001,11.373945,0.1988021613226164,181.80733,30.214354,0.16618886598246616,,,,,,,,,True,True
3030258070545792768,,,NGC2423,114.37519073486328,-13.978814125061035,1.6002431999999998,16.310895,-0.0221037332881043,,,,,,,,,,,,False,False
3030258276704239104,,,NGC2423,114.32564544677734,-13.973870277404783,0.7481904000000001,13.350985500000002,0.1630475214026895,,,,,,,,,,,,False,False
3030258311063964032,,,NGC2423,114.34872436523438,-13.966304779052734,0.9731513,14.4858815,-0.0079539278364387,,,,,,,,,,,,False,False
3030258375481082752,,,NGC2423,114.32958984375,-13.96054744720459,2.3544618,17.248081499999998,0.0565516976632596,,,,,,,,,,,,False,False
3030258375482975744,,,NGC2423,114.3324966430664,-13.956088066101074,2.5149909,18.3200195,-0.0447070358264808,,,,,,,,,,,,False,False
3030258448496729344,,,NGC2423,114.17019653320312,-14.08314037322998,0.48709595,11.4988265,0.1277147617814996,56.903965,25.067633,0.44052524283676897,,,,,,,,,True,True
3030258650358747648,,,NGC2423,114.19003295898438,-14.053061485290527,2.0655559,17.4487055,-0.0421582028179079,,,,,,,,,,,,False,False
3030258860819895552,,,NGC2423,114.16837310791016,-14.037433624267578,0.7255958,13.0709045,0.3437077333164853,,,,,,,,,,,,False,False
3030258895179630336,,,NGC2423,114.17904663085938,-14.038495063781738,1.2162151,14.57338,0.4092348982651945,,,,,,,,,,,,False,False
3030258929539373184,,,NGC2423,114.15721893310548,-14.033223152160645,0.8252603,13.0442395,1.186629225908429,,,,,,,,,,,,False,False
3030259960325090688,,,NGC2423,114.12442016601562,-13.998746871948242,0.4490257,11.2951135,0.0700539785931233,,,,,,,,,,,,False,True
3030260029050992512,,,NGC2423,114.11298370361328,-13.990960121154783,0.7128511000000001,12.991057499999998,0.3319500049098405,,,,,,,,,,,,False,False
3030260269569121152,,,NGC2423,114.20169067382812,-13.97805881500244,0.79928623,13.6387435,0.1322970118783796,,,,,,,,,,,,False,False
3030260544447018880,,,NGC2423,114.19055938720705,-13.95887279510498,0.79169594,13.476960500000002,0.3435145725240918,,,,,,,,,,,,False,False
3030260544447025920,,,NGC2423,114.18124389648438,-13.962409019470217,0.5522233,11.0078465,0.149280680955337,199.02383,54.926754,0.275980790842986,,,,,,,,,True,True
3030260647526240384,,,NGC2423,114.2539520263672,-14.00675106048584,0.5369121,12.0252795,0.1628707920731108,,,,,,,,,,,,False,False
3030261059843074176,,,NGC2423,114.25584411621094,-13.96951961517334,1.5822469,15.5737035,0.1750118500298993,,,,,,,,,,,,False,False
3030261197282012800,,,NGC2423,114.30029296875,-13.975733757019045,0.5575682000000001,12.290716,0.1095386229728063,,,,,,,,,,,,False,False
3030261231641737728,,,NGC2423,114.30976104736328,-13.961530685424805,1.081778,14.925394999999998,-0.0337157853832268,,,,,,,,,,,,False,False
3030261330418607360,,,NGC2423,114.3226089477539,-13.9515380859375,0.8187857999999999,13.7845175,0.0557188785733405,,,,,,,,,,,,False,False
3030261506519637760,,,NGC2423,114.28534698486328,-13.934842109680176,0.6599811,12.8529855,0.1007638650559545,,,,,,,,,,,,False,False
3030261609598838400,,,NGC2423,114.30292510986328,-13.924738883972168,0.51939427,10.0784335,-0.0716702321019259,115.05515,6.7872176,0.058990993449663055,,,,,,,,,True,False
3030261609598843136,,,NGC2423,114.2980499267578,-13.92890453338623,1.186333,10.1204225,0.27738564231355,13.9886465,2.747899,0.19643780404344338,,,,,,,,,True,False
3030261712678045568,,,NGC2423,114.29651641845705,-13.90852165222168,1.3053649,15.3257305,0.0533254448777364,,,,,,,,,,,,False,False
3030262021915757952,,,NGC2423,114.19451904296876,-13.943056106567385,2.5898632,18.5510665,-0.0531787215181338,,,,,,,,,,,,False,False
3030262056275490560,,,NGC2423,114.1990737915039,-13.938374519348145,1.0723756,14.7268405,0.0415558887977844,,,,,,,,,,,,False,False
3030262365513100800,,,NGC2423,114.24581909179688,-13.915565490722654,1.352872,8.6554855,-0.0203967013935972,,,,,,,,,,,,False,False
3030262365513104640,,,NGC2423,114.24485778808594,-13.922289848327637,0.7015983,13.0731995,0.1403031356013615,,,,,,,,,,,,False,False
3030262468592288768,,,NGC2423,114.28707122802734,-13.901713371276855,0.5200313000000001,10.9830155,0.1117413266845882,166.9102,58.21731,0.3487942019121659,,,,,,,,,True,True
3030262468592291072,,,NGC2423,114.28846740722656,-13.906670570373535,1.3773321,8.9482385,0.0272776633677527,8.074706,1.0078707,0.12481825344476936,,,,,,,,,True,False
3030262498649861248,,,NGC2423,114.26488494873048,-13.894278526306152,1.8159984,16.759002499999998,-0.0179023558487979,,,,,,,,,,,,False,False
3030262502952031616,,,NGC2423,114.27702331542967,-13.90165901184082,0.4983797999999999,10.7538045,0.0518710875700536,180.60832,33.554726,0.18578726605728907,,,,,,,,,True,True
3030262533011405824,,,NGC2423,114.2725067138672,-13.893831253051758,2.2960571000000005,17.696841499999998,-0.0205140238275444,,,,,,,,,,,,False,False
3030262739168080256,,,NGC2423,114.2744140625,-13.878949165344238,2.1391147,16.8799285,0.0633704763224072,,,,,,,,,,,,False,False
3030263087067547392,,,NGC2423,114.45304107666016,-13.965270042419435,1.0145084,14.6487465,-0.0150442562428189,,,,,,,,,,,,False,False
3030263258866243968,,,NGC2423,114.43421936035156,-13.95964241027832,1.6334850000000003,16.3809005,-0.0209738224910556,,,,,,,,,,,,False,False
3030263671183086080,,,NGC2423,114.4572982788086,-13.947378158569336,0.7218304999999999,13.1178405,0.2545500029112249,,,,,,,,,,,,False,False
3030264117859693056,,,NGC2423,114.42788696289062,-13.94131565093994,0.7711358,13.448178,0.2147187943887614,,,,,,,,,,,,False,False
3030264289658416256,,,NGC2423,114.36237335205078,-13.939672470092772,0.5342146,11.17954,0.1689628302365728,186.66692,65.50936,0.35094252372086066,,,,,,,,,True,True
3030264319713720448,,,NGC2423,114.37001037597656,-13.926079750061035,0.45019878,11.541205,0.0590943143215887,101.04687,49.683815,0.491690786661675,,,,,,,,,True,True
3030264324018143488,,,NGC2423,114.36908721923828,-13.93293571472168,1.1770684,10.1756185,0.2943544469962731,,,,,,,,,,,,False,False
3030264392737808896,,,NGC2423,114.4056625366211,-13.918394088745115,0.4621618,10.698738,0.0156365148542911,,,,,,,,,,,,False,True
3030264530176524672,,,NGC2423,114.44891357421876,-13.91771411895752,1.4600589000000002,15.992328,-0.0259144924363474,,,,,,,,,,,,False,False
3030264594591116800,,,NGC2423,114.4308090209961,-13.913965225219728,0.5279090599999999,11.857556,0.1731005126052057,,,,,,,,,,,,False,False
3030264805054668800,,,NGC2423,114.41787719726562,-13.904441833496096,0.5933073,12.400166,0.1917764224661108,,,,,,,,,,,,False,False
3030264839414187648,,,NGC2423,114.39176177978516,-13.901759147644045,1.1110269000000002,15.0964595,-0.0579454618147467,,,,,,,,,,,,False,False
3030264388432687104,,,NGC2423,114.40045928955078,-13.91681957244873,0.7339083999999999,13.234514,0.2048845606890694,,,,,,,,,,,,False,False
3030265079932570240,,,NGC2423,114.53330993652344,-13.910897254943848,0.6691408999999999,12.7412215,0.310141211370141,,,,,,,,,,,,False,False
3030265114292046848,,,NGC2423,114.5091781616211,-13.916227340698242,1.1194812,15.0470445,-0.0322445896786369,,,,,,,,,,,,False,False
3030265419224835968,,,NGC2423,114.50861358642578,-13.889543533325195,0.48258446,11.79437,0.0808272035474376,85.15,47.901047,0.5625489958896065,,,,,,,,,True,True
3030265457889407488,,,NGC2423,114.52303314208984,-13.89280605316162,1.4025197,15.894147,-0.0365829772336353,,,,,,,,,,,,False,False
3030265698407536128,,,NGC2423,114.56819915771484,-13.865257263183596,0.6561801599999999,12.79633,0.1470125005740767,,,,,,,,,,,,False,False
3030265797182235648,,,NGC2423,114.5748519897461,-13.869166374206545,1.9414508,17.173522,-0.0395921949423554,,,,,,,,,,,,False,False
3030266175139079936,,,NGC2423,114.4897003173828,-13.887489318847654,0.548847,11.659727,0.2337699524785291,,,,,,,,,,,,False,True
3030266419962097152,,,NGC2423,114.4518814086914,-13.869205474853516,0.979951,14.4727915,0.0143401165158282,,,,,,,,,,,,False,False
3030266626120496640,,,NGC2423,114.47409057617188,-13.839995384216309,0.6294223,12.5074235,0.2982682959466409,,,,,,,,,,,,False,False
3030267244595909760,,,NGC2423,114.3553466796875,-13.92823886871338,0.6470123600000001,10.525587,0.10515287835528,159.62529,4.801536,0.03008004558676134,,,,,,,,,True,True
3030267244595917952,,,NGC2423,114.34365844726562,-13.930944442749023,1.0977482999999997,15.027869,-0.0506733725213799,,,,,,,,,,,,False,False
3030267485114046464,,,NGC2423,114.36035919189452,-13.888829231262209,1.0050731,14.632191,-0.023525806577108,,,,,,,,,,,,False,False
3030267515171656832,,,NGC2423,114.32369232177734,-13.902718544006348,1.3374524,15.780932000000002,-0.0507302687379,,,,,,,,,,,,False,False
3030267588195758208,,,NGC2423,114.31725311279295,-13.90386199951172,0.65981816,10.412237,0.0829364151489861,119.38639,12.774025,0.10699733026520024,,,,,,,,,True,False
3030267691272477696,,,NGC2423,114.35054779052734,-13.883865356445312,0.8864451499999999,14.0432315,0.0834141193695988,,,,,,,,,,,,False,False
3030267759991954304,,,NGC2423,114.34326934814452,-13.87869644165039,1.0350524,14.7468285,-0.026895882281334,,,,,,,,,,,,False,False
3030267794351675392,,,NGC2423,114.39573669433594,-13.891212463378904,1.5740415,16.2127385,-0.0149473691247784,,,,,,,,,,,,False,False
3030267828711407488,,,NGC2423,114.39012908935548,-13.88074779510498,0.96035395,14.4721235,-0.0275576851306288,,,,,,,,,,,,False,False
3030267828711409280,,,NGC2423,114.3963851928711,-13.886147499084473,1.1189357,15.1033495,-0.0515557429931016,,,,,,,,,,,,False,False
3030267927486010880,,,NGC2423,114.41702270507812,-13.87463665008545,2.3456765,17.4511275,0.0224305254895793,,,,,,,,,,,,False,False
3030267927488598528,,,NGC2423,114.41178131103516,-13.872215270996096,2.4585762999999994,17.990977499999996,-0.0218886654802624,,,,,,,,,,,,False,False
3030268103589300224,,,NGC2423,114.38517761230467,-13.861061096191404,1.9404365,16.983687500000002,-0.0138207329653302,,,,,,,,,,,,False,False
3030268137949052416,,,NGC2423,114.36198425292967,-13.862786293029783,1.4196826,15.9672465,-0.0421899952624978,,,,,,,,,,,,False,False
3030268442884691584,,,NGC2423,114.3049774169922,-13.865553855895994,2.0456703,17.236411,-0.0206414310519736,,,,,,,,,,,,False,False
3030268447186737280,,,NGC2423,114.30276489257812,-13.877395629882812,1.0889543,14.9594785,-0.0373123053864464,,,,,,,,,,,,False,False
3030268481546462848,,,NGC2423,114.32158660888672,-13.870806694030762,1.1878606000000005,15.2108445,-0.0155747461571069,,,,,,,,,,,,False,False
3030268515906186496,,,NGC2423,114.335205078125,-13.859710693359377,2.4646824,17.532657999999998,0.0374827131017071,,,,,,,,,,,,False,False
3030268653345162368,,,NGC2423,114.28379821777344,-13.85893440246582,1.1863311,15.238648499999998,-0.0259474253633326,,,,,,,,,,,,False,False
3030268722064641024,,,NGC2423,114.27627563476562,-13.856192588806152,0.58811985,12.365171,0.1932605499560049,,,,,,,,,,,,False,False
3030268855199165824,,,NGC2423,114.30036926269533,-13.834587097167969,0.5437807,12.1503015,0.1397152698191212,,,,,,,,,,,,False,False
3030268859503564032,,,NGC2423,114.30231475830078,-13.831953048706056,0.7290433500000001,13.2013645,0.2070385740598167,,,,,,,,,,,,False,False
3030268958278382976,,,NGC2423,114.34037017822266,-13.84167194366455,0.6781484,11.9965075,0.5710065849587401,,,,,,,,,,,,False,False
3030268962582774528,,,NGC2423,114.33794403076172,-13.848837852478027,1.8749105,16.9484575,-0.0279508359588444,,,,,,,,,,,,False,False
3030268996942750336,,,NGC2423,114.34668731689452,-13.828993797302244,1.3800126,15.1521025,0.2024452385201966,,,,,,,,,,,,False,False
3030269065661949952,,,NGC2423,114.37683868408205,-13.81964874267578,0.8602991999999999,13.9245125,0.1015587034327492,,,,,,,,,,,,False,False
3030269100021693696,,,NGC2423,114.36198425292967,-13.818835258483888,0.49302398,10.6435175,0.0283268433071394,36.295403,5.729896,0.1578683669664723,,,,,,,,,True,True
3030269168741204096,,,NGC2423,114.32184600830078,-13.83824634552002,0.5418898999999999,11.411305,0.2176634173429469,,,,,,,,,,,,False,True
3030269203100923264,,,NGC2423,114.33772277832033,-13.824146270751951,2.1672994,16.9130565,0.0655286867519731,,,,,,,,,,,,False,False
3030269443619073920,,,NGC2423,114.42996978759766,-13.856141090393065,0.46455203,10.9319715,0.0504003248575558,66.51876,10.316859,0.15509698316685397,,,,,,,,,True,True
3030269477978794496,,,NGC2423,114.44497680664062,-13.840603828430176,1.6382886,16.440467499999997,-0.0294836165737115,,,,,,,,,,,,False,False
3030269649777478016,,,NGC2423,114.44417572021484,-13.829004287719728,1.2116662,9.7166885,0.1497074874817484,,,,,,,,,,,,False,False
3030270096454041088,,,NGC2423,114.4679183959961,-13.79407787322998,1.5205575,15.578745499999998,0.1289196875985098,,,,,,,,,,,,False,False
3030270199533233920,,,NGC2423,114.48518371582033,-13.778961181640623,0.6634836999999999,12.7680505,0.2364499038165531,,,,,,,,,,,,False,False
3030270336972211840,,,NGC2423,114.4477310180664,-13.783902168273926,0.67274295,12.2639525,0.602823592400722,,,,,,,,,,,,False,False
3030270440051391616,,,NGC2423,114.49317932128906,-13.766454696655272,0.5667913,12.382762,0.0746030052606802,,,,,,,,,,,,False,False
3030270577490414592,,,NGC2423,114.3990249633789,-13.80184555053711,1.6583091,16.559954500000003,-0.0413653931927813,,,,,,,,,,,,False,False
3030270818002581888,,,NGC2423,114.37064361572266,-13.792891502380373,1.3879821,15.244193,0.1631374811061652,,,,,,,,,,,,False,False
3030271745721786368,,,NGC2423,114.07582092285156,-13.985896110534668,2.0360342,16.484200499999996,0.1159583348112465,,,,,,,,,,,,False,False
3030272020599340544,,,NGC2423,114.05503845214844,-13.969511985778809,0.97500283,14.4138585,0.0411148307694667,,,,,,,,,,,,False,False
3030272153736173568,,,NGC2423,114.08199310302734,-13.955138206481935,2.332155,18.000521,-0.0459375823880962,,,,,,,,,,,,False,False
3030272806569102720,,,NGC2423,114.03150177001952,-13.96053695678711,0.4682017599999999,11.4173425,0.0997887480650221,14.413335,11.868415,0.8234329528870314,,,,,,,,,True,True
3030273188830428160,,,NGC2423,114.05028533935548,-13.91653537750244,1.1139515000000002,14.970655000000002,-0.0106487170008339,,,,,,,,,,,,False,False
3030273253247930624,,,NGC2423,114.03390502929688,-13.905987739562988,1.6944025,16.473706,-0.013379169614928,,,,,,,,,,,,False,False
3030273738586219904,,,NGC2423,114.09261322021484,-13.88381576538086,0.7534928000000001,13.3250445,0.2534992173780446,,,,,,,,,,,,False,False
3030273876025484544,,,NGC2423,114.185546875,-13.92414665222168,0.7067541,13.069469000000002,0.1882616328242631,,,,,,,,,,,,False,False
3030274146601164160,,,NGC2423,114.15744018554688,-13.894339561462402,2.2867888,17.270295,0.0357211161348505,,,,,,,,,,,,False,False
3030274219622863104,,,NGC2423,114.14134216308594,-13.888323783874512,1.0120063,14.628082499999998,-0.0091350116564617,,,,,,,,,,,,False,False
3030274288342318080,,,NGC2423,114.18285369873048,-13.883195877075195,0.6316784,12.639475,0.1756990692910036,,,,,,,,,,,,False,False
3030274391421521536,,,NGC2423,114.22452545166016,-13.890689849853516,0.7589544,13.506172500000002,0.0192211824220804,,,,,,,,,,,,False,False
3030274455836531200,,,NGC2423,114.20344543457033,-13.889047622680664,0.54365574,12.0028305,0.1880538245748175,,,,,,,,,,,,False,False
3030274558918129408,,,NGC2423,114.25355529785156,-13.862964630126951,2.0414375,17.114251499999998,-0.0046484117645596,,,,,,,,,,,,False,False
3030274735018908032,,,NGC2423,114.18021392822266,-13.86650562286377,0.49796374,11.788827500000002,0.1159247953370596,165.5494,30.346268,0.18330642092330143,,,,,,,,,True,True
3030274769378635648,,,NGC2423,114.18502044677734,-13.85433292388916,0.47136067,11.402772,0.1050833754176941,11.9442625,8.891067,0.7443797388076492,,,,,,,,,True,True
3030275216054960640,,,NGC2423,114.11026763916016,-13.868820190429688,0.4531816999999999,11.2911655,0.0757979054160897,29.711575,13.804378,0.4646127982107983,,,,,,,,,True,True
3030275967667555072,,,NGC2423,114.15934753417967,-13.813258171081545,2.088991,17.300124,-0.0181691621218889,,,,,,,,,,,,False,False
3030275971969172864,,,NGC2423,114.16570281982422,-13.802029609680176,1.0335784,14.779974,-0.0432838146254787,,,,,,,,,,,,False,False
3030276006328908928,,,NGC2423,114.17072296142578,-13.796866416931152,0.8756814,14.114819,-0.0214763005460428,,,,,,,,,,,,False,False
3030276109408206976,,,NGC2423,113.97573852539062,-13.92080307006836,0.6060041,12.3337505,0.2972279513044188,,,,,,,,,,,,False,False
3030276659163993856,,,NGC2423,114.03543853759766,-13.88201904296875,1.4790827,16.0575965,-0.0294909763543609,,,,,,,,,,,,False,False
3030276659163998208,,,NGC2423,114.0272216796875,-13.88884449005127,0.48849828,11.1832255,0.1128064129551016,127.81008,33.048527,0.25857527825661325,,,,,,,,,True,True
3030276934041900672,,,NGC2423,113.99847412109376,-13.8585844039917,0.6354091999999999,12.541024,0.3035706526328981,,,,,,,,,,,,False,False
3030278579007633152,,,NGC2423,114.0419464111328,-13.823229789733888,1.7875193000000005,16.68612,-0.0157454611560264,,,,,,,,,,,,False,False
3030278823827463936,,,NGC2423,114.1417007446289,-13.80751895904541,0.4487846599999999,10.985504,0.0422208370540942,78.12003,22.509466,0.28813949508211917,,,,,,,,,True,True
3030278991324617344,,,NGC2423,114.13175201416016,-13.789192199707031,1.6310995,16.25777,0.0015769079207472,,,,,,,,,,,,False,False
3030279304863789184,,,NGC2423,114.12303161621094,-13.757560729980469,0.85166533,13.922231,0.0637893780860475,,,,,,,,,,,,False,False
3030279438001208832,,,NGC2423,114.0402603149414,-13.789942741394045,2.0248965,17.075093,-0.0034019868048264,,,,,,,,,,,,False,False
3030280095138047872,,,NGC2423,114.09498596191406,-13.752362251281738,0.47823484,10.9863755,0.0712990797360283,105.91104,23.410482,0.22103910980385047,,,,,,,,,True,True
3030280434430999424,,,NGC2423,114.25091552734376,-13.850600242614744,0.5383228000000001,10.8253175,0.0968119126160678,,,,,,,,,,,,False,True
3030280473095153920,,,NGC2423,114.2761001586914,-13.843815803527832,0.44161068,11.5219355,0.0464900705092944,120.79833,51.961838,0.4301536122229504,,,,,,,,,True,True
3030280473095160192,,,NGC2423,114.26885986328124,-13.848114013671877,0.5926116600000001,11.8344655,0.3262618935886178,24.405111,75.812614,3.1064236503575007,,,,,,,,,True,False
3030280679253552000,,,NGC2423,114.28057098388672,-13.805424690246582,0.5930675,12.4799225,0.1172754511976509,,,,,,,,,,,,False,False
3030280679253558656,,,NGC2423,114.2856903076172,-13.816790580749512,1.1816766,9.844846,0.1768845116172919,7.1484284,3.4713883,0.4856155934918506,,,,,,,,,True,False
3030280747973057024,,,NGC2423,114.25617218017578,-13.824010848999023,0.8480749999999999,13.920257500000002,0.0491247707203608,,,,,,,,,,,,False,False
3030280782333014144,,,NGC2423,114.22399139404295,-13.83049774169922,0.7676690700000001,13.4855095,0.1240624428595772,,,,,,,,,,,,False,False
3030280885411983104,,,NGC2423,114.2770004272461,-13.804609298706056,0.56750904,10.7571065,0.1057840572575646,166.10939,5.9374504,0.03574421891501739,,,,,,,,,True,True
3030280954131465088,,,NGC2423,114.26093292236328,-13.80099868774414,0.7241529,13.2334285,0.1152948974034212,,,,,,,,,,,,False,False
3030280988491186432,,,NGC2423,114.30266571044922,-13.80644702911377,0.63091885,12.7050105,0.0877870441011422,,,,,,,,,,,,False,False
3030281091570396544,,,NGC2423,114.30107879638672,-13.798596382141112,1.9492557,17.839406,-0.1039525245257236,,,,,,,,,,,,False,False
3030281125930120192,,,NGC2423,114.32210540771484,-13.790505409240724,1.0817522000000002,14.903276000000002,-0.0252184132242861,,,,,,,,,,,,False,False
3030281229009326208,,,NGC2423,114.3146743774414,-13.774224281311035,0.40612198,11.167908,0.0098958986348763,,,,,,,,,,,,False,True
3030281263369095296,,,NGC2423,114.28309631347656,-13.797513008117676,0.6674954999999999,12.925704,0.0634185436158671,,,,,,,,,,,,False,False
3030281503887221760,,,NGC2423,114.302490234375,-13.748711585998535,1.15923,10.172536999999998,0.2837216910839377,9.375541,2.296135,0.24490693390386753,,,,,,,,,True,False
3030281572606770944,,,NGC2423,114.2246551513672,-13.795221328735352,0.5002989600000001,11.90087,0.0967432213817996,,,,,,,,,,,,False,False
3030281572606779520,,,NGC2423,114.22898864746094,-13.810195922851562,1.2607692,15.5159395,-0.0411197623384827,,,,,,,,,,,,False,False
3030281641326247424,,,NGC2423,114.2212371826172,-13.79302215576172,0.9507899,14.385502,0.0024712746559623,,,,,,,,,,,,False,False
3030281710039653632,,,NGC2423,114.25387573242188,-13.784442901611328,2.1955341000000006,17.6939405,-0.0410352394981325,,,,,,,,,,,,False,False
3030281710048208896,,,NGC2423,114.24284362792967,-13.780742645263672,0.988356,14.5681395,-0.0221572763946907,,,,,,,,,,,,False,False
3030281778765180416,,,NGC2423,114.23968505859376,-13.780973434448242,0.7788566,13.5855825,0.0612264369847893,,,,,,,,,,,,False,False
3030282122362543488,,,NGC2423,114.25997161865234,-13.767618179321287,0.8891962,13.383373999999998,1.4118530754897674,,,,,,,,,,,,False,False
3030282156722280704,,,NGC2423,114.25111389160156,-13.760563850402832,1.1698187,9.784039,0.1528658394624631,11.00643,2.5896368,0.2352839930840427,,,,,,,,,True,False
3030282191082013824,,,NGC2423,114.25980377197266,-13.757962226867676,0.48455407,10.615989999999998,0.0174321092695819,67.73685,16.13503,0.23820165832925505,,,,,,,,,True,False
3030282225441746048,,,NGC2423,114.27384185791016,-13.757373809814451,0.68450333,13.044628,0.0382087682048595,,,,,,,,,,,,False,False
3030282702178014976,,,NGC2423,114.34158325195312,-13.766584396362305,2.111676,17.579448,-0.0464527882229398,,,,,,,,,,,,False,False
3030282843916986624,,,NGC2423,114.36070251464844,-13.742732048034668,0.8477491,13.959885500000002,0.0064181548744147,,,,,,,,,,,,False,False
3030282977054445824,,,NGC2423,114.31787872314452,-13.74201202392578,1.3011287,15.5732095,-0.0261579394148547,,,,,,,,,,,,False,False
3030283015715693568,,,NGC2423,114.3272476196289,-13.740734100341797,0.7478659999999999,13.460856,-0.0086454786852239,,,,,,,,,,,,False,False
3030283050075415296,,,NGC2423,114.35104370117188,-13.734832763671877,1.1726059999999998,15.24462,-0.0407882163554191,,,,,,,,,,,,False,False
3030283080133709824,,,NGC2423,114.36173248291016,-13.726571083068848,1.9482894,17.087616,-0.0264146675497444,,,,,,,,,,,,False,False
3030283187514347136,,,NGC2423,114.38765716552734,-13.729400634765623,1.168686,14.7661595,0.1684898697356253,,,,,,,,,,,,False,False
3030283599831187840,,,NGC2423,114.3897933959961,-13.70655632019043,0.946409,14.422845999999998,-0.0306448744670203,,,,,,,,,,,,False,False
3030283943428612352,,,NGC2423,114.30989837646484,-13.708491325378418,1.4196161,15.2249895,0.2029818820477152,,,,,,,,,,,,False,False
3030284110925942272,,,NGC2423,114.28278350830078,-13.69993019104004,2.1354239,17.4641815,-0.0278515775469447,,,,,,,,,,,,False,False
3030284385809140224,,,NGC2423,114.3416976928711,-13.68124771118164,1.4668201,16.0032915,-0.024663708790843,,,,,,,,,,,,False,False
3030284454523428864,,,NGC2423,114.37798309326172,-13.669018745422363,2.3597909,18.0752875,-0.0481644043973247,,,,,,,,,,,,False,False
3030285008580338432,,,NGC2423,114.20470428466795,-13.746743202209473,0.4683785299999999,10.968873,0.0591204801293368,,,,,,,,,,,,False,True
3030285214738780416,,,NGC2423,114.14461517333984,-13.743690490722654,1.6760138000000002,16.414934999999996,-0.0099702969914856,,,,,,,,,,,,False,False
3030285313516671232,,,NGC2423,114.15882873535156,-13.734280586242676,1.8184889,16.75917,-0.0171112191822819,,,,,,,,,,,,False,False
3030285661407635328,,,NGC2423,114.1967544555664,-13.720515251159668,2.4750465,18.3813795,-0.0564047128642821,,,,,,,,,,,,False,False
3030286138150456960,,,NGC2423,114.13947296142578,-13.714004516601562,2.0501383,17.241324999999996,-0.0201534987979045,,,,,,,,,,,,False,False
3030286142451704832,,,NGC2423,114.13934326171876,-13.70613956451416,1.0657481000000002,14.694229,0.0482710994111441,,,,,,,,,,,,False,False
3030286314250402176,,,NGC2423,114.1018295288086,-13.699170112609863,2.2709292000000003,17.939618,-0.0513138160846727,,,,,,,,,,,,False,False
3030286417329613184,,,NGC2423,114.11656951904295,-13.695762634277346,1.2042187,15.2470965,-0.011689892081758,,,,,,,,,,,,False,False
3030286932725669376,,,NGC2423,114.17603302001952,-13.653544425964355,0.99135376,14.597035,-0.0311275756289997,,,,,,,,,,,,False,False
3030287138884091136,,,NGC2423,114.25787353515624,-13.671003341674805,1.5072118,16.112927499999998,-0.0266156813767502,,,,,,,,,,,,False,False
3030287138884092288,,,NGC2423,114.2614517211914,-13.676066398620604,1.4654361,15.3059995,0.2039980499212554,,,,,,,,,,,,False,False
3030287241963302528,,,NGC2423,114.26556396484376,-13.663314819335938,0.8898841,14.150808,-0.0016985966110171,,,,,,,,,,,,False,False
3030287345042524160,,,NGC2423,114.24400329589844,-13.670465469360352,1.4981403999999998,16.079270499999996,-0.0243398246794705,,,,,,,,,,,,False,False
3030287654280319232,,,NGC2423,114.29682159423828,-13.653587341308596,1.5297012,15.450534,0.1890621424323699,,,,,,,,,,,,False,False
3030287929158064256,,,NGC2423,114.26947021484376,-13.636343002319336,1.0848876000000005,15.0735885,-0.0796737562525225,,,,,,,,,,,,False,False
3030288478914087040,,,NGC2423,114.17301940917967,-13.63394546508789,1.9114667,16.9986845,-0.0244022634544173,,,,,,,,,,,,False,False
3030288581993093760,,,NGC2423,114.22462463378906,-13.609785079956056,0.53973955,12.198553,0.0998003782941778,,,,,,,,,,,,False,False
3030288616352834560,,,NGC2423,114.20614624023438,-13.61188793182373,1.0973861,15.058814000000002,-0.0611745446334527,,,,,,,,,,,,False,False
3030288616352835328,,,NGC2423,114.20199584960938,-13.613911628723145,0.98462935,13.604257000000002,1.561512656899564,,,,,,,,,,,,False,False
3030288753791782144,,,NGC2423,114.24613189697266,-13.608080863952637,1.4375602,15.9574235,-0.0305879564837179,,,,,,,,,,,,False,False
3030300642262421632,,,NGC2423,113.81475067138672,-13.88884735107422,2.3531512,17.827872,-0.0239705925120171,,,,,,,,,,,,False,False
3030302390306409088,,,NGC2423,113.8216552734375,-13.794886589050291,1.9072817,17.167621999999998,-0.047906470561165,,,,,,,,,,,,False,False
3030302940060318336,,,NGC2423,113.64154052734376,-13.87364673614502,1.8553007,16.994967,-0.0401336702292682,,,,,,,,,,,,False,False
3030303425401237760,,,NGC2423,113.6986846923828,-13.83583927154541,1.1314238,15.010230000000002,-0.0049187518812965,,,,,,,,,,,,False,False
3030304662351808896,,,NGC2423,113.74486541748048,-13.840858459472654,1.2410181000000002,14.964976000000002,0.1485635125544731,,,,,,,,,,,,False,False
3030308987377070720,,,NGC2423,113.38213348388672,-13.878211975097654,2.4833544,18.309783,-0.0488695388076775,,,,,,,,,,,,False,False
3030313282341727232,,,NGC2423,113.2927017211914,-13.81798267364502,2.2663954,16.99577,0.0787255418960212,,,,,,,,,,,,False,False
3030316928778114944,,,NGC2423,113.5294189453125,-13.783485412597654,1.0058554,14.627599000000002,-0.019874447620827,,,,,,,,,,,,False,False
3030324831519083648,,,NGC2423,113.9117660522461,-13.81523323059082,1.1358879,15.063844,-0.0196370901538426,,,,,,,,,,,,False,False
3030324964657938176,,,NGC2423,113.95745849609376,-13.812965393066404,2.1443232,17.404193,-0.0182899162799335,,,,,,,,,,,,False,False
3030325067733740288,,,NGC2423,113.9410629272461,-13.794252395629885,1.9852465,17.053259999999998,-0.0112537164502907,,,,,,,,,,,,False,False
3030325312555398400,,,NGC2423,113.91678619384766,-13.7774658203125,0.9962948,14.433246,0.0765641555380238,,,,,,,,,,,,False,False
3030325724872274944,,,NGC2423,113.87152099609376,-13.778968811035154,2.5297468,17.654449999999997,0.0338689572319422,,,,,,,,,,,,False,False
3030326270324762240,,,NGC2423,113.91769409179688,-13.743644714355469,2.1965426,17.563919,-0.0260851142685209,,,,,,,,,,,,False,False
3030326549505963776,,,NGC2423,113.89852142333984,-13.730877876281738,0.7546128,13.271364,0.3458102310934577,,,,,,,,,,,,False,False
3030326652585159424,,,NGC2423,114.01045989990234,-13.769257545471191,0.85898097,13.812344,0.2442852383243926,,,,,,,,,,,,False,False
3030326686944905344,,,NGC2423,113.98857879638672,-13.768036842346191,0.9369009,14.219066,0.0902718480807809,,,,,,,,,,,,False,False
3030327099261748352,,,NGC2423,113.97850036621094,-13.728019714355469,1.3823813,15.848555,-0.03840173335823,,,,,,,,,,,,False,False
3030327202340943360,,,NGC2423,114.04877471923828,-13.729900360107422,0.95422923,14.28668,0.0830978283956395,,,,,,,,,,,,False,False
3030327374139625344,,,NGC2423,114.04854583740234,-13.707103729248049,0.95345294,14.31964,0.0551280987030087,,,,,,,,,,,,False,False
3030327649018093952,,,NGC2423,114.03030395507812,-13.693880081176758,1.0914792,14.944786,-0.0286915125647206,,,,,,,,,,,,False,False
3030328130053894656,,,NGC2423,113.95187377929688,-13.69921588897705,1.0223006,14.502262000000002,0.084962179553954,,,,,,,,,,,,False,False
3030330840172462976,,,NGC2423,113.79698944091795,-13.659348487854006,2.1218685,17.6471055,-0.0514964856417977,,,,,,,,,,,,False,False
3030332596819869056,,,NGC2423,113.84835815429688,-13.607266426086426,0.8495149,13.795473,0.2164486211281342,,,,,,,,,,,,False,False
3030332699899062144,,,NGC2423,113.92091369628906,-13.60976791381836,1.1506681,15.056479,-0.0003204916733893,,,,,,,,,,,,False,False
3030333245351831168,,,NGC2423,114.09246063232422,-13.69051456451416,2.2765902,17.228074999999997,0.0399398286013812,,,,,,,,,,,,False,False
3030333387093794432,,,NGC2423,114.11827850341795,-13.674203872680664,1.7445682,16.0930835,0.0938707347361688,,,,,,,,,,,,False,False
3030333833770379648,,,NGC2423,114.1171875,-13.648689270019531,0.98701773,14.5380885,-0.0087639773783776,,,,,,,,,,,,False,False
3030334757180537984,,,NGC2423,114.04093933105467,-13.614554405212402,2.2092969,17.890689,-0.0582486430865262,,,,,,,,,,,,False,False
3030335070720933760,,,NGC2423,114.09822082519533,-13.596505165100098,0.7728221000000001,13.428334,0.2629691326262256,,,,,,,,,,,,False,False
3030336509527280000,,,NGC2423,114.13470458984376,-13.583528518676758,2.189993,17.5070275,-0.020658245010168,,,,,,,,,,,,False,False
3030336990559091968,,,NGC2423,114.11260986328124,-13.532012939453123,0.4325781999999999,11.4335025,0.0412164555172783,26.43559,21.912628,0.8289063342259432,,,,,,,,,True,True
3030337196717733632,,,NGC2423,114.19940185546876,-13.524681091308596,2.3123083,17.803046000000002,-0.0292636096848437,,,,,,,,,,,,False,False
3030337235384358016,,,NGC2423,114.19973754882812,-13.517264366149902,1.3991289000000002,15.8815585,-0.0358309405418892,,,,,,,,,,,,False,False
3030338575414234112,,,NGC2423,114.03800201416016,-13.53588581085205,1.5804777,16.246073,-0.0185268057017543,,,,,,,,,,,,False,False
3030338747212982528,,,NGC2423,113.9615478515625,-13.580034255981444,0.63114923,10.974471,0.21780513822761,178.43834,27.734104,0.15542682138827338,,,,,,,,,True,True
3030339090810358400,,,NGC2423,113.93456268310548,-13.549090385437012,1.0029544,14.515497500000002,0.0364976266509019,,,,,,,,,,,,False,False
3030339228249287936,,,NGC2423,113.95236206054688,-13.519813537597654,0.6026735,12.426016,0.219029546905898,,,,,,,,,,,,False,False
3030339636259181440,,,NGC2423,113.9678955078125,-13.51222324371338,2.5969514000000005,17.708529000000002,0.0401686549815277,,,,,,,,,,,,False,False
3030339881084283904,,,NGC2423,114.06454467773438,-13.538825035095217,0.9293222,14.216159,0.0697997678742499,,,,,,,,,,,,False,False
3030340048576060288,,,NGC2423,114.09679412841795,-13.505535125732422,2.2932035,17.180521499999998,0.0522428007180337,,,,,,,,,,,,False,False
3030341079368264960,,,NGC2423,114.08091735839844,-13.478657722473145,1.4654121,15.93074,-0.0096438841591772,,,,,,,,,,,,False,False
3030344141691694464,,,NGC2423,113.71744537353516,-13.570839881896973,1.519983,16.122957000000003,-0.0224382912377992,,,,,,,,,,,,False,False
3030345653520169728,,,NGC2423,113.74333953857422,-13.56055736541748,0.6630065,12.578913,0.4387590010826773,,,,,,,,,,,,False,False
3030641284705211520,,,NGC2423,114.6199951171875,-13.819899559020994,1.4433181000000002,16.022469,-0.0407229007172194,,,,,,,,,,,,False,False
3030641589644700800,,,NGC2423,114.61229705810548,-13.796945571899414,2.250243,17.647191,-0.0243086624555117,,,,,,,,,,,,False,False
3030641765741500800,,,NGC2423,114.67701721191406,-13.790285110473633,1.1812589000000002,10.095682,0.2652408327519132,8.447288,2.9288683,0.34672291272654604,,,,,,,,,True,False
3030347371507094272,,,NGC2423,113.68971252441406,-13.539802551269531,1.6753479999999998,16.380637,-0.0038167663897108,,,,,,,,,,,,False,False
3030642929674648576,,,NGC2423,114.6178970336914,-13.747394561767578,2.6211682,18.4140475,-0.0365498910335395,,,,,,,,,,,,False,False
3030643071411570944,,,NGC2423,114.57294464111328,-13.74128246307373,0.6381166,10.821246,0.177914316026201,,,,,,,,,,,,False,True
3030644136563353984,,,NGC2423,114.7302474975586,-13.70420265197754,1.2349778,15.4010425,-0.0308514401645058,,,,,,,,,,,,False,False
3030348672876523904,,,NGC2423,113.71859741210938,-13.543384552001951,2.2692441,18.308562,-0.0832343704237789,,,,,,,,,,,,False,False
3030644583239992832,,,NGC2423,114.65874481201172,-13.710372924804688,1.47917,15.9702925,-0.0110540235370122,,,,,,,,,,,,False,False
3030645197417203328,,,NGC2423,114.67619323730467,-13.679200172424316,0.5571204,10.9501885,0.1401589563814672,110.96798,22.017555,0.1984135874150363,,,,,,,,,True,True
3030645850252658176,,,NGC2423,114.49267578125,-13.734612464904783,2.5638442,18.609871,-0.0616846031385109,,,,,,,,,,,,False,False
3030645888910142464,,,NGC2423,114.5172119140625,-13.737015724182127,0.47670723,11.496355,0.1100115479763011,155.12897,48.661022,0.313681074527859,,,,,,,,,True,True
3030645923269863808,,,NGC2423,114.52833557128906,-13.724830627441404,0.8365111,13.930337,-0.0152704307208431,,,,,,,,,,,,False,False
3030646129428274944,,,NGC2423,114.56365203857422,-13.720879554748535,0.7382114,13.393817,0.0044714498523264,,,,,,,,,,,,False,False
3030646193849716608,,,NGC2423,114.60595703125,-13.705493927001951,1.8876026,16.979239,-0.0285807377426045,,,,,,,,,,,,False,False
3030646404306166912,,,NGC2423,114.54344177246094,-13.693304061889648,0.98217725,14.603063,-0.0509601624153653,,,,,,,,,,,,False,False
3030646507385377152,,,NGC2423,114.5527572631836,-13.69143772125244,1.3278166999999998,15.74824,-0.0496618716485722,,,,,,,,,,,,False,False
3030648599031623552,,,NGC2423,114.63522338867188,-13.622456550598145,1.9677697,17.142820499999996,-0.02858001232441,,,,,,,,,,,,False,False
3030648809487799296,,,NGC2423,114.58099365234376,-13.646570205688477,1.6609117,16.538042499999996,-0.0369410521229107,,,,,,,,,,,,False,False
3030649114427835008,,,NGC2423,114.5297622680664,-13.630582809448242,2.4157798,18.047358,-0.0354916618592208,,,,,,,,,,,,False,False
3030649148787440256,,,NGC2423,114.5422134399414,-13.61954116821289,2.100319,16.6092025,0.1089568972628875,,,,,,,,,,,,False,False
3030649320586265472,,,NGC2423,114.60986328125,-13.629959106445312,2.5840512,18.3727075,-0.0385470846074482,,,,,,,,,,,,False,False
3030352662906696704,,,NGC2423,113.91143798828124,-13.436470985412598,0.78340334,12.641425000000002,1.1748992347146194,,,,,,,,,,,,False,False
3030352765985918336,,,NGC2423,113.89275360107422,-13.439812660217283,1.1383085,15.100699,-0.0297712559102338,,,,,,,,,,,,False,False
3030649908999343488,,,NGC2423,114.79808807373048,-13.68400764465332,0.63941266,12.668726,0.192051526634811,,,,,,,,,,,,False,False
3030353483234210944,,,NGC2423,113.9814682006836,-13.417665481567385,2.2564001,18.7490395,-0.1141452609596732,,,,,,,,,,,,False,False
3030651317748620032,,,NGC2423,114.71063995361328,-13.633031845092772,0.7427178499999999,13.3533315,0.1082206553320323,,,,,,,,,,,,False,False
3030355892722099584,,,NGC2423,113.8800811767578,-13.4057035446167,2.3586530000000003,18.217039,-0.0611731816919225,,,,,,,,,,,,False,False
3030654685002938880,,,NGC2423,114.69882202148438,-13.579229354858398,1.6394502,16.1643355,0.0254579478062552,,,,,,,,,,,,False,False
3030654753722423168,,,NGC2423,114.6837921142578,-13.580549240112305,1.6071187,16.375303499999998,-0.0307751839480116,,,,,,,,,,,,False,False
3030127640979151744,,,NGC2423,113.61585998535156,-14.49797534942627,0.6118532,12.4167135,0.2739409470497011,,,,,,,,,,,,False,False
3030659392287234304,,,NGC2423,114.51030731201172,-13.62440586090088,0.7349368,13.3505185,0.039792307487099,,,,,,,,,,,,False,False
3030660148201541760,,,NGC2423,114.36774444580078,-13.616988182067873,0.51254855,11.7098685,0.157808470192276,178.94142,93.40567,0.5219902133335033,,,,,,,,,True,True
3030661488231215232,,,NGC2423,114.54627227783205,-13.572269439697266,0.7930489599999999,13.6882845,0.0197396825099496,,,,,,,,,,,,False,False
3030662136766778880,,,NGC2423,114.51065826416016,-13.558344841003418,2.1374436,17.4799295,-0.0292917794662781,,,,,,,,,,,,False,False
3030662995763321856,,,NGC2423,114.50640106201172,-13.493070602416992,2.3576421,18.5179375,-0.0849430049942413,,,,,,,,,,,,False,False
3030663064481472128,,,NGC2423,114.3442153930664,-13.62118911743164,2.4758779,18.4069575,-0.0584236673455265,,,,,,,,,,,,False,False
3030663648597103616,,,NGC2423,114.40161895751952,-13.573479652404783,2.3135328,17.9051185,-0.0398609314376586,,,,,,,,,,,,False,False
3030663652894808704,,,NGC2423,114.3951416015625,-13.572614669799805,1.5783681,16.2646785,-0.0229841579060983,,,,,,,,,,,,False,False
3030663927772707072,,,NGC2423,114.37608337402344,-13.55158233642578,1.9224138,16.3264475,0.1111890595369418,,,,,,,,,,,,False,False
3030664095272745344,,,NGC2423,114.38435363769533,-13.53813362121582,2.2570772,18.1879915,-0.0757919930091472,,,,,,,,,,,,False,False
3030664649326856576,,,NGC2423,114.28976440429688,-13.536580085754396,0.5320834999999999,11.6027075,0.2034715666546526,233.90352,43.81318,0.18731304257413486,,,,,,,,,True,True
3030664855485627136,,,NGC2423,114.36981201171876,-13.525516510009766,0.60860153,12.3963435,0.2717206070147762,,,,,,,,,,,,False,False
3030665989356874496,,,NGC2423,114.5045928955078,-13.47508430480957,0.63259026,12.761081,0.0237279585799791,,,,,,,,,,,,False,False
3030666844051159424,,,NGC2423,114.38102722167967,-13.454251289367676,2.0502093,16.617877,0.0890860452716512,,,,,,,,,,,,False,False
3030668257099512576,,,NGC2423,114.66939544677734,-13.468305587768556,1.1788253,15.3159485,-0.0554145554800602,,,,,,,,,,,,False,False
3030668291459285504,,,NGC2423,114.62843322753906,-13.486029624938965,1.6557798,16.4311265,-0.0209488980264467,,,,,,,,,,,,False,False
3030668630757471744,,,NGC2423,114.56067657470705,-13.493499755859377,2.1183748,17.807461500000002,-0.0680573074775051,,,,,,,,,,,,False,False
3030138361209883264,,,NGC2423,113.4136734008789,-14.403444290161133,2.2127718999999995,18.079657500000003,-0.0745007103412153,,,,,,,,,,,,False,False
3030670353043458688,,,NGC2423,114.75711059570312,-13.407791137695312,1.2520275,15.5209695,-0.0489191439181938,,,,,,,,,,,,False,False
3030670559201909376,,,NGC2423,114.7076187133789,-13.407127380371096,0.7604036,13.3843375,0.2232002465148925,,,,,,,,,,,,False,False
3030671723131455488,,,NGC2423,114.69905853271484,-13.34561824798584,2.4672117,18.2534855,-0.0464211588235182,,,,,,,,,,,,False,False
3030673372402223232,,,NGC2423,114.47698974609376,-13.397034645080565,2.246255,17.7689065,-0.0387333422307061,,,,,,,,,,,,False,False
3030142037709409920,,,NGC2423,113.6705093383789,-14.368070602416992,2.1034597999999995,16.6157825,0.1085051021285895,,,,,,,,,,,,False,False
3030142759255734016,,,NGC2423,113.67518615722656,-14.32125186920166,2.2348151,17.477419500000003,-0.006713709890027,,,,,,,,,,,,False,False
3030677980906318080,,,NGC2423,114.94373321533205,-13.460259437561035,1.9893446000000004,17.1454265,-0.0231408472496245,,,,,,,,,,,,False,False
3030146401388103808,,,NGC2423,113.55281066894533,-14.288800239562988,2.6097752,18.586566,-0.0531906049036902,,,,,,,,,,,,False,False
3030680970203576320,,,NGC2423,114.85880279541016,-13.438037872314451,1.8255264,16.9909155,-0.0482271474568592,,,,,,,,,,,,False,False
3030385987551178368,,,NGC2423,115.32119750976562,-14.159092903137209,2.4361606,18.161029000000003,-0.0430279139460732,,,,,,,,,,,,False,False
3030695568789765504,,,NGC2423,114.78263092041016,-13.305522918701172,2.0598631,17.4390955,-0.0423709417362428,,,,,,,,,,,,False,False
3030700383455651968,,,NGC2423,114.68402099609376,-13.19540786743164,0.9067957,14.22189,-0.0029485708272208,,,,,,,,,,,,False,False
3030711516011661568,,,NGC2423,114.24890899658205,-13.53921604156494,1.619565,15.5846515,0.1969698469534243,,,,,,,,,,,,False,False
3030711958387559808,,,NGC2423,114.25308990478516,-13.486720085144045,2.4174406,17.285852000000002,0.0659691011014193,,,,,,,,,,,,False,False
3030711997047967360,,,NGC2423,114.29554748535156,-13.502881050109863,1.9631541,17.097130999999997,-0.023628987678522,,,,,,,,,,,,False,False
3030712306285602688,,,NGC2423,114.28888702392578,-13.485969543457031,1.4541228,16.052122,-0.0409850833372513,,,,,,,,,,,,False,False
3030712340645351808,,,NGC2423,114.26632690429688,-13.485106468200684,2.1106531,16.783288,0.0737649001333514,,,,,,,,,,,,False,False
3030713474516685824,,,NGC2423,114.23860168457033,-13.426920890808104,0.52275463,12.1488135,0.0673790661209698,,,,,,,,,,,,False,False
3030714333510045568,,,NGC2423,114.41519927978516,-13.407825469970703,1.0645341,14.9566335,-0.0666979763405701,,,,,,,,,,,,False,False
3030714539668492928,,,NGC2423,114.36105346679688,-13.396604537963867,1.3122425,15.6166635,-0.0293234113482695,,,,,,,,,,,,False,False
3030714986345110144,,,NGC2423,114.32654571533205,-13.397188186645508,2.0205983,17.2456255,-0.028269209021166,,,,,,,,,,,,False,False
3030715089424360448,,,NGC2423,114.27208709716795,-13.40805721282959,0.46675583,11.6418955,0.0753617153554698,,,,,,,,,,,,False,True
3030715879698424320,,,NGC2423,114.17799377441406,-13.46534824371338,1.1713857,15.317322,-0.0623850833789906,,,,,,,,,,,,False,False
3030413891957213440,,,NGC2423,115.4390640258789,-13.928991317749023,1.7984741000000002,16.511035,0.0194338244441676,,,,,,,,,,,,False,False
3030716150274445312,,,NGC2423,114.15818786621094,-13.434730529785154,0.4975301,11.7381465,0.1231912959680302,78.52411,75.54881,0.9621097265540483,,,,,,,,,True,True
3030717219728262784,,,NGC2423,114.10398864746094,-13.409505844116213,1.351675,15.695733,-0.0223318989627322,,,,,,,,,,,,False,False
3030718559757886720,,,NGC2423,114.25773620605467,-13.337047576904297,0.99329563,14.5972095,-0.0276186753332269,,,,,,,,,,,,False,False
3030720239084741632,,,NGC2423,114.43070220947266,-13.39594268798828,1.9012479,16.7689965,0.0083621715810409,,,,,,,,,,,,False,False
3030720586982392320,,,NGC2423,114.4070053100586,-13.363457679748535,0.9109535,14.300096500000002,-0.0447664812745662,,,,,,,,,,,,False,False
3030725362978190080,,,NGC2423,114.42205810546876,-13.2558012008667,2.1012029,17.8630395,-0.0764449157152914,,,,,,,,,,,,False,False
3030727458929878272,,,NGC2423,114.467041015625,-13.183652877807615,1.022396,14.8187465,-0.0747818080802069,,,,,,,,,,,,False,False
3030186048234017280,,,NGC2423,113.32862091064452,-14.36209774017334,2.3687453,18.3931775,-0.0739663105856165,,,,,,,,,,,,False,False
3030728897741282048,,,NGC2423,114.43130493164062,-13.128619194030762,2.0701856000000003,17.433362499999998,-0.0392964347200011,,,,,,,,,,,,False,False
3030729864111876736,,,NGC2423,114.1072006225586,-13.330049514770508,0.47896284,11.609317,0.1031307338633918,11.153739,12.881203,1.15487757065142,,,,,,,,,True,True
3030730345148235648,,,NGC2423,114.05511474609376,-13.325125694274902,1.2040033,9.965265,0.2278645502256664,,,,,,,,,,,,False,False
3030731513379276672,,,NGC2423,114.14754486083984,-13.298242568969728,0.56270405,12.2325225,0.168114231659896,,,,,,,,,,,,False,False
3030734223496807168,,,NGC2423,114.05968475341795,-13.24575138092041,0.47190946,11.671029,0.0809662509137829,31.587168,18.955603,0.6001045424521756,,,,,,,,,True,True
3030433781945601664,,,NGC2423,115.00318145751952,-13.989766120910645,2.2820137,18.528874,-0.0969181981518178,,,,,,,,,,,,False,False
3030737659471073664,,,NGC2423,114.0659637451172,-13.12014865875244,1.9116117,16.9715165,-0.0204531711282427,,,,,,,,,,,,False,False
3030435744750529920,,,NGC2423,114.80921936035156,-14.02748680114746,1.9107408,16.889249500000002,-0.0083195067293548,,,,,,,,,,,,False,False
3030435809167766144,,,NGC2423,114.7934112548828,-14.015162467956545,2.2498407,17.7826345,-0.039476674192161,,,,,,,,,,,,False,False
3030435813464277248,,,NGC2423,114.79186248779295,-14.019031524658203,2.2506628,18.9062775,-0.1234503144163972,,,,,,,,,,,,False,False
3030737869930754304,,,NGC2423,114.26937103271484,-13.233848571777346,1.4179146,15.841484499999998,-0.0161069028367245,,,,,,,,,,,,False,False
3030737938650231808,,,NGC2423,114.25543975830078,-13.225337028503418,1.5047285,16.061436999999998,-0.017399210096175,,,,,,,,,,,,False,False
3030738003068160000,,,NGC2423,114.29379272460938,-13.215932846069336,2.2381727,18.569992,-0.1060169019556198,,,,,,,,,,,,False,False
3030436500664697856,,,NGC2423,114.86231231689452,-13.951457977294922,1.1618822,15.279259,-0.060679262937493,,,,,,,,,,,,False,False
3030739377457893760,,,NGC2423,114.22776794433594,-13.153773307800291,2.6147290999999995,18.513839,-0.0463698625009988,,,,,,,,,,,,False,False
3030742611574614272,,,NGC2423,114.14525604248048,-13.118918418884276,1.4827566,16.0662105,-0.0293727068356258,,,,,,,,,,,,False,False
3030743126970653056,,,NGC2423,114.17932891845705,-13.093060493469238,0.69232174,13.0549385,0.0880045095182347,,,,,,,,,,,,False,False
3030443132093961216,,,NGC2423,115.22500610351562,-13.800658226013184,0.962955,14.422889,0.0073668188411819,,,,,,,,,,,,False,False
3030444643922568704,,,NGC2423,114.98019409179688,-13.851780891418455,0.6080424999999999,12.629307,0.0333580662028656,,,,,,,,,,,,False,False
3030748761968578176,,,NGC2423,114.5939712524414,-13.11431121826172,0.84565366,13.8992695,0.0609442007697336,,,,,,,,,,,,False,False
3030750239437293568,,,NGC2423,114.6390380859375,-13.098177909851074,2.3434173,18.1324625,-0.0563045829143628,,,,,,,,,,,,False,False
3030449110688081792,,,NGC2423,114.75787353515624,-13.922462463378904,0.9512222,14.414151,-0.0143723153834286,,,,,,,,,,,,False,False
3030449243825898880,,,NGC2423,114.79402923583984,-13.92359733581543,1.4874637,16.494512,-0.0960323091202406,,,,,,,,,,,,False,False
3030451653309208704,,,NGC2423,114.8908233642578,-13.81588363647461,0.82772423,13.848044,0.0288457134069463,,,,,,,,,,,,False,False
3030451825107906944,,,NGC2423,114.8707046508789,-13.811820030212402,0.88896824,14.159458,-0.0115696788328039,,,,,,,,,,,,False,False
3030452370565612416,,,NGC2423,114.6993179321289,-13.896088600158691,2.1176002,17.395482,-0.0235212813758265,,,,,,,,,,,,False,False
3030452443582702208,,,NGC2423,114.68868255615234,-13.87744426727295,0.8927638699999999,14.114745,0.0386179808566399,,,,,,,,,,,,False,False
3030452718460597376,,,NGC2423,114.74853515625,-13.866424560546877,1.0743568,14.895471,-0.0319414185440544,,,,,,,,,,,,False,False
3030453298278570112,,,NGC2423,114.68463134765624,-13.851423263549805,2.3547466,18.102786,-0.0516263439177828,,,,,,,,,,,,False,False
3030453405655386240,,,NGC2423,114.61527252197266,-13.865649223327637,1.2659013,15.544817,-0.0445289274285344,,,,,,,,,,,,False,False
3030454024130650880,,,NGC2423,114.69123840332033,-13.815754890441896,1.0872219,14.864073,-0.0017482367027743,,,,,,,,,,,,False,False
3030454397787214976,,,NGC2423,114.81192779541016,-13.812021255493164,1.7986934,16.73631,-0.0200363723769075,,,,,,,,,,,,False,False
3030455054922772608,,,NGC2423,114.79644012451172,-13.776256561279297,1.0843911,15.096744,-0.0869381971165234,,,,,,,,,,,,False,False
3030455669097711488,,,NGC2423,114.74642181396484,-13.775941848754885,2.1855934,17.529912,-0.0244379835906812,,,,,,,,,,,,False,False
3030759276048603904,,,NGC2423,114.86666107177734,-12.933408737182615,1.0384132,14.8705105,-0.0709878314051301,,,,,,,,,,,,False,False
3033348797729914112,,,NGC2423,113.27859497070312,-13.323091506958008,1.5657695,16.2464915,-0.0251419878848238,,,,,,,,,,,,False,False
3033357142842983168,,,NGC2423,113.5259017944336,-13.37096118927002,1.9343723,17.0737355,-0.0283709832382993,,,,,,,,,,,,False,False
3033357181507471360,,,NGC2423,113.53990173339844,-13.368762016296388,1.4752716,16.1245415,-0.044251087871102,,,,,,,,,,,,False,False
3033362850864028544,,,NGC2423,113.76268005371094,-13.220471382141112,1.888725,16.173726000000002,0.1393915917114855,,,,,,,,,,,,False,False
3033363808632419712,,,NGC2423,113.61302185058594,-13.288810729980469,2.2201536,18.027295,-0.0686991278162742,,,,,,,,,,,,False,False
3033365908873032064,,,NGC2423,113.75411987304688,-13.20322036743164,0.4979063999999999,11.913529,0.0872104719584914,75.806595,44.60266,0.5883744019896949,,,,,,,,,True,False
3033366870953435136,,,NGC2423,113.68338775634766,-13.187376022338867,1.2076289,15.350727,-0.0398336445524745,,,,,,,,,,,,False,False
3033371470854160896,,,NGC2423,113.4118881225586,-13.24716567993164,2.366175,17.8112905,-0.0195437903718336,,,,,,,,,,,,False,False
3033378411520442368,,,NGC2423,113.54949188232422,-13.14505672454834,1.7958726,16.700178,-0.0151917303250313,,,,,,,,,,,,False,False
3033379133089821952,,,NGC2423,113.62487030029295,-13.14732551574707,1.2755184000000002,15.706844000000002,-0.0742058250845475,,,,,,,,,,,,False,False
3033385150334128512,,,NGC2423,113.57860565185548,-12.965312957763672,1.3077447000000002,15.726966,-0.0577460393146525,,,,,,,,,,,,False,False
3033742663410116992,,,NGC2423,113.86163330078124,-13.093914031982422,1.661189,16.353573,-0.0044763930209642,,,,,,,,,,,,False,False
3033745236087470336,,,NGC2423,113.89083099365234,-13.00546646118164,2.3331262,17.848259499999998,-0.0301137287929114,,,,,,,,,,,,False,False
3033745888922576384,,,NGC2423,113.8643569946289,-12.978373527526855,2.2828178999999995,17.8071165,-0.0355366340164776,,,,,,,,,,,,False,False
3033746752218748544,,,NGC2423,114.12661743164062,-13.033644676208494,1.260499,15.585471500000002,-0.0581088807793015,,,,,,,,,,,,False,False
3033746820938181248,,,NGC2423,114.15882873535156,-13.014427185058596,0.9742298,14.5781535,-0.0540456002506472,,,,,,,,,,,,False,False
3033747027096647296,,,NGC2423,114.09925842285156,-13.009716033935549,1.0198316000000005,14.8887265,-0.1021730925724924,,,,,,,,,,,,False,False
3033754719375864320,,,NGC2423,114.06690216064452,-12.815025329589846,2.2945261,18.7502565,-0.109007844203426,,,,,,,,,,,,False,False
3033756304226298112,,,NGC2423,113.6692886352539,-13.01748752593994,1.2414824999999998,15.436775,-0.0353734009152213,,,,,,,,,,,,False,False
3033758773824653312,,,NGC2423,113.83574676513672,-12.919005393981935,1.824236,16.072245499999998,0.1394187205301646,,,,,,,,,,,,False,False
3029866060291833088,,,NGC2423,114.23298645019533,-14.872272491455078,1.7935301,16.955437999999997,-0.0529932831463976,,,,,,,,,,,,False,False
3029912926972109952,,,NGC2423,114.06385803222656,-14.837058067321776,2.224011,18.1903595,-0.0815607000540174,,,,,,,,,,,,False,False
3029914679318444032,,,NGC2423,114.10507202148438,-14.775223731994627,2.1989446,18.1563345,-0.0831371522086415,,,,,,,,,,,,False,False
3029934230014264960,,,NGC2423,113.79637908935548,-14.632667541503904,0.7304916,11.485842,0.5428735118430054,15.913128,11.615043,0.7299031969076099,,,,,,,,,True,False
3029949245217351680,,,NGC2423,114.90282440185548,-14.783137321472168,2.0387069,17.268495499999997,-0.0266319084761378,,,,,,,,,,,,False,False
3029952337593559168,,,NGC2423,114.6984405517578,-14.74915599822998,1.2929511999999996,15.586689,-0.0353892130318937,,,,,,,,,,,,False,False
3029960343412744320,,,NGC2423,114.3869857788086,-14.779644012451172,1.127009,15.014039,-0.0115713315677875,,,,,,,,,,,,False,False
3029967966971504640,,,NGC2423,114.65904998779295,-14.593189239501951,2.1129699,17.359793,-0.0200817986195871,,,,,,,,,,,,False,False
3029978343612299136,,,NGC2423,114.80545806884766,-14.648985862731935,1.9137508,17.058403499999997,-0.0320407769528001,,,,,,,,,,,,False,False
3029990953634945920,,,NGC2423,114.85813903808594,-14.543563842773438,2.6870341,18.360939,-0.0212153004165798,,,,,,,,,,,,False,False
3029994840582418176,,,NGC2423,114.66932678222656,-14.52868366241455,2.636764,18.582749,-0.0489607461091373,,,,,,,,,,,,False,False
3030005109846881408,,,NGC2423,114.87032318115234,-14.288504600524902,2.0253501,17.159385999999998,-0.0154404905530974,,,,,,,,,,,,False,False
3030007381894975104,,,NGC2423,114.99142456054688,-14.202524185180664,1.118062,15.0043235,-0.0185055217446503,,,,,,,,,,,,False,False
3030014696218721536,,,NGC2423,114.22281646728516,-14.597484588623049,2.4661433,17.716566999999998,0.0121433292556394,,,,,,,,,,,,False,False
3030017586738335360,,,NGC2423,114.46932983398438,-14.535809516906738,0.8992314000000001,14.116222,0.0599871201054743,,,,,,,,,,,,False,False
3030020331213285760,,,NGC2423,114.46519470214844,-14.456531524658203,2.0322089,17.452425,-0.0503043485885729,,,,,,,,,,,,False,False
3030020640451037952,,,NGC2423,114.5438995361328,-14.427324295043944,1.746551,16.58049,-0.0125060861702819,,,,,,,,,,,,False,False
3030024321246658176,,,NGC2423,114.37411499023438,-14.419764518737791,0.9199195,13.443823000000002,1.5352850654823111,,,,,,,,,,,,False,False
3030025416453948032,,,NGC2423,114.06719207763672,-14.61612033843994,2.1372209,17.3796745,-0.0168195813722204,,,,,,,,,,,,False,False
3030027654141478528,,,NGC2423,114.17496490478516,-14.52730655670166,0.59888894,12.3632135,0.2463283246880419,,,,,,,,,,,,False,False
3030035385082483456,,,NGC2423,114.23375701904295,-14.41115665435791,1.0760256,14.904597,-0.0332647118248415,,,,,,,,,,,,False,False
3030036411571107712,,,NGC2423,114.32550048828124,-14.38170051574707,2.1568458,17.779512,-0.0577373940887951,,,,,,,,,,,,False,False
3030037171790388224,,,NGC2423,114.36347198486328,-14.335203170776367,2.415515399999999,18.140892,-0.0446593413009307,,,,,,,,,,,,False,False
3030037412306890240,,,NGC2423,114.39464569091795,-14.295904159545898,0.6302042999999999,12.4893205,0.3178775819924027,,,,,,,,,,,,False,False
3030038030782205184,,,NGC2423,114.35682678222656,-14.311485290527346,1.3657574999999995,15.662221,-0.0045681669061514,,,,,,,,,,,,False,False
3030041947792401280,,,NGC2423,114.21591186523438,-14.260316848754885,0.8700949,13.908761,0.1671532059420002,,,,,,,,,,,,False,False
3030042016511853440,,,NGC2423,114.24994659423828,-14.241665840148926,0.55638946,12.361255,0.0444786391018438,,,,,,,,,,,,False,False
3030042291382716544,,,NGC2423,114.21546936035156,-14.227538108825684,2.3281313,17.942809,-0.0409518242256829,,,,,,,,,,,,False,False
3030043493982019456,,,NGC2423,114.6554718017578,-14.432645797729492,1.0984359,14.76917,0.0597767704017311,,,,,,,,,,,,False,False
3030044181176817664,,,NGC2423,114.58975982666016,-14.412315368652346,0.82570504,13.612637,0.3666263323666691,,,,,,,,,,,,False,False
3030044421691661184,,,NGC2423,114.54003143310548,-14.391023635864258,2.4497866,18.674063,-0.0826245682366152,,,,,,,,,,,,False,False
3030044490414431488,,,NGC2423,114.57160949707033,-14.379254341125488,0.9697585,14.384355,0.0490593930573053,,,,,,,,,,,,False,False
3030044627853376768,,,NGC2423,114.61699676513672,-14.385798454284668,0.67899765,12.694173,0.4328338857497591,,,,,,,,,,,,False,False
3030047651510370176,,,NGC2423,114.5101547241211,-14.363041877746582,1.8747973,16.153748,0.1388807520722516,,,,,,,,,,,,False,False
3030047892028522496,,,NGC2423,114.5644989013672,-14.355786323547363,0.71267747,12.934023,0.3960325332462789,,,,,,,,,,,,False,False
3030049816173843456,,,NGC2423,114.5878677368164,-14.299431800842283,0.5568175000000001,12.291564,0.1056822866489964,,,,,,,,,,,,False,False
3030050331569874944,,,NGC2423,114.67739868164062,-14.230290412902832,1.0080627999999998,14.606009,-0.0049107597505867,,,,,,,,,,,,False,False
3030050395985069824,,,NGC2423,114.63652801513672,-14.245817184448242,1.9250197,17.230282000000003,-0.0508557519752262,,,,,,,,,,,,False,False
3030051632935788928,,,NGC2423,114.62229919433594,-14.192709922790527,2.3015109,18.0621505,-0.057264392898129,,,,,,,,,,,,False,False
3030051946474400000,,,NGC2423,114.7916030883789,-14.282111167907717,1.8715014,16.866179000000002,-0.0168401294927984,,,,,,,,,,,,False,False
3030052079612160128,,,NGC2423,114.75189208984376,-14.278168678283691,2.5954429,17.794626499999996,0.0279035433968238,,,,,,,,,,,,False,False
3030053733183938432,,,NGC2423,114.75592041015624,-14.202156066894531,1.6430755,16.584908,-0.0507292532360945,,,,,,,,,,,,False,False
3030056275804592128,,,NGC2423,114.72684478759766,-14.21676540374756,0.8330121,13.775844,0.1497658176902558,,,,,,,,,,,,False,False
3030057787633065728,,,NGC2423,114.69515991210938,-14.164459228515623,0.64116143,12.653056,0.2224947973794528,,,,,,,,,,,,False,False
3030061464124921600,,,NGC2423,114.46481323242188,-14.23641586303711,0.77186345,13.454144,0.2111836682845214,,,,,,,,,,,,False,False
3030063697507845376,,,NGC2423,114.56844329833984,-14.161714553833008,0.57375634,11.5622435,0.2801867549982959,,,,,,,,,,,,False,False
3030064861435229824,,,NGC2423,114.51604461669922,-14.115200996398926,1.3382058,14.922765,0.2980638841705037,,,,,,,,,,,,False,False
3030065415494851712,,,NGC2423,114.33829498291016,-14.192492485046388,0.55588974,10.573722,0.0571433725903288,82.82145,17.277418,0.20861042640523683,,,,,,,,,True,True
3030065823507779072,,,NGC2423,114.35138702392578,-14.171703338623049,2.2104068,18.23488,-0.0872696029688576,,,,,,,,,,,,False,False
3030066102689632128,,,NGC2423,114.29712677001952,-14.188377380371096,1.5458693,16.231611,-0.0312575047994979,,,,,,,,,,,,False,False
3030067717597238272,,,NGC2423,114.4813995361328,-14.115073204040527,0.55602276,10.8164285,0.1095068662799013,127.733955,33.55507,0.2626949897542905,,,,,,,,,True,True
3030068129914076544,,,NGC2423,114.49142456054688,-14.074280738830565,0.85540116,13.779582500000002,0.274560514100239,,,,,,,,,,,,False,False
3030068164273818112,,,NGC2423,114.46722412109376,-14.066221237182615,0.76430844,13.45381,0.1456212634961485,,,,,,,,,,,,False,False
3030068301712822272,,,NGC2423,114.38047790527344,-14.11872100830078,0.6275668,12.661196,0.1216509144696522,,,,,,,,,,,,False,False
3030068645310185728,,,NGC2423,114.38993072509766,-14.084263801574709,1.6586119,16.570674,-0.0429191592499281,,,,,,,,,,,,False,False
3030068675366273280,,,NGC2423,114.4056625366211,-14.070757865905762,1.5378584999999998,16.225882000000002,-0.03380267111249,,,,,,,,,,,,False,False
3030068748389396096,,,NGC2423,114.38338470458984,-14.06671905517578,0.4639708,11.796002,0.0391312235644899,5.3334794,11.138781,2.0884642396856354,,,,,,,,,True,True
3030069053320514176,,,NGC2423,114.41595458984376,-14.068115234375,0.57336663,12.294977,0.1746541126073744,,,,,,,,,,,,False,False
3030069057627027200,,,NGC2423,114.41339874267578,-14.059751510620115,1.1777435,15.3133925,-0.0556797536472981,,,,,,,,,,,,False,False
3030069160706236416,,,NGC2423,114.41246795654295,-14.044598579406738,0.55666684,12.181252,0.1712467137925525,,,,,,,,,,,,False,False
3030069160706235776,,,NGC2423,114.4090576171875,-14.040797233581545,0.8391614000000001,13.832172,0.1087156654824313,,,,,,,,,,,,False,False
3030070500736026496,,,NGC2423,114.55026245117188,-14.116933822631836,1.5187526,16.104372,-0.0192950833874415,,,,,,,,,,,,False,False
3030073833630632704,,,NGC2423,114.52229309082033,-14.068723678588867,1.1927196,10.0975325,0.271735301076287,7.7311664,2.8084466,0.3632629870701011,,,,,,,,,True,False
3030074005429328256,,,NGC2423,114.50206756591795,-14.062544822692873,1.0979911,14.9983355,-0.0402432909085043,,,,,,,,,,,,False,False
3030074658264328192,,,NGC2423,114.54397583007812,-14.01226806640625,1.2956776,15.624852,-0.0427430250805357,,,,,,,,,,,,False,False
3030074997558225536,,,NGC2423,114.51278686523438,-14.010122299194336,1.8757472,16.96735,-0.0303789533862133,,,,,,,,,,,,False,False
3030075104936670848,,,NGC2423,114.45069885253906,-14.026711463928224,2.5252963,18.3634725,-0.0469596156081019,,,,,,,,,,,,False,False
3030075345459101312,,,NGC2423,114.48152160644533,-13.992712020874023,2.1121494,17.359367499999998,-0.0202252710057775,,,,,,,,,,,,False,False
3030075482898046976,,,NGC2423,114.51295471191406,-13.98694133758545,1.0636382000000002,14.836582000000002,-0.0229460201242294,,,,,,,,,,,,False,False
3030077230941297920,,,NGC2423,114.57567596435548,-13.946074485778809,2.0459088,17.35649,-0.0358893748116834,,,,,,,,,,,,False,False
3030077334020524288,,,NGC2423,114.55706024169922,-13.93271255493164,1.883456,16.860578,-0.0122685100644411,,,,,,,,,,,,False,False
3030078025518623488,,,NGC2423,114.62638092041016,-13.883617401123049,0.7496364,13.361242999999998,0.1604077605964112,,,,,,,,,,,,False,False
3030116474057619200,,,NGC2423,113.6826171875,-14.61929988861084,2.3403756,18.404492,-0.0792445237389538,,,,,,,,,,,,False,False
3030035488161680256,,,NGC2423,114.24018730676622,-14.394754847923211,0.84461784,13.225168,1.249774725102166,,,,,,,,,,,,False,False
3030062494917071104,,,NGC2423,114.4208373498524,-14.20710864492181,0.8683977,13.950489,0.1084874673431746,,,,,,,,,,,,False,False
3030062769794953728,,,NGC2423,114.5254344812362,-14.226828718874502,0.6947861,12.915298,0.2827514836932836,,,,,,,,,,,,False,False
3030063113392330880,,,NGC2423,114.496955792284,-14.195494608015752,1.0695028,14.924846,-0.0493086775284835,,,,,,,,,,,,False,False
3030066338905663744,,,NGC2423,114.29163885261065,-14.170138737634993,1.6917591,16.63462,-0.0408389357145347,,,,,,,,,,,,False,False
3030067099121977344,,,NGC2423,114.35282674728175,-14.09906923255662,0.8860264,14.1286335,0.003264972449385,,,,,,,,,,,,False,False
3030068232993341568,,,NGC2423,114.39598781670922,-14.12238599722462,0.7767172,13.3137,0.4902476854135169,,,,,,,,,,,,False,False
3030068748389394432,,,NGC2423,114.382070035157,-14.061977714419228,0.5914278,12.491676,0.0957017999418819,,,,,,,,,,,,False,False
3030077544482306816,,,NGC2423,114.5600225929035,-13.90977154694697,0.9517679,13.901839,0.5706976474124928,,,,,,,,,,,,False,False
3030230101718022400,,,NGC2423,114.18546402216336,-14.19537022263204,1.1960745,15.208121,-0.0066493818422753,,,,,,,,,,,,False,False
3030235285736615808,,,NGC2423,114.10971766997464,-14.07304225337625,1.7441311,16.530962,-0.004713604851471,,,,,,,,,,,,False,False
3030258517222536064,,,NGC2423,114.15282195045975,-14.074147068358211,0.8515196,13.766786,0.2721153372926874,,,,,,,,,,,,False,False
3030261953196258816,,,NGC2423,114.22454980975448,-13.93053236359266,0.53354645,11.793373,0.1939148090405322,149.31076,61.741493,0.4135100042354617,,,,,,,,,True,True
3030262537311759616,,,NGC2423,114.28153799776102,-13.889219934517154,0.75306606,12.090585,0.8353824804606202,,,,,,,,,,,,False,False
3030268206668511104,,,NGC2423,114.38591591566777,-13.8550148160629,0.8722153,12.892485,1.640693161644346,,,,,,,,,,,,False,False
3030268515906185088,,,NGC2423,114.34361556798096,-13.862696129780804,1.5535831,16.330336,-0.0453216044908576,,,,,,,,,,,,False,False
3030272673434668416,,,NGC2423,114.11992516041973,-13.921703385505245,0.8994541,14.041223,0.1364211050660918,,,,,,,,,,,,False,False
3030273635507022720,,,NGC2423,114.0442046634273,-13.90127064380034,0.90915394,14.041619,0.1739532614848769,,,,,,,,,,,,False,False
3030274425781248384,,,NGC2423,114.22455849725633,-13.873911327998862,0.9029827,14.163726,0.0310034017814175,,,,,,,,,,,,False,False
3030283324953281024,,,NGC2423,114.40468524918924,-13.71624873241764,1.341404,15.1073265,0.1861724621720919,,,,,,,,,,,,False,False
3030283737270206336,,,NGC2423,114.30102428545278,-13.735228249663104,1.102191,14.767126,0.0665801256934684,,,,,,,,,,,,False,False
3030327889535722368,,,NGC2423,113.98497225348564,-13.713006865371309,0.65028954,12.502457,0.4225298032199046,,,,,,,,,,,,False,False
3030346375074619520,,,NGC2423,113.82243149022852,-13.486992242077172,0.74515533,13.1262665,0.4481287096932151,,,,,,,,,,,,False,False
3030382040479470592,,,NGC2423,115.05963784715856,-14.197802034899707,0.50460434,11.887792,0.1107576633604941,70.10775,32.952423,0.4700253966216289,,,,,,,,,True,False
3030447770658933376,,,NGC2423,114.7979603415589,-13.981980598451177,0.83531666,13.138037,1.2324832895754143,,,,,,,,,,,,False,False
3030659907683368576,,,NGC2423,114.40856267757653,-13.635931540460566,1.2757483,14.88775,0.2404954735213619,,,,,,,,,,,,False,False
3030668841215147776,,,NGC2423,114.5451367397872,-13.485465152148228,0.90776825,14.265424,-0.030948589954723,,,,,,,,,,,,False,False
3030711722170091904,,,NGC2423,114.2288193092382,-13.526757343066793,1.6411686,16.009146,0.0647004553637732,,,,,,,,,,,,False,False
3030713096559583744,,,NGC2423,114.26478739987468,-13.468576838145552,1.2509346,15.157799,0.0671457958578875,,,,,,,,,,,,False,False
3030729378773709184,,,NGC2423,114.04645882032254,-13.364947331752282,0.4521122,11.636665,0.0479398001712814,74.86564,44.78312,0.5981798859930937,,,,,,,,,True,True
3033321069421370368,,,NGC2423,113.06842143435205,-13.69020751097234,1.2902374,15.450607,-0.0004838643666515,,,,,,,,,,,,False,False
3033421193702183680,,,NGC2423,113.24566644686789,-13.19658218336779,0.6089783,12.496758,0.1905114541084654,,,,,,,,,,,,False,False
3033423461444794880,,,NGC2423,113.32380098527788,-13.119030796235847,0.5658035,12.375021,0.0769927364462371,,,,,,,,,,,,False,False
3033430230313088256,,,NGC2423,113.44347846039064,-13.012695012946054,1.2123079,15.407018,-0.0511222263764792,,,,,,,,,,,,False,False
3033771800467847296,,,NGC2423,113.86160323517969,-12.707666216484723,0.867157,14.165267,-0.0873187495932412,,,,,,,,,,,,False,False
3033771869187321728,,,NGC2423,113.84718829747952,-12.697565403921596,0.90074444,14.134162,0.0490134223281244,,,,,,,,,,,,False,False
5614640974599194752,,,NGC2447,116.21810150146484,-24.577129364013672,2.0221615,18.673073,-0.023759070076269,,,,,,,,,,,,False,False
5614641563023088256,,,NGC2447,116.2156982421875,-24.55835723876953,1.9766598,16.894217,-0.1872130581040583,,,,,,,,,,,,False,False
5614641971031688064,,,NGC2447,116.17388916015624,-24.553821563720703,2.0547771,17.732548,-0.0933556431155909,,,,,,,,,,,,False,False
5614643345421746432,,,NGC2447,116.36528778076172,-24.5674991607666,2.3367348,18.615694,-0.0703128834435909,,,,,,,,,,,,False,False
5614645544444673024,,,NGC2447,116.45282745361328,-24.48490333557129,1.7464924,16.68534,-0.1491352522390015,,,,,,,,,,,,False,False
5614645784963434496,,,NGC2447,116.50352478027344,-24.47294998168945,2.267622,18.139936,-0.0954952917691672,,,,,,,,,,,,False,False
5614646270306948352,,,NGC2447,116.42452239990234,-24.47978591918945,1.8272018,17.12063,-0.1079400131864828,,,,,,,,,,,,False,False
5614646442105624704,,,NGC2447,116.42560577392578,-24.461339950561523,1.3628464,16.135545999999998,-0.0880390410843014,,,,,,,,,,,,False,False
5614646884474577920,,,NGC2447,116.46279907226562,-24.42984771728516,0.85130787,14.44454,-0.2232294533794185,,,,,,,,,,,,False,False
5614647438538238848,,,NGC2447,116.2845687866211,-24.51325798034668,1.0200748,15.047522,-0.1213179914270368,,,,,,,,,,,,False,False
5614647541617442176,,,NGC2447,116.28512573242188,-24.500003814697266,1.3463097,15.808615,-0.1562307421948652,,,,,,,,,,,,False,False
5614648190144865280,,,NGC2447,116.3158950805664,-24.46504783630371,2.2580318,18.89644,-0.0435878464582956,,,,,,,,,,,,False,False
5614648984713200896,,,NGC2447,116.28571319580078,-24.450639724731445,2.2583027,17.633999,-0.1463627314829981,,,,,,,,,,,,False,False
5614649946798964608,,,NGC2447,116.36672973632812,-24.401649475097656,0.79019356,14.257291,-0.2457234163841324,,,,,,,,,,,,False,False
5614650015507341312,,,NGC2447,116.36268615722656,-24.400089263916016,2.2945976000000003,18.77199,-0.0550243912792023,,,,,,,,,,,,False,False
5614650251729008128,,,NGC2447,116.44344329833984,-24.3693962097168,1.9721241000000005,17.448074,-0.105130405370164,,,,,,,,,,,,False,False
5614650633997952256,,,NGC2447,116.31893157958984,-24.410682678222656,0.875268,14.609973000000002,-0.0938096047274733,,,,,,,,,,,,False,False
5614650702702116608,,,NGC2447,116.30853271484376,-24.394561767578125,2.288334,18.715164,-0.057499498952785,,,,,,,,,,,,False,False
5614650904564011904,,,NGC2447,116.29964447021484,-24.39577865600586,2.4778233,18.495892,-0.0990821079110896,,,,,,,,,,,,False,False
5614651699134520448,,,NGC2447,116.36659240722656,-24.300825119018555,2.498251,18.412521,-0.1089507543137262,,,,,,,,,,,,False,False
5614668294893141504,,,NGC2447,115.78440856933594,-24.561771392822266,2.0876446,18.195374,-0.0611598637640022,,,,,,,,,,,,False,False
5614668672849793536,,,NGC2447,115.80810546875,-24.51823234558105,2.0989552,18.813576,-0.0273869382924878,,,,,,,,,,,,False,False
5614679148264340992,,,NGC2447,115.68763732910156,-24.522565841674805,1.7721119,17.049608,-0.1016327262319905,,,,,,,,,,,,False,False
5614690044616397184,,,NGC2447,116.12936401367188,-24.452192306518555,0.91426086,14.386865,-0.8654444026812727,,,,,,,,,,,,False,False
5614690113330266240,,,NGC2447,116.15919494628906,-24.434608459472656,2.0310345,16.896053,-0.2038518987440155,,,,,,,,,,,,False,False
5614691586489683712,,,NGC2447,115.91163635253906,-24.512582778930664,2.1306953,18.799068,-0.0321882081879259,,,,,,,,,,,,False,False
5614691831322668800,,,NGC2447,115.93109893798828,-24.472354888916016,1.5848923,16.27553,-0.167474802866762,,,,,,,,,,,,False,False
5614693579354829440,,,NGC2447,116.00711822509766,-24.44475555419922,2.055315,17.735757999999997,-0.0931543070248825,,,,,,,,,,,,False,False
5614693785513361152,,,NGC2447,115.99519348144533,-24.42491912841797,2.2668476,17.434721,-0.1754315227803951,,,,,,,,,,,,False,False
5614694988104469120,,,NGC2447,115.94227600097656,-24.36824607849121,1.9513512,17.504416,-0.0942570562560587,,,,,,,,,,,,False,False
5614696401167972608,,,NGC2447,116.26522064208984,-24.38943290710449,1.2277937,15.7755785,-0.0833389045371574,,,,,,,,,,,,False,False
5614696465573200384,,,NGC2447,116.24646759033205,-24.37303733825684,2.121849,18.159409,-0.0694422689707558,,,,,,,,,,,,False,False
5614696744760324352,,,NGC2447,116.23136138916016,-24.355323791503903,2.5019283,18.508451,-0.1015910994802107,,,,,,,,,,,,False,False
5614696950923397760,,,NGC2447,116.1630630493164,-24.38812828063965,0.8544502,14.561425,-0.0625921365075337,,,,,,,,,,,,False,False
5614698119147216640,,,NGC2447,116.28565216064452,-24.33189582824707,2.357359,18.89783,-0.0559643845909474,,,,,,,,,,,,False,False
5614698428391977344,,,NGC2447,116.28094482421876,-24.307117462158203,1.3385677,16.070412,-0.0877851451598694,,,,,,,,,,,,False,False
5614699012507578752,,,NGC2447,116.23900604248048,-24.325698852539062,1.0153809,15.212048,-0.0442143549613429,,,,,,,,,,,,False,False
5614699596623068672,,,NGC2447,116.28971099853516,-24.27766227722168,1.6273632,16.577463,-0.1245344428916658,,,,,,,,,,,,False,False
5614699974580182272,,,NGC2447,116.28551483154295,-24.245779037475582,0.8883724000000001,14.685017000000002,-0.0693914007430703,,,,,,,,,,,,False,False
5614700902293234688,,,NGC2447,116.17050170898438,-24.27923011779785,1.3249111,16.125999999999998,-0.0700478665103327,,,,,,,,,,,,False,False
5614701005372516736,,,NGC2447,116.11113739013672,-24.29426956176757,1.0493507,15.321087,-0.0494184465516156,,,,,,,,,,,,False,False
5614702242323501952,,,NGC2447,116.09371948242188,-24.236183166503903,1.3851776000000002,16.160173,-0.0947890617814399,,,,,,,,,,,,False,False
5614702482843500288,,,NGC2447,116.23198699951172,-24.258440017700195,2.3283176,18.8002,-0.057803252078341,,,,,,,,,,,,False,False
5614702517200873856,,,NGC2447,116.21247863769533,-24.256317138671875,1.3004627,15.875683,-0.1079433709464795,,,,,,,,,,,,False,False
5614702792078807296,,,NGC2447,116.17847442626952,-24.23816108703613,0.11618328,8.040144999999999,-0.1442054786777164,162.72957,41.921616,0.2576152324374728,,,,,,,,,True,False
5614703097003398016,,,NGC2447,116.26158905029295,-24.20910263061523,2.0225563,17.732222,-0.0868731858277389,,,,,,,,,,,,False,False
5614703238755356416,,,NGC2447,116.20686340332033,-24.20510482788086,1.8015995,16.980322,-0.1196413117575975,,,,,,,,,,,,False,False
5614703303161909248,,,NGC2447,116.24506378173828,-24.18622779846192,2.0481758,17.7911,-0.0865262758728409,,,,,,,,,,,,False,False
5614703822870967040,,,NGC2447,116.1457977294922,-24.197961807250977,1.9450607,17.784206,-0.0668088826450548,,,,,,,,,,,,False,False
5614703994669594880,,,NGC2447,116.20377349853516,-24.18712615966797,0.6630888,13.658456,0.0523086455788031,,,,,,,,,,,,False,False
5614704814993936384,,,NGC2447,115.8280029296875,-24.42489624023437,1.9944057,18.763027,-0.0160036624205498,,,,,,,,,,,,False,False
5614705403419343360,,,NGC2447,115.8570556640625,-24.379657745361328,1.2956285,15.974961,-0.082747453853974,,,,,,,,,,,,False,False
5614706674729637760,,,NGC2447,115.8360595703125,-24.309410095214844,0.95965576,15.031251,-0.0308420097229935,,,,,,,,,,,,False,False
5614707018326959744,,,NGC2447,115.9200210571289,-24.34393882751465,1.416666,16.21704,-0.0995788716529963,,,,,,,,,,,,False,False
5614707701208103424,,,NGC2447,115.9800033569336,-24.272815704345703,1.995184,18.9066,-0.0102334891273926,,,,,,,,,,,,False,False
5614708770675744640,,,NGC2447,115.93040466308594,-24.250139236450195,1.8677406000000003,17.20887,-0.1076718349484549,,,,,,,,,,,,False,False
5614711278934508544,,,NGC2447,115.8757781982422,-24.260290145874023,0.94944763,14.93741,-0.055362985096228,,,,,,,,,,,,False,False
5614711759971141760,,,NGC2447,115.88306427001952,-24.23301124572754,1.233077,15.816968,-0.0773945705678559,,,,,,,,,,,,False,False
5614711966129243008,,,NGC2447,115.8781280517578,-24.214210510253903,0.6892604999999999,13.727839,0.1466434735243914,,,,,,,,,,,,False,False
5614712756403251840,,,NGC2447,115.84522247314452,-24.20065689086914,1.9956551,17.458788000000002,-0.1093569659498699,,,,,,,,,,,,False,False
5614712859476267008,,,NGC2447,115.84628295898438,-24.18654060363769,1.9115505,17.705767,-0.0666568096423782,,,,,,,,,,,,False,False
5614713340518661376,,,NGC2447,116.02750396728516,-24.26703643798828,0.5703716,13.132577,0.0855196579302412,,,,,,,,,,,,False,False
5614713851601398784,,,NGC2447,116.0563507080078,-24.24226760864257,2.264185,18.096313,-0.098715983331719,,,,,,,,,,,,False,False
5614713924634165632,,,NGC2447,116.05098724365234,-24.23029518127441,1.1677055,15.520682999999998,-0.1052916768108276,,,,,,,,,,,,False,False
5614714023400195712,,,NGC2447,116.08843231201172,-24.211292266845703,0.6881571,13.589588,0.2773441170353199,,,,,,,,,,,,False,False
5614716359862611456,,,NGC2447,116.14450073242188,-24.13485717773437,1.0185118,14.454056,-1.1945598746572552,,,,,,,,,,,,False,False
5614714817987421312,,,NGC2447,115.9714126586914,-24.19460868835449,0.5975256,13.299914,0.0622873419262781,,,,,,,,,,,,False,False
5614714916753760640,,,NGC2447,115.9673843383789,-24.190040588378903,2.2669754,18.71039,-0.0549130444172777,,,,,,,,,,,,False,False
5614714989786058368,,,NGC2447,116.02945709228516,-24.2016658782959,1.1864405,15.710586,-0.0689053491023761,,,,,,,,,,,,False,False
5614715054192431872,,,NGC2447,116.0086898803711,-24.18283271789551,1.9033298,16.618435,-0.219706859223155,,,,,,,,,,,,False,False
5614715264663972608,,,NGC2447,116.00872039794922,-24.17841720581055,0.98526573,15.082916,-0.0503198182508438,,,,,,,,,,,,False,False
5614715264664442112,,,NGC2447,116.0042953491211,-24.16939163208008,0.5633154,13.032326,0.1431734053997678,,,,,,,,,,,,False,False
5614715676980695680,,,NGC2447,116.1399154663086,-24.17685508728028,1.7126122,17.016138,-0.0886705066353877,,,,,,,,,,,,False,False
5614716222423655296,,,NGC2447,116.1809539794922,-24.13553810119629,2.1833878,18.024017,-0.0909603317590323,,,,,,,,,,,,False,False
5614716535974751872,,,NGC2447,116.13587951660156,-24.10286903381348,0.87929344,14.636916,-0.0817916335643135,,,,,,,,,,,,False,False
5614716566017933440,,,NGC2447,116.14397430419922,-24.10551452636719,0.35174942,12.178151,0.1235512990410748,,,,,,,,,,,,False,False
5614716604693696512,,,NGC2447,116.06578063964844,-24.15944099426269,0.70513916,13.858534,0.0994268965994278,,,,,,,,,,,,False,False
5614716810847481600,,,NGC2447,116.0678482055664,-24.13485145568848,2.2164040000000003,18.680717,-0.0497871226441246,,,,,,,,,,,,False,False
5614716810852729088,,,NGC2447,116.07052612304688,-24.133996963500977,1.3420658,16.062658,-0.0912512248999111,,,,,,,,,,,,False,False
5614716875258657024,,,NGC2447,116.04415893554688,-24.14741325378418,1.2573633,15.847404,-0.0866499259229931,,,,,,,,,,,,False,False
5614717223161947776,,,NGC2447,116.0909194946289,-24.112836837768555,2.138916,17.86236,-0.0974539684102777,,,,,,,,,,,,False,False
5614717321935564416,,,NGC2447,116.13419342041016,-24.08739852905273,2.2233105,17.692446,-0.1320063991890395,,,,,,,,,,,,False,False
5614717429327358592,,,NGC2447,116.08747863769533,-24.10149383544922,0.93671036,14.858038,-0.0732654015322911,,,,,,,,,,,,False,False
5614717669845484160,,,NGC2447,116.10408782958984,-24.06493949890137,0.33527946,11.934896,0.1769081880182159,145.5937,157.56648,1.0822341900782795,,,,,,,,,True,True
5614718631918352256,,,NGC2447,115.9538345336914,-24.11821174621582,0.6364956,13.407248499999998,0.1604219839234734,,,,,,,,,,,,False,False
5614719181674260992,,,NGC2447,115.8583755493164,-24.11667442321777,0.60670376,13.358560999999998,0.052491236290443,,,,,,,,,,,,False,False
5614719284753453952,,,NGC2447,115.8753433227539,-24.10923957824707,1.570919,16.606691,-0.0984932319328565,,,,,,,,,,,,False,False
5614720212466237568,,,NGC2447,116.00952911376952,-24.08909606933593,2.4125633,17.78454,-0.1590354164310539,,,,,,,,,,,,False,False
5614720242513325824,,,NGC2447,115.97972106933594,-24.0857162475586,2.1369514,17.976782,-0.0867412323601491,,,,,,,,,,,,False,False
5614720452984348544,,,NGC2447,116.0657730102539,-24.085418701171875,2.0801086,17.745615,-0.0971884645642456,,,,,,,,,,,,False,False
5614720521703830016,,,NGC2447,116.05345916748048,-24.07182312011719,1.349637,15.005868,-0.7077251108026918,,,,,,,,,,,,False,False
5614720556063554304,,,NGC2447,116.05606079101562,-24.05659866333008,1.800375,17.063463,-0.1078833176708621,,,,,,,,,,,,False,False
5614720654830224896,,,NGC2447,116.07530212402344,-24.05648422241211,1.669138,16.822357,-0.1008546036904297,,,,,,,,,,,,False,False
5614720762224334336,,,NGC2447,116.05625915527344,-24.053884506225582,2.2216015,17.28194,-0.1881995466056573,,,,,,,,,,,,False,False
5614720968380386176,,,NGC2447,116.05641174316406,-24.01824188232422,1.6469955000000005,16.648695,-0.1197665545181584,,,,,,,,,,,,False,False
5614721140179170816,,,NGC2447,115.99332427978516,-24.05725860595703,0.956337,14.939885,-0.0671805860239713,,,,,,,,,,,,False,False
5614721238945793664,,,NGC2447,115.99124908447266,-24.03836441040039,2.0235252,17.642052,-0.0958365879046754,,,,,,,,,,,,False,False
5614721273308669056,,,NGC2447,115.95472717285156,-24.06630897521973,2.2622356,18.163898,-0.0925525820855555,,,,,,,,,,,,False,False
5614721380697369344,,,NGC2447,115.95423889160156,-24.04221534729004,0.72459507,13.912019,0.2180554692330069,,,,,,,,,,,,False,False
5614721651262673920,,,NGC2447,116.0203094482422,-24.01681900024414,1.8362904,17.382421,-0.0801769414823599,,,,,,,,,,,,False,False
5614721999172555648,,,NGC2447,116.02681732177734,-23.99517822265625,0.9759989,15.028468,-0.0589558303018114,,,,,,,,,,,,False,False
5614722033532308864,,,NGC2447,116.00836944580078,-23.9852294921875,0.6424484,13.488346,0.1137917678685181,,,,,,,,,,,,False,False
5614721999172542976,,,NGC2447,116.03223419189452,-23.9885368347168,0.8248186,14.408651,-0.1230598198875694,,,,,,,,,,,,False,False
5614726770864691840,,,NGC2447,116.60679626464844,-24.512481689453125,2.0885715,18.009651,-0.0753011195472572,,,,,,,,,,,,False,False
5614729798824265728,,,NGC2447,116.67179107666016,-24.40863609313965,0.92868423,14.791647,-0.0985263649576716,,,,,,,,,,,,False,False
5614730584796488704,,,NGC2447,116.74610137939452,-24.32297515869141,2.0687332,17.662746,-0.1032100800758361,,,,,,,,,,,,False,False
5614757007433244416,,,NGC2447,116.69154357910156,-24.024356842041016,2.4429054,18.745794,-0.0761959177635084,,,,,,,,,,,,False,False
5614775669076032256,,,NGC2447,116.95769500732422,-24.04161071777344,1.2842112,15.194741,-0.4020922943939884,,,,,,,,,,,,False,False
5614776356270577024,,,NGC2447,116.8234405517578,-24.04101181030273,1.3205508999999995,16.058598,-0.0802223651584884,,,,,,,,,,,,False,False
5614776596780714752,,,NGC2447,116.87855529785156,-24.03347396850586,2.3314438,17.80425,-0.1407222832383502,,,,,,,,,,,,False,False
5614778619709021568,,,NGC2447,116.9511260986328,-23.94284248352051,2.0709553,17.502948999999997,-0.12139646659744,,,,,,,,,,,,False,False
5614782742877822464,,,NGC2447,116.892822265625,-23.887977600097656,2.5272274,18.1909,-0.1340556166064472,,,,,,,,,,,,False,False
5614783464432461312,,,NGC2447,116.85778045654295,-23.846290588378903,2.0745392,18.376797,-0.0472066626244476,,,,,,,,,,,,False,False
5614792711507141888,,,NGC2447,116.38876342773438,-24.25028991699219,0.41605854,12.489885,0.0908975282137741,,,,,,,,,,,,False,False
5614792780220148736,,,NGC2447,116.34944152832033,-24.25348281860352,2.3714561,18.726233,-0.0679468105039259,,,,,,,,,,,,False,False
5614792608430579840,,,NGC2447,116.39196014404295,-24.269081115722656,2.2128868,17.337201999999998,-0.177270262246479,,,,,,,,,,,,False,False
5614792913356591744,,,NGC2447,116.37518310546876,-24.23480033874512,0.27145386,12.105196,0.0208299651925499,,,,,,,,,,,,False,False
5614793123823955584,,,NGC2447,116.4164047241211,-24.22240257263184,0.74773884,14.032082999999998,0.4090099550088591,,,,,,,,,,,,False,False
5614793776659167104,,,NGC2447,116.3355941772461,-24.22356414794922,1.4497585,16.308146,-0.0983298610143111,,,,,,,,,,,,False,False
5614793806709848832,,,NGC2447,116.35116577148438,-24.20800971984864,2.3883514,18.392101,-0.0939890932635349,,,,,,,,,,,,False,False
5614793845378583808,,,NGC2447,116.29556274414062,-24.22858047485352,1.0490685,15.287914,-0.0597423454526055,,,,,,,,,,,,False,False
5614794326409350784,,,NGC2447,116.37317657470705,-24.1689682006836,2.5362015,18.683054,-0.0930579448036815,,,,,,,,,,,,False,False
5614794807451046144,,,NGC2447,116.4810562133789,-24.188983917236328,2.2602959,17.468586,-0.1689756540383704,,,,,,,,,,,,False,False
5614794979250005376,,,NGC2447,116.44905853271484,-24.16830635070801,1.306881,16.007435,-0.0826583834687254,,,,,,,,,,,,False,False
5614795215459209472,,,NGC2447,116.49402618408205,-24.15847969055176,1.8212662,16.9519,-0.1297053398030342,,,,,,,,,,,,False,False
5614795387262705664,,,NGC2447,116.53336334228516,-24.14158058166504,2.0744686000000003,17.967617,-0.0761814624020802,,,,,,,,,,,,False,False
5614795666438907264,,,NGC2447,116.50154113769533,-24.11145210266113,2.4270802,18.660233,-0.0797992278728507,,,,,,,,,,,,False,False
5614795868294263168,,,NGC2447,116.41159057617188,-24.141122817993164,1.6141014,16.658304,-0.1063203761064249,,,,,,,,,,,,False,False
5614795906957101056,,,NGC2447,116.4347152709961,-24.13662338256836,1.9137306,18.231436,-0.0304257221779214,,,,,,,,,,,,False,False
5614796113121181312,,,NGC2447,116.37828063964844,-24.14093780517578,1.7295151000000002,16.332338,-0.219557318644657,,,,,,,,,,,,False,False
5614796113121168128,,,NGC2447,116.38005065917967,-24.12700080871582,0.8868761000000001,14.713284,-0.0433092447000852,,,,,,,,,,,,False,False
5614796250560098432,,,NGC2447,116.39663696289062,-24.119224548339844,0.74486446,14.164342,0.9291839303854976,,,,,,,,,,,,False,False
5614796761649027328,,,NGC2447,116.46666717529295,-24.071102142333984,1.823597,18.146666,-0.0202249691975477,,,,,,,,,,,,False,False
5614797040834210304,,,NGC2447,116.3071060180664,-24.172569274902344,0.9483805,14.953578,-0.0454075873797172,,,,,,,,,,,,False,False
5614797277043501312,,,NGC2447,116.2795867919922,-24.15868377685547,2.1296349,17.765135,-0.1051506258714018,,,,,,,,,,,,False,False
5614797277043504896,,,NGC2447,116.2763671875,-24.15666580200196,2.2227077,17.875920999999998,-0.1120408640987363,,,,,,,,,,,,False,False
5614797517561693952,,,NGC2447,116.32164001464844,-24.14632606506348,1.1999941,15.733674,-0.0734246465922136,,,,,,,,,,,,False,False
5614797693669227392,,,NGC2447,116.30391693115234,-24.146867752075195,0.78005886,14.224476,-0.2625950857905072,,,,,,,,,,,,False,False
5614797792439647744,,,NGC2447,116.29359436035156,-24.123390197753903,1.2725286,15.927943,-0.0786456732344428,,,,,,,,,,,,False,False
5614797796748431488,,,NGC2447,116.2979965209961,-24.122447967529297,1.1524487,15.498062,-0.0985338936932542,,,,,,,,,,,,False,False
5614797826799395328,,,NGC2447,116.3286361694336,-24.119930267333984,2.3710957,17.917877,-0.1354510474156081,,,,,,,,,,,,False,False
5614797934187338368,,,NGC2447,116.32569885253906,-24.09763145446777,0.7240095,13.928265,0.1857280679184345,,,,,,,,,,,,False,False
5614798926316864640,,,NGC2447,116.28063201904295,-24.07441520690918,1.7518196,17.109426000000003,-0.0885238106755626,,,,,,,,,,,,False,False
5614799514735223936,,,NGC2447,116.3823013305664,-24.06550407409668,0.42807865,12.35541,0.1924243613388325,,,,,,,,,,,,False,False
5614799755253328896,,,NGC2447,116.4365692138672,-24.055429458618164,1.0174007,15.075352,-0.1029497155357752,,,,,,,,,,,,False,False
5614799961411812096,,,NGC2447,116.38327026367188,-24.04983139038086,1.137949,15.604057,-0.0565681645749023,,,,,,,,,,,,False,False
5614800094543739520,,,NGC2447,116.3962860107422,-24.03574180603028,1.887846,17.202543,-0.1137518799841437,,,,,,,,,,,,False,False
5614800335061856384,,,NGC2447,116.35903930664062,-24.054800033569336,1.8137379,17.128422,-0.1032525115228862,,,,,,,,,,,,False,False
5614800579887158144,,,NGC2447,116.32242584228516,-24.03757286071777,0.58257675,13.199942000000002,0.0823226330321593,,,,,,,,,,,,False,False
5614800682966358912,,,NGC2447,116.32785034179688,-24.02219581604004,2.0995407000000004,16.995146,-0.2054354351741003,,,,,,,,,,,,False,False
5614800786039978368,,,NGC2447,116.35823059082033,-24.03592109680176,2.4727306,18.182787,-0.1258476184420871,,,,,,,,,,,,False,False
5614800992203988608,,,NGC2447,116.34341430664062,-24.026355743408203,0.91590023,14.795886,-0.0641772479441822,,,,,,,,,,,,False,False
5614801022256740224,,,NGC2447,116.35231018066406,-24.013294219970703,1.4228553999999998,16.217617,-0.1024869975870939,,,,,,,,,,,,False,False
5614801060923475072,,,NGC2447,116.32677459716795,-24.012609481811523,1.0469046,15.269843,-0.0633068439288869,,,,,,,,,,,,False,False
5614802435312878592,,,NGC2447,116.48342895507812,-24.066326141357425,1.3903866000000005,16.191376,-0.0914800571549475,,,,,,,,,,,,False,False
5614803431745655296,,,NGC2447,116.54415893554688,-23.984039306640625,2.4510326,18.09229,-0.1312396523703808,,,,,,,,,,,,False,False
5614803569184045312,,,NGC2447,116.63867950439452,-24.02059364318848,1.1482496000000002,14.838246,-0.5639521135085244,,,,,,,,,,,,False,False
5614803805393980032,,,NGC2447,116.59984588623048,-24.018394470214844,1.463316,16.364807,-0.0944288379139632,,,,,,,,,,,,False,False
5614804148993784704,,,NGC2447,116.69615173339844,-23.97530746459961,0.44761658,12.542897,0.1337708179893654,,,,,,,,,,,,False,False
5614804045915246336,,,NGC2447,116.69049072265624,-23.986064910888672,1.6606388,17.538704,-0.0262589487118453,,,,,,,,,,,,False,False
5614804870545900672,,,NGC2447,116.57489776611328,-23.9726619720459,2.0134182000000003,17.403217,-0.1200683085600818,,,,,,,,,,,,False,False
5614804904906888192,,,NGC2447,116.55314636230467,-23.974943161010746,1.5287075,16.558413,-0.0899250401708408,,,,,,,,,,,,False,False
5614805699488008064,,,NGC2447,116.4698486328125,-24.024457931518555,0.5217552,12.898394,0.0855330145231334,,,,,,,,,,,,False,False
5614805866979852800,,,NGC2447,116.46554565429688,-24.012147903442383,2.1923256,17.884876000000002,-0.1054139832497361,,,,,,,,,,,,False,False
5614807103930552832,,,NGC2447,116.37467956542967,-23.97325325012207,2.2342606,18.237822,-0.0819628187898864,,,,,,,,,,,,False,False
5614806455402713472,,,NGC2447,116.51950073242188,-23.96318435668945,2.3759346000000003,18.310806,-0.0986764132838077,,,,,,,,,,,,False,False
5614806485455250816,,,NGC2447,116.47666931152344,-23.97676086425781,2.0879784,17.043066,-0.193182576036898,,,,,,,,,,,,False,False
5614806524121680896,,,NGC2447,116.48057556152344,-23.969444274902344,0.9158516,14.846623999999998,-0.033843353432342,,,,,,,,,,,,False,False
5614807241369586304,,,NGC2447,116.39696502685548,-23.946929931640625,2.0389519,17.12099,-0.1661363299837006,,,,,,,,,,,,False,False
5614807280035984512,,,NGC2447,116.4077377319336,-23.93950080871582,1.9054184,16.620329,-0.2200413101042729,,,,,,,,,,,,False,False
5614807310089015040,,,NGC2447,116.4536361694336,-23.962053298950195,2.1732006,18.169641,-0.0772375180824331,,,,,,,,,,,,False,False
5614807623626062080,,,NGC2447,116.4354019165039,-23.92719650268555,1.1593132,15.605085,-0.0738928347992105,,,,,,,,,,,,False,False
5614807554914267776,,,NGC2447,116.4768524169922,-23.92178153991699,0.6795416,13.658545000000002,0.1577916787025857,,,,,,,,,,,,False,False
5614807829791717888,,,NGC2447,116.458984375,-23.90361976623535,0.95434666,14.993199,-0.0379601478411013,,,,,,,,,,,,False,False
5614808139029315200,,,NGC2447,116.52696228027344,-23.940204620361328,0.27558136,11.980031,0.0769391600640277,,,,,,,,,,,,False,True
5614808340885213312,,,NGC2447,116.53419494628906,-23.905141830444336,1.8260345,17.546831,-0.0622112436256044,,,,,,,,,,,,False,False
5614808551346080896,,,NGC2447,116.61476135253906,-23.89518547058105,1.9390411,17.380682,-0.1050015092782735,,,,,,,,,,,,False,False
5614809101102493056,,,NGC2447,116.51859283447266,-23.900453567504886,1.6015091,16.642689,-0.1041854414520364,,,,,,,,,,,,False,False
5614809135461675520,,,NGC2447,116.53762817382812,-23.88562774658203,1.2840328,15.9720745,-0.0764947315929179,,,,,,,,,,,,False,False
5614810097534849280,,,NGC2447,116.1994857788086,-24.11232566833496,1.9000378,16.546825,-0.235648279848414,,,,,,,,,,,,False,False
5614810127585730560,,,NGC2447,116.18257904052734,-24.11975479125977,2.344717,18.542318,-0.0763927065065091,,,,,,,,,,,,False,False
5614810922168675584,,,NGC2447,116.22064971923828,-24.056718826293945,1.2713108,15.749403,-0.1208883444578251,,,,,,,,,,,,False,False
5614811197046486912,,,NGC2447,116.15967559814452,-24.074981689453125,0.53466797,12.86741,0.1631970550021537,,,,,,,,,,,,False,False
5614811227106269312,,,NGC2447,116.12980651855467,-24.0732421875,1.8846512,17.399004,-0.0899820639185989,,,,,,,,,,,,False,False
5614811330178017792,,,NGC2447,116.17100524902344,-24.05095672607422,0.31485653,12.059435,0.1081704100716276,,,,,,,,,,,,False,False
5614811368845169280,,,NGC2447,116.16007995605467,-24.04938888549805,0.77992153,14.21371,-0.3582584169381745,,,,,,,,,,,,False,False
5614811368845176192,,,NGC2447,116.15213012695312,-24.05387687683105,1.13978,14.783532999999998,-0.6340027872819796,,,,,,,,,,,,False,False
5614811570696340352,,,NGC2447,116.14501953125,-24.04117584228516,1.7318478,16.647108,-0.150862676177132,,,,,,,,,,,,False,False
5614811609363325568,,,NGC2447,116.16438293457033,-24.028059005737305,0.14123726,10.446159,0.0468618458380384,7.1298733,5.2721143,0.7394401103873753,,,,,,,,,True,True
5614811639415828096,,,NGC2447,116.14104461669922,-24.03637313842773,2.0007954,17.464895000000002,-0.1098431915865474,,,,,,,,,,,,False,False
5614811643723081344,,,NGC2447,116.13894653320312,-24.02594566345215,0.65287304,13.57176,0.0872732585733636,,,,,,,,,,,,False,False
5614811781162010112,,,NGC2447,116.17977142333984,-24.03993988037109,0.47068977,12.357196,0.2797902945101414,,,,,,,,,,,,False,False
5614811987320436992,,,NGC2447,116.1736831665039,-24.02386474609375,0.46957588,12.643508,0.1224581942264774,,,,,,,,,,,,False,False
5614811987320443776,,,NGC2447,116.1647491455078,-24.02108764648437,0.808403,14.319696,-0.2147126363281664,,,,,,,,,,,,False,False
5614812124759364864,,,NGC2447,116.1864013671875,-23.99988174438477,0.7041445,13.865652,0.0779726896812138,,,,,,,,,,,,False,False
5614812193478846336,,,NGC2447,116.1748275756836,-23.987245559692383,0.8381261999999999,14.464873,-0.1078582634127714,,,,,,,,,,,,False,False
5614812223531539456,,,NGC2447,116.19395446777344,-23.981779098510746,1.7547683999999997,17.000792,-0.1029745243126924,,,,,,,,,,,,False,False
5614812468356648064,,,NGC2447,116.29166412353516,-24.00867080688477,0.74593925,14.043327,0.3520230744704939,,,,,,,,,,,,False,False
5614812296558228224,,,NGC2447,116.28998565673828,-24.020984649658203,1.889349,16.52307,-0.2374346500428605,,,,,,,,,,,,False,False
5614812640155361024,,,NGC2447,116.26329040527344,-23.99919128417969,0.3776579,12.178035,0.16824971352112,,,,,,,,,,,,False,False
5614812708869220224,,,NGC2447,116.29197692871094,-23.998136520385746,2.2547798,18.821415,-0.0471063836866793,,,,,,,,,,,,False,False
5614812708874796160,,,NGC2447,116.29370880126952,-23.98412704467773,0.60349274,13.267326,0.1236756611913865,,,,,,,,,,,,False,False
5614812846313704576,,,NGC2447,116.34192657470705,-23.990020751953125,0.1397313999999999,10.877575,0.0746174373506031,180.21849,83.710526,0.4644946586779192,,,,,,,,,True,True
5614813018112398080,,,NGC2447,116.32776641845705,-23.969785690307617,0.30949306,12.132565,0.0710030798428539,,,,,,,,,,,,False,False
5614813082525016448,,,NGC2447,116.3079833984375,-23.976701736450195,2.3587093,18.233425,-0.1024929959359351,,,,,,,,,,,,False,False
5614813151244539136,,,NGC2447,116.28861236572266,-23.96450614929199,1.583292,16.646507,-0.0969703358267109,,,,,,,,,,,,False,False
5614813219964031360,,,NGC2447,116.32034301757812,-23.95683670043945,1.7425518,16.992954,-0.1004064092871947,,,,,,,,,,,,False,False
5614813224273507072,,,NGC2447,116.32877349853516,-23.96018218994141,1.5847129999999998,16.596622,-0.105235620030855,,,,,,,,,,,,False,False
5614813288687532160,,,NGC2447,116.3089599609375,-23.95469665527344,2.4818516,18.556602,-0.0949438079510768,,,,,,,,,,,,False,False
5614813357402832512,,,NGC2447,116.2353515625,-24.00622367858887,2.2579860000000003,18.333532,-0.0784398643654236,,,,,,,,,,,,False,False
5614813396069620736,,,NGC2447,116.24593353271484,-23.99504470825196,0.7726917,14.15257,-2.4895545190038275,,,,,,,,,,,,False,False
5614813460482795776,,,NGC2447,116.2390365600586,-23.97975349426269,2.3386803,18.55415,-0.0747143220931387,,,,,,,,,,,,False,False
5614813700999959296,,,NGC2447,116.1965560913086,-23.96699142456055,0.27760792,12.049485,0.0542455412900419,,,,,,,,,,,,False,False
5614813700999959424,,,NGC2447,116.20775604248048,-23.96728515625,0.32448006,11.958389,0.1549415535070399,205.8967,129.51555,0.6290316940485203,,,,,,,,,True,True
5614813838439315456,,,NGC2447,116.22511291503906,-23.95815467834473,2.5242157000000005,18.304787,-0.1225335372799553,,,,,,,,,,,,False,False
5614813842746211584,,,NGC2447,116.22798919677734,-23.95357131958008,2.0707588,16.546463,-0.3019323280343294,,,,,,,,,,,,False,False
5614814014537991680,,,NGC2447,116.2794189453125,-23.94036674499512,2.133316,17.142727,-0.1883318695781567,,,,,,,,,,,,False,False
5614814014544841344,,,NGC2447,116.2799072265625,-23.93957901000977,1.119379,15.491558,-0.0700142479778911,,,,,,,,,,,,False,False
5614814014544849280,,,NGC2447,116.27423858642578,-23.94321632385254,1.4552097,16.344611999999998,-0.0943379835331056,,,,,,,,,,,,False,False
5614814078961514752,,,NGC2447,116.31692504882812,-23.93185234069824,2.2400532,18.322716,-0.0764436515168778,,,,,,,,,,,,False,False
5614814083264283904,,,NGC2447,116.308837890625,-23.934160232543945,0.9021654,14.74446,-0.0638865936313418,,,,,,,,,,,,False,False
5614814147676551424,,,NGC2447,116.29861450195312,-23.91630935668945,0.14643288,10.362898,0.0424584022010393,210.3233,55.56026,0.2641659768556313,,,,,,,,,True,True
5614814147676552064,,,NGC2447,116.29999542236328,-23.92145347595215,0.27706146,11.972227,0.0817829425424275,215.71275,103.3543,0.4791293050596221,,,,,,,,,True,True
5614814151983765760,,,NGC2447,116.2989501953125,-23.92605209350586,0.20576859,11.954062,-0.0148691644555703,,,,,,,,,,,,False,False
5614814186343564416,,,NGC2447,116.25167846679688,-23.94025802612305,0.6076784000000001,13.280848,0.132065266325684,,,,,,,,,,,,False,False
5614814186346221568,,,NGC2447,116.24845886230467,-23.93737030029297,1.4276638,15.543119,-0.3260757743374134,,,,,,,,,,,,False,False
5614814250756253184,,,NGC2447,116.24715423583984,-23.93295288085937,1.5978298,16.645355,-0.1024327770031298,,,,,,,,,,,,False,False
5614814289422750080,,,NGC2447,116.26408386230467,-23.91625022888184,1.0891142,15.660365,-0.0054170873775514,,,,,,,,,,,,False,False
5614814289422760576,,,NGC2447,116.25321197509766,-23.9188289642334,1.070056,14.600525,-0.8414316316023391,,,,,,,,,,,,False,False
5614814392501964032,,,NGC2447,116.26175689697266,-23.91084861755371,1.9556847,17.513968,-0.0942310112628675,,,,,,,,,,,,False,False
5614814461221647744,,,NGC2447,116.09716033935548,-24.04137420654297,0.7033014,13.071025,0.7724398853619103,,,,,,,,,,,,False,False
5614814491274122624,,,NGC2447,116.10960388183594,-24.032899856567383,2.138897,17.879175,-0.0958711656865474,,,,,,,,,,,,False,False
5614814491274144768,,,NGC2447,116.11612701416016,-24.024946212768555,1.694376,16.917473,-0.0958283244025277,,,,,,,,,,,,False,False
5614814491278342272,,,NGC2447,116.11434173583984,-24.04044532775879,2.3516026,18.859667,-0.0573852057963006,,,,,,,,,,,,False,False
5614814564300855808,,,NGC2447,116.10286712646484,-24.01776123046875,0.62021446,13.409646,0.0726309170831672,,,,,,,,,,,,False,False
5614814701739890432,,,NGC2447,116.13155364990234,-23.998565673828125,1.3904591,16.029615,-0.1253619753386486,,,,,,,,,,,,False,False
5614814736099555712,,,NGC2447,116.08111572265624,-24.01939582824707,1.2215929,15.782082999999998,-0.0774871261128906,,,,,,,,,,,,False,False
5614814766152077696,,,NGC2447,116.09574127197266,-24.01537704467773,2.1259499,17.757748,-0.105163262189882,,,,,,,,,,,,False,False
5614814873538582912,,,NGC2447,116.1026611328125,-24.00317192077637,1.5311155,15.73824,-0.3121744835724134,,,,,,,,,,,,False,False
5614814903591115392,,,NGC2447,116.11044311523438,-23.986948013305664,1.8572197,17.2694,-0.0976823247021709,,,,,,,,,,,,False,False
5614815079691227648,,,NGC2447,116.14127349853516,-23.988908767700195,2.2775478,18.71359,-0.0561454405393749,,,,,,,,,,,,False,False
5614815182776067072,,,NGC2447,116.1840362548828,-23.97250747680664,1.0210896,15.178942,-0.0636132130908442,,,,,,,,,,,,False,False
5614815182778703232,,,NGC2447,116.17497253417967,-23.968860626220703,0.16077423,10.582511,0.0805515801268144,216.95375,38.795605,0.17881970235591688,,,,,,,,,True,True
5614815251495546112,,,NGC2447,116.17082214355467,-23.95571136474609,1.5611382,16.490366,-0.1137840690852791,,,,,,,,,,,,False,False
5614815354574912768,,,NGC2447,116.1124496459961,-23.9671573638916,2.4554825,17.904785,-0.1526651145372278,,,,,,,,,,,,False,False
5614815384627136768,,,NGC2447,116.12667083740234,-23.95124626159668,0.41703987,12.589294,0.0179029977020427,,,,,,,,,,,,False,False
5614815423294263552,,,NGC2447,116.14273834228516,-23.955265045166016,0.60617256,13.291286,0.1145180466271323,,,,,,,,,,,,False,False
5614815320215058560,,,NGC2447,116.13673400878906,-23.96398735046387,1.0460682,9.492211,0.3917197438022773,7.9591017,1.9478616,0.2447338498011654,,,,,,,,,True,False
5614815350267777152,,,NGC2447,116.11485290527344,-23.96743965148925,2.1694965,18.067362,-0.0848286834659277,,,,,,,,,,,,False,False
5614815457653979136,,,NGC2447,116.16381072998048,-23.94890594482422,1.7498169,16.878012,-0.1186735894224522,,,,,,,,,,,,False,False
5614815595095605248,,,NGC2447,116.06734466552734,-23.98893547058105,0.11175156,10.444158,0.0187125758958666,80.71454,16.86585,0.20895677532201756,,,,,,,,,True,True
5614815625145618432,,,NGC2447,116.0440444946289,-23.98789405822754,2.312271,18.271214,-0.0918476199664601,,,,,,,,,,,,False,False
5614815625145632640,,,NGC2447,116.04872131347656,-23.98275375366211,1.7987098999999998,17.169456,-0.0941639803815408,,,,,,,,,,,,False,False
5614815663812488960,,,NGC2447,116.0598602294922,-23.97048568725586,1.0385227,15.2836075,-0.0488409525504925,,,,,,,,,,,,False,False
5614815762584630912,,,NGC2447,116.0803680419922,-23.96896743774414,2.403185,18.386215,-0.0967179632932805,,,,,,,,,,,,False,False
5614815801251429504,,,NGC2447,116.08419036865234,-23.95712852478028,1.2291403,15.79975,-0.0786312457373554,,,,,,,,,,,,False,False
5614815938690400256,,,NGC2447,116.03800201416016,-23.959192276000977,0.69058514,13.749037,0.1309561466216892,,,,,,,,,,,,False,False
5614815968747116672,,,NGC2447,116.0548095703125,-23.96316337585449,1.7851543,17.370544,-0.0690716316736523,,,,,,,,,,,,False,False
5614816003102858112,,,NGC2447,116.0621566772461,-23.950639724731445,2.0932732,17.915134,-0.0840750228012658,,,,,,,,,,,,False,False
5614816037462590080,,,NGC2447,116.0495834350586,-23.95249938964844,1.9727497,16.865997,-0.1913366837961413,,,,,,,,,,,,False,False
5614816071822382976,,,NGC2447,116.0624008178711,-23.93762969970703,2.144207,17.147238,-0.1905139978858083,,,,,,,,,,,,False,False
5614816076129339008,,,NGC2447,116.06441497802734,-23.935752868652344,0.6159344,13.338736,0.1192092526385434,,,,,,,,,,,,False,False
5614816106182030080,,,NGC2447,116.10430145263672,-23.96457672119141,1.4905128,16.441292,-0.0931931733145487,,,,,,,,,,,,False,False
5614816110489059968,,,NGC2447,116.11131286621094,-23.961292266845703,1.3178043,16.01355,-0.0876660368372403,,,,,,,,,,,,False,False
5614816179208540544,,,NGC2447,116.0954360961914,-23.945087432861328,0.16347313,11.047961,0.1011821714633904,214.5547,82.456024,0.3843123641663408,,,,,,,,,True,True
5614816213568265600,,,NGC2447,116.10804748535156,-23.93518829345703,0.9732981,15.066594,-0.0384476677989345,,,,,,,,,,,,False,False
5614816213568267008,,,NGC2447,116.10999298095705,-23.940807342529297,1.2950649,16.218166,-0.0400970267222568,,,,,,,,,,,,False,False
5614816213568273664,,,NGC2447,116.09906005859376,-23.93665313720703,1.2448092,15.84818,-0.0782347395809582,,,,,,,,,,,,False,False
5614816247927993216,,,NGC2447,116.1202392578125,-23.93492126464844,0.78858757,14.324456,0.0134223818792542,,,,,,,,,,,,False,False
5614816419726706176,,,NGC2447,116.09133911132812,-23.93160057067871,0.63652134,13.476705,0.09308843309453,,,,,,,,,,,,False,False
5614816591519524736,,,NGC2447,116.10222625732422,-23.907283782958984,2.1379929,17.955667000000002,-0.0887724850080615,,,,,,,,,,,,False,False
5614816621582177792,,,NGC2447,116.10875701904295,-23.89785575866699,1.7189331,16.796778,-0.1210164394827719,,,,,,,,,,,,False,False
5614816694604704896,,,NGC2447,116.20852661132812,-23.94803810119629,0.61523914,13.360572,0.0946340915097586,,,,,,,,,,,,False,False
5614816832043437312,,,NGC2447,116.22147369384766,-23.92551612854004,1.3299408,16.044428,-0.0882255744103396,,,,,,,,,,,,False,False
5614816862096361856,,,NGC2447,116.20379638671876,-23.93377113342285,1.9928932,17.826302,-0.0726399073697183,,,,,,,,,,,,False,False
5614816862096901760,,,NGC2447,116.2101821899414,-23.92836952209473,2.1964378,18.889631,-0.0361954524611306,,,,,,,,,,,,False,False
5614816866403194112,,,NGC2447,116.20655822753906,-23.92898368835449,0.7825613,14.238971,-0.2137085816489724,,,,,,,,,,,,False,False
5614816866403195392,,,NGC2447,116.20309448242188,-23.9245662689209,0.4716177,12.674643,0.1048289285287917,,,,,,,,,,,,False,False
5614816694604515328,,,NGC2447,116.20457458496094,-23.945600509643555,1.2625132,15.908687,-0.0765019191329587,,,,,,,,,,,,False,False
5614816694604520064,,,NGC2447,116.20114135742188,-23.9465389251709,0.3055439,9.753445,0.0508363732688982,143.37112,12.264546,0.08554404820161829,,,,,,,,,True,False
5614816900762924160,,,NGC2447,116.21234130859376,-23.924840927124023,1.4915943,16.401129,-0.1004145743949828,,,,,,,,,,,,False,False
5614817136978225152,,,NGC2447,116.1749496459961,-23.91163825988769,2.0714931,17.824667,-0.0880062365287809,,,,,,,,,,,,False,False
5614817141275186176,,,NGC2447,116.18112182617188,-23.91059112548828,2.4538803,17.943146,-0.1479104060243443,,,,,,,,,,,,False,False
5614817141281124992,,,NGC2447,116.17388153076172,-23.91187858581543,1.6649723,16.775381,-0.1062642015681687,,,,,,,,,,,,False,False
5614817171334553728,,,NGC2447,116.19293975830078,-23.896135330200195,2.195835,17.785913,-0.1161226794276668,,,,,,,,,,,,False,False
5614817175640826752,,,NGC2447,116.1963348388672,-23.89365196228028,1.0954256000000002,15.256791,-0.1265477002785252,,,,,,,,,,,,False,False
5614817175640834048,,,NGC2447,116.18968200683594,-23.89339065551757,0.124464035,10.646072,0.0457994491536476,124.53513,35.15297,0.2822735239446091,,,,,,,,,True,True
5614817205693779712,,,NGC2447,116.2353515625,-23.922447204589844,1.6990986,16.842081,-0.1077540708464815,,,,,,,,,,,,False,False
5614817003836569344,,,NGC2447,116.15892791748048,-23.938232421875,2.2937927000000005,18.728851,-0.0574223837577293,,,,,,,,,,,,False,False
5614817003836571008,,,NGC2447,116.15222930908205,-23.92755699157715,2.4156284,18.161066,-0.1184380589891692,,,,,,,,,,,,False,False
5614817003842193152,,,NGC2447,116.160400390625,-23.92133903503418,1.5094128,15.702229999999998,-0.3127932560298944,,,,,,,,,,,,False,False
5614817244360263808,,,NGC2447,116.24723815917967,-23.91339492797852,0.96794224,14.967977,-0.0741271522164571,,,,,,,,,,,,False,False
5614817416158942464,,,NGC2447,116.24703216552734,-23.888671875,1.3309993999999998,16.015457,-0.0947986231190467,,,,,,,,,,,,False,False
5614817446212058752,,,NGC2447,116.26194763183594,-23.87570953369141,2.179594,18.06988,-0.0863743064144516,,,,,,,,,,,,False,False
5614817484872702336,,,NGC2447,116.2151107788086,-23.89588165283203,2.276926,17.938114000000002,-0.1159070484800969,,,,,,,,,,,,False,False
5614817484872702720,,,NGC2447,116.2134017944336,-23.888872146606445,2.301365,18.401674,-0.0800573563164495,,,,,,,,,,,,False,False
5614817514935387904,,,NGC2447,116.22635650634766,-23.886951446533203,0.4036703,12.343649,0.1478380815155545,,,,,,,,,,,,False,False
5614817519238170112,,,NGC2447,116.23009490966795,-23.885162353515625,1.0321321,15.211448,-0.065874601382099,,,,,,,,,,,,False,False
5614817587957663360,,,NGC2447,116.20936584472656,-23.87417984008789,1.095233,8.974615,0.2313468365385787,10.366464,1.9203238,0.18524385942979207,,,,,,,,,True,False
5614817721090006528,,,NGC2447,116.24036407470705,-23.86257553100586,0.7428627,13.906508,0.4297927972428466,,,,,,,,,,,,False,False
5614817828475932416,,,NGC2447,116.13683319091795,-23.91732788085937,1.0111914,15.116559,-0.0748946349944486,,,,,,,,,,,,False,False
5614817927248373376,,,NGC2447,116.1772003173828,-23.88830184936523,0.6434164000000001,13.456776,0.1498173758927478,,,,,,,,,,,,False,False
5614817927248843136,,,NGC2447,116.18526458740234,-23.88460350036621,2.2875633,18.21362,-0.0925838773895308,,,,,,,,,,,,False,False
5614817995967873920,,,NGC2447,116.16442108154295,-23.8750114440918,2.2158375,18.29841,-0.0744290913763337,,,,,,,,,,,,False,False
5614818000274571648,,,NGC2447,116.16775512695312,-23.88372039794922,0.75428677,14.104704000000002,0.6995679559159751,,,,,,,,,,,,False,False
5614818000274575232,,,NGC2447,116.16175842285156,-23.87894630432129,0.24020481,12.307093,-0.1552740851101687,,,,,,,,,,,,False,False
5614818034634354944,,,NGC2447,116.1320571899414,-23.89472961425781,0.46319962,12.722651,0.0384401195565293,,,,,,,,,,,,False,False
5614818034634362752,,,NGC2447,116.1247100830078,-23.898054122924805,0.8940486999999999,14.73835,-0.0459997348743373,,,,,,,,,,,,False,False
5614818068994086272,,,NGC2447,116.13308715820312,-23.88381385803223,1.0895224,15.444146,-0.0550866764476885,,,,,,,,,,,,False,False
5614818068994092800,,,NGC2447,116.12769317626952,-23.88690757751465,0.4585532999999999,12.627599,0.1027453470357292,,,,,,,,,,,,False,False
5614818099053955328,,,NGC2447,116.1116180419922,-23.89338493347168,0.34283924,12.268811,0.0663587131691626,,,,,,,,,,,,False,False
5614818103353837568,,,NGC2447,116.12235260009766,-23.88940620422364,0.07106686,10.809961,-0.0121684302882091,,,,,,,,,,,,False,False
5614818103353851264,,,NGC2447,116.11138916015624,-23.89416694641113,0.53733635,12.952973,0.0997190998145741,,,,,,,,,,,,False,False
5614818103353971968,,,NGC2447,116.10668182373048,-23.89057540893555,0.7256298000000001,13.954772,0.1582151713507712,,,,,,,,,,,,False,False
5614818133410667008,,,NGC2447,116.120849609375,-23.88017272949219,2.1545715,17.945023000000003,-0.0927556862742743,,,,,,,,,,,,False,False
5614818133410667136,,,NGC2447,116.12132263183594,-23.87519645690918,2.4697495,18.009375,-0.1433400866409123,,,,,,,,,,,,False,False
5614818137713708288,,,NGC2447,116.12380981445312,-23.87899398803711,0.5842705,12.525664,0.4902051665970426,,,,,,,,,,,,False,False
5614818172073278208,,,NGC2447,116.14774322509766,-23.87173271179199,0.6752424,13.066258,0.6415824356767565,,,,,,,,,,,,False,False
5614818206427221120,,,NGC2447,116.1605987548828,-23.860652923583984,2.068161,18.119652,-0.0633128152867354,,,,,,,,,,,,False,False
5614818206433002496,,,NGC2447,116.15652465820312,-23.86672401428223,0.61703014,13.364219,0.100368615380922,,,,,,,,,,,,False,False
5614818240787159808,,,NGC2447,116.12915802001952,-23.867435455322266,2.2762184,18.733694,-0.0547977307056976,,,,,,,,,,,,False,False
5614818240792756224,,,NGC2447,116.14021301269533,-23.86167907714844,1.0769806,9.25937,0.3216309278740452,11.288874,1.7734318,0.15709554380711488,,,,,,,,,True,False
5614818240792768128,,,NGC2447,116.13783264160156,-23.87592124938965,1.9276295,16.669323000000002,-0.216959493423818,,,,,,,,,,,,False,False
5614818240792922240,,,NGC2447,116.13379669189452,-23.87284851074219,0.5954304,13.257423,0.0923059405595325,,,,,,,,,,,,False,False
5614818270849625216,,,NGC2447,116.14720153808594,-23.85657501220703,0.4832697,12.00502,0.3778124164567622,,,,,,,,,,,,False,False
5614818275152476928,,,NGC2447,116.1512222290039,-23.85480880737305,0.93266773,14.188079,-7.1424402734473045,,,,,,,,,,,,False,False
5614818275152486400,,,NGC2447,116.14180755615234,-23.85280799865723,0.16619492,9.95021,0.0024470896051943,92.515,9.661393,0.10443055720693942,,,,,,,,,True,False
5614818275152488192,,,NGC2447,116.14614868164062,-23.86154365539551,-0.010059357,9.704883,-0.1442414661970104,98.92429,13.928612,0.1408007275058532,,,,,,,,,True,False
5614818378225908096,,,NGC2447,116.18423461914062,-23.87145805358887,2.2114086,18.388235,-0.067353738786131,,,,,,,,,,,,False,False
5614818378231667968,,,NGC2447,116.17767333984376,-23.86090850830078,0.7084007,13.844053,0.1518278204681803,,,,,,,,,,,,False,False
5614818412585644160,,,NGC2447,116.19335174560548,-23.850330352783203,2.3069649,18.672417000000003,-0.0626000237495086,,,,,,,,,,,,False,False
5614818446951113472,,,NGC2447,116.20608520507812,-23.85545539855957,0.47092628,12.712999,0.071441357622149,,,,,,,,,,,,False,False
5614818515663808768,,,NGC2447,116.2007827758789,-23.85349464416504,0.52836895,13.003358,0.0118303230355102,,,,,,,,,,,,False,False
5614818515670596352,,,NGC2447,116.1964111328125,-23.847888946533203,1.5867844,16.461857000000002,-0.1293463661172897,,,,,,,,,,,,False,False
5614818550023432448,,,NGC2447,116.2148208618164,-23.82839775085449,0.9971733,16.09649,0.099818250783716,,,,,,,,,,,,False,False
5614818550032969344,,,NGC2447,116.21370697021484,-23.82747840881348,1.0721235,9.295062,0.3324493894476207,9.009307,1.4345518,0.15922998294985397,,,,,,,,,True,False
5614818580082796032,,,NGC2447,116.17256927490234,-23.85102462768555,0.12798119,10.454858,0.0350523043613242,,,,,,,,,,,,False,True
5614818584390302592,,,NGC2447,116.1722412109375,-23.852703094482425,0.68137264,13.837838,-0.0827149959588551,,,,,,,,,,,,False,False
5614818614442533888,,,NGC2447,116.18120574951172,-23.84760475158692,0.48095798,12.676372,0.1316242744169964,,,,,,,,,,,,False,False
5614818614442534016,,,NGC2447,116.17765808105467,-23.848819732666016,1.0622635,9.351869,0.3485744572067163,9.504058,1.2576233,0.13232487638438234,,,,,,,,,True,False
5614818648802967680,,,NGC2447,116.15877532958984,-23.84236526489257,2.367157,18.0596,-0.1199871258743816,,,,,,,,,,,,False,False
5614818653109579392,,,NGC2447,116.16325378417967,-23.84413146972656,0.5313158,12.926718,0.0984858335452618,,,,,,,,,,,,False,False
5614818653109588352,,,NGC2447,116.1610870361328,-23.85464668273925,0.7189264,13.910181,0.1566099423189478,,,,,,,,,,,,False,False
5614818683162009344,,,NGC2447,116.1683578491211,-23.83329963684082,0.46810246,12.040048,0.349579211408057,,,,,,,,,,,,False,False
5614818683162010240,,,NGC2447,116.17483520507812,-23.83796310424805,0.17531872,9.952032,0.0086969588487615,43.57007,4.6719446,0.10722830144638279,,,,,,,,,True,False
5614818721829016960,,,NGC2447,116.19114685058594,-23.8271541595459,0.9445734,14.91443,-0.0577733013595693,,,,,,,,,,,,False,False
5614818751882202368,,,NGC2447,116.20761108398438,-23.831483840942383,2.4048805,18.813385,-0.0669400499949012,,,,,,,,,,,,False,False
5614818756188748544,,,NGC2447,116.19721221923828,-23.828798294067383,1.0605573999999998,15.322312,-0.061559621708884,,,,,,,,,,,,False,False
5614818756188749568,,,NGC2447,116.19452667236328,-23.825986862182617,1.57448,16.490988,-0.1190424912305847,,,,,,,,,,,,False,False
5614818790548731264,,,NGC2447,116.17195129394533,-23.82809257507324,1.292573,15.981221,-0.0796695145162963,,,,,,,,,,,,False,False
5614818687469313664,,,NGC2447,116.16244506835938,-23.836896896362305,0.5909786,12.6095295,0.4846141437646257,,,,,,,,,,,,False,False
5614818717521747456,,,NGC2447,116.19126892089844,-23.83125114440918,0.5483741999999999,12.774092,0.2799727361401629,,,,,,,,,,,,False,False
5614818717521748352,,,NGC2447,116.1958465576172,-23.83701133728028,0.24422836,9.77902,0.0194451286174958,125.941025,17.826744,0.14154834772862934,,,,,,,,,True,False
5614818824908221952,,,NGC2447,116.1899871826172,-23.81017303466797,0.7671479999999999,14.106874,1.7054140508178524,,,,,,,,,,,,False,False
5614819095479406464,,,NGC2447,116.38697814941406,-23.91897773742676,1.9400558,17.398726999999997,-0.1031800735241919,,,,,,,,,,,,False,False
5614819198562532352,,,NGC2447,116.3371353149414,-23.92143630981445,0.37636566,12.374666,0.0744528552224372,,,,,,,,,,,,False,False
5614819202865263616,,,NGC2447,116.33604431152344,-23.9213924407959,0.4269848,12.449526,0.1421012906709442,,,,,,,,,,,,False,False
5614819237224982656,,,NGC2447,116.3474349975586,-23.91172790527344,1.0855207,14.828157,-0.4350672655524962,,,,,,,,,,,,False,False
5614819237224989056,,,NGC2447,116.34269714355467,-23.91333770751953,1.0077744,15.184323999999998,-0.043914393349886,,,,,,,,,,,,False,False
5614819340297052416,,,NGC2447,116.36479949951172,-23.90725517272949,2.5016594,18.779951,-0.0816684546585724,,,,,,,,,,,,False,False
5614819439076812800,,,NGC2447,116.42095184326172,-23.90788650512696,2.1054726,18.18248,-0.0650238536715675,,,,,,,,,,,,False,False
5614819786980723328,,,NGC2447,116.38807678222656,-23.87133979797364,0.82695866,14.469314,-0.0382673179079638,,,,,,,,,,,,False,False
5614819821340446720,,,NGC2447,116.40503692626952,-23.876420974731445,1.1666498,15.593812,-0.0829749792993983,,,,,,,,,,,,False,False
5614819920113264896,,,NGC2447,116.4051284790039,-23.854047775268555,1.992178,17.585998999999997,-0.0948275394583886,,,,,,,,,,,,False,False
5614819924414068352,,,NGC2447,116.4159164428711,-23.85161590576172,2.4190044,18.37879,-0.0997361804161168,,,,,,,,,,,,False,False
5614819954472859904,,,NGC2447,116.32859802246094,-23.92209053039551,1.1010427,15.172269,-0.1739479984529295,,,,,,,,,,,,False,False
5614819988832644608,,,NGC2447,116.3334503173828,-23.90120887756348,2.394991,18.284443,-0.103915503263174,,,,,,,,,,,,False,False
5614820027499006720,,,NGC2447,116.3093490600586,-23.91301155090332,0.7120886,13.888822,0.1184781129917438,,,,,,,,,,,,False,False
5614820126272054272,,,NGC2447,116.3552703857422,-23.88514518737793,1.8430653,17.267001999999998,-0.0943607892167028,,,,,,,,,,,,False,False
5614820130578150656,,,NGC2447,116.35699462890624,-23.88183403015137,0.41433048,12.435269,0.1215023295507224,,,,,,,,,,,,False,False
5614820199297641472,,,NGC2447,116.3383560180664,-23.87581253051757,0.21449852,10.180175,0.0721621565307626,109.84368,15.794128,0.1437873166667395,,,,,,,,,True,False
5614820268017149952,,,NGC2447,116.3126983642578,-23.87985992431641,0.73759747,14.033373,0.17471018014471,,,,,,,,,,,,False,False
5614820371096347264,,,NGC2447,116.32279205322266,-23.86995315551757,0.510684,12.732592,0.1830187732418983,,,,,,,,,,,,False,False
5614820577254736256,,,NGC2447,116.35780334472656,-23.86411094665528,1.2538166000000002,15.850399,-0.0836442837156653,,,,,,,,,,,,False,False
5614820538592366848,,,NGC2447,116.36873626708984,-23.868305206298828,0.81260395,14.311093,-0.2956180183277527,,,,,,,,,,,,False,False
5614820852125505536,,,NGC2447,116.33985137939452,-23.849424362182617,2.2926788,18.926464000000003,-0.0463609303721448,,,,,,,,,,,,False,False
5614820882186346752,,,NGC2447,116.34282684326172,-23.83586502075196,2.1971684,18.028643,-0.0929966629563949,,,,,,,,,,,,False,False
5614820920844846848,,,NGC2447,116.36534118652344,-23.831506729125977,2.4763947,18.713156,-0.0828534429499909,,,,,,,,,,,,False,False
5614821023931296512,,,NGC2447,116.3617172241211,-23.817138671875,0.73756504,14.008143,0.2379340196066665,,,,,,,,,,,,False,False
5614821539330356224,,,NGC2447,116.44015502929688,-23.82769012451172,1.2818918,15.955138,-0.078671615678489,,,,,,,,,,,,False,False
5614821573687519104,,,NGC2447,116.4555206298828,-23.81955337524414,0.81612015,14.344487,-0.2111798392141079,,,,,,,,,,,,False,False
5614822157802621952,,,NGC2447,116.4083480834961,-23.830900192260746,0.54440784,12.992142,0.0942085074659701,,,,,,,,,,,,False,False
5614822192162336896,,,NGC2447,116.42777252197266,-23.82485580444336,0.1736927,10.322784,0.0609480932235827,127.79695,11.400467,0.08920766105920369,,,,,,,,,True,True
5614822222215805568,,,NGC2447,116.40333557128906,-23.81950759887696,1.9237404,17.804447,-0.0609765923954248,,,,,,,,,,,,False,False
5614822363961023360,,,NGC2447,116.42376708984376,-23.81131362915039,1.4502182,16.322632000000002,-0.0959533965865465,,,,,,,,,,,,False,False
5614822501400015872,,,NGC2447,116.3801498413086,-23.80001640319824,1.6394099999999998,16.777828,-0.0973372536102836,,,,,,,,,,,,False,False
5614823257314418048,,,NGC2447,116.2798843383789,-23.87185478210449,2.0464249,17.912685,-0.0755645568345396,,,,,,,,,,,,False,False
5614823188594673152,,,NGC2447,116.4426727294922,-23.73996162414551,1.7570171,16.901638000000002,-0.1174486777277704,,,,,,,,,,,,False,False
5614823459166338560,,,NGC2447,116.2859115600586,-23.84274101257324,1.5748558,16.565357000000002,-0.1065426318874887,,,,,,,,,,,,False,False
5614823527885810432,,,NGC2447,116.26226043701172,-23.86252021789551,1.91329,17.058218,-0.1407271605954039,,,,,,,,,,,,False,False
5614823532195018880,,,NGC2447,116.262451171875,-23.85405731201172,1.5151882,16.73687,-0.0606033972626059,,,,,,,,,,,,False,False
5614823562245551744,,,NGC2447,116.26993560791016,-23.84416580200196,1.7626991,16.981956,-0.1078456350051082,,,,,,,,,,,,False,False
5614823596605676288,,,NGC2447,116.248046875,-23.85180282592773,2.347351,18.576862,-0.0743960647784387,,,,,,,,,,,,False,False
5614823600911824512,,,NGC2447,116.2396011352539,-23.843318939208984,0.8669863000000001,13.947196,2.039152061458891,,,,,,,,,,,,False,False
5614823699684895872,,,NGC2447,116.28618621826172,-23.82564163208008,0.76318264,14.045639,0.7948844186808923,,,,,,,,,,,,False,False
5614823703990975232,,,NGC2447,116.2894287109375,-23.82568550109864,1.1407051,9.32739,0.378793384704136,10.583423,2.112575,0.19961169462847703,,,,,,,,,True,False
5614823734044280064,,,NGC2447,116.27225494384766,-23.823596954345703,2.1139374,17.154985,-0.1810116708687202,,,,,,,,,,,,False,False
5614823738350739840,,,NGC2447,116.26983642578124,-23.83300399780273,1.352356,15.368294,-0.356382101325696,,,,,,,,,,,,False,False
5614823807070152704,,,NGC2447,116.33073425292967,-23.833988189697266,0.5217638,12.78989,0.1772509751373003,,,,,,,,,,,,False,False
5614823841429880320,,,NGC2447,116.33765411376952,-23.83100318908692,1.7723026000000002,16.335798,-0.2377972192941262,,,,,,,,,,,,False,False
5614823871483232000,,,NGC2447,116.30774688720705,-23.82488441467285,2.2568169,17.839954000000002,-0.1222748772861079,,,,,,,,,,,,False,False
5614823875789649792,,,NGC2447,116.30612182617188,-23.827322006225582,1.0149603,15.173236,-0.0575466555444733,,,,,,,,,,,,False,False
5614823910149356544,,,NGC2447,116.3260498046875,-23.81192779541016,0.10363388,10.985149,0.0272567133814919,63.739887,21.944721,0.3442855334839235,,,,,,,,,True,True
5614824013228550912,,,NGC2447,116.33499145507812,-23.80098342895508,2.4904766,18.498013,-0.1007587091163566,,,,,,,,,,,,False,False
5614824077641678592,,,NGC2447,116.3076171875,-23.815980911254886,1.6225872,16.553053,-0.1269892499131689,,,,,,,,,,,,False,False
5614824077641982080,,,NGC2447,116.29689025878906,-23.81626510620117,2.1887817000000003,18.496357,-0.0568851545424749,,,,,,,,,,,,False,False
5614824253746699520,,,NGC2447,116.34418487548828,-23.78519058227539,1.2645607,15.8628235,-0.0878316307715274,,,,,,,,,,,,False,False
5614824425545553024,,,NGC2447,116.22469329833984,-23.83038902282715,0.4439144,12.492518,0.15678622943623,,,,,,,,,,,,False,False
5614824455602538368,,,NGC2447,116.2350845336914,-23.82151985168457,1.8472958,17.344566,-0.0868120842139229,,,,,,,,,,,,False,False
5614824494264981760,,,NGC2447,116.2612533569336,-23.81614685058593,0.6528921,13.539417000000002,0.1208320862519867,,,,,,,,,,,,False,False
5614824494264987776,,,NGC2447,116.25967407226562,-23.82248306274414,2.0221596,17.489666,-0.1118958790632531,,,,,,,,,,,,False,False
5614824558677266944,,,NGC2447,116.24687957763672,-23.80190467834473,0.32279205,11.892948,0.1703184228732774,329.58298,198.6696,0.6027908358617304,,,,,,,,,True,True
5614824562984474368,,,NGC2447,116.24118041992188,-23.80805015563965,0.68521786,13.749269,0.0909948782166457,,,,,,,,,,,,False,False
5614824562984775680,,,NGC2447,116.24723815917967,-23.8132381439209,0.26005173,12.011971,0.042232220086602,,,,,,,,,,,,False,False
5614824661757247360,,,NGC2447,116.21479034423828,-23.80611228942871,2.0799751,17.665808,-0.1052378792062365,,,,,,,,,,,,False,False
5614824734783193600,,,NGC2447,116.2078857421875,-23.796937942504886,1.5329475,16.497405999999998,-0.1012736497008066,,,,,,,,,,,,False,False
5614824799196231424,,,NGC2447,116.25070190429688,-23.790958404541016,1.7865868000000005,17.065277,-0.1037340439345992,,,,,,,,,,,,False,False
5614824837862383232,,,NGC2447,116.2251434326172,-23.78402709960937,0.47834778,12.708774,0.0983202833128596,,,,,,,,,,,,False,False
5614824970994940416,,,NGC2447,116.27400207519533,-23.7816162109375,1.6590157,16.802877,-0.1002959943758223,,,,,,,,,,,,False,False
5614825009663720320,,,NGC2447,116.28052520751952,-23.768070220947266,0.7275715,13.905814,0.2600751166091599,,,,,,,,,,,,False,False
5614825177153388672,,,NGC2447,116.25657653808594,-23.77060890197754,2.0465832,17.437973,-0.1236227156643405,,,,,,,,,,,,False,False
5614825353258351744,,,NGC2447,116.2956085205078,-23.74262809753418,1.2561588,15.897854,-0.074806453540677,,,,,,,,,,,,False,False
5614825353258357632,,,NGC2447,116.29124450683594,-23.743104934692383,1.8177013,16.990414,-0.1229697622953807,,,,,,,,,,,,False,False
5614825387618491520,,,NGC2447,116.27474212646484,-23.74572944641113,1.8297615000000005,16.365696,-0.2548675131225442,,,,,,,,,,,,False,False
5614825421977850496,,,NGC2447,116.27630615234376,-23.73820495605469,0.42170143,12.574254,0.0427426247671396,,,,,,,,,,,,False,False
5614825525057000832,,,NGC2447,116.35904693603516,-23.77898025512696,1.5441093,16.486532,-0.1075823365612129,,,,,,,,,,,,False,False
5614825937373835136,,,NGC2447,116.36100769042967,-23.74221420288086,1.600481,16.584158,-0.1132056255545884,,,,,,,,,,,,False,False
5614825971728036224,,,NGC2447,116.36722564697266,-23.72688674926757,2.4844437000000004,18.549446,-0.0958614245346443,,,,,,,,,,,,False,False
5614826006093260032,,,NGC2447,116.4185562133789,-23.75724983215332,1.0309811,14.7518835,-0.4029491174709799,,,,,,,,,,,,False,False
5614826109175564800,,,NGC2447,116.40332794189452,-23.73363876342773,2.3346596,18.497433,-0.0780868592984928,,,,,,,,,,,,False,False
5614826242305351296,,,NGC2447,116.42652130126952,-23.71837615966797,1.7801857,17.096729999999997,-0.0979457442232066,,,,,,,,,,,,False,False
5614826414107654528,,,NGC2447,116.41353607177734,-23.709339141845703,2.1614246,17.044237,-0.2140484277514225,,,,,,,,,,,,False,False
5614826276665060608,,,NGC2447,116.38821411132812,-23.7425537109375,2.2742138,18.09963,-0.1001438831462651,,,,,,,,,,,,False,False
5614826830727093248,,,NGC2447,116.29631805419922,-23.73138999938965,0.7181883000000001,13.510072,0.5121063709133671,,,,,,,,,,,,False,False
5614827135658564736,,,NGC2447,116.3723373413086,-23.70620536804199,0.5420084,12.957572,0.115518553228072,,,,,,,,,,,,False,False
5614827243043828992,,,NGC2447,116.38814544677734,-23.691125869750977,0.78528976,14.219253,-0.4415507821034387,,,,,,,,,,,,False,False
5614827376176738432,,,NGC2447,116.34718322753906,-23.700740814208984,1.969738,16.975191,-0.170545313337852,,,,,,,,,,,,False,False
5614827410536498688,,,NGC2447,116.35548400878906,-23.68001174926757,1.7888145,16.998048999999998,-0.1133652485247517,,,,,,,,,,,,False,False
5614827414842551680,,,NGC2447,116.3598175048828,-23.68978500366211,1.6626396,16.085248999999997,-0.2596707089409973,,,,,,,,,,,,False,False
5614827513615719040,,,NGC2447,116.3650894165039,-23.67483139038086,1.7431679,16.940376,-0.1076743634240762,,,,,,,,,,,,False,False
5614827724081592832,,,NGC2447,116.71028137207033,-23.944561004638672,1.1563616,15.647025,-0.0609988965368213,,,,,,,,,,,,False,False
5614828372610356352,,,NGC2447,116.79100036621094,-23.89343452453613,1.9807587,18.606356,-0.0211788428319714,,,,,,,,,,,,False,False
5614829575197931392,,,NGC2447,116.69532012939452,-23.850830078125,1.5962582,16.619492,-0.1058993571830178,,,,,,,,,,,,False,False
5614829785665829760,,,NGC2447,116.7115707397461,-23.825159072875977,1.5931243999999998,16.625147,-0.1038516595989976,,,,,,,,,,,,False,False
5614830850817564032,,,NGC2447,116.86988830566406,-23.785388946533203,1.1314735,15.516357,-0.0740289689830917,,,,,,,,,,,,False,False
5614831774221310848,,,NGC2447,116.78133392333984,-23.776287078857425,1.5269852,16.516098,-0.0958644748195726,,,,,,,,,,,,False,False
5614832328286568704,,,NGC2447,116.61174011230467,-23.85546493530273,1.7197398999999998,16.78528,-0.1230803389353966,,,,,,,,,,,,False,False
5614832530135468032,,,NGC2447,116.6129150390625,-23.8256778717041,1.6479491999999998,16.76955,-0.1013945786060983,,,,,,,,,,,,False,False
5614833182970498176,,,NGC2447,116.5917510986328,-23.82412910461425,2.4639874,18.224365,-0.1204216315397284,,,,,,,,,,,,False,False
5614833286049717504,,,NGC2447,116.6097412109375,-23.82216644287109,2.2425957000000003,18.227795,-0.0841025910602959,,,,,,,,,,,,False,False
5615454411348599168,,,NGC2447,115.40607452392578,-24.193389892578125,1.4366722,16.230219,-0.1067563024572727,,,,,,,,,,,,False,False
5615455094240755200,,,NGC2447,115.4787368774414,-24.13132667541504,2.0904007,17.628657999999998,-0.1113906830792066,,,,,,,,,,,,False,False
5614841841625037184,,,NGC2447,116.85564422607422,-23.6195068359375,1.9181271,18.00939,-0.0449085749209871,,,,,,,,,,,,False,False
5614844968361494912,,,NGC2447,116.8824691772461,-23.530498504638672,1.6233997,16.64702,-0.1114683668473988,,,,,,,,,,,,False,False
5614845281907942784,,,NGC2447,116.5574722290039,-23.78804588317871,0.35785675,12.260982,0.0983781346138902,,,,,,,,,,,,False,False
5614846587577995776,,,NGC2447,116.51681518554688,-23.711877822875977,0.65801144,13.633792,0.0493627601430455,,,,,,,,,,,,False,False
5615462623327385600,,,NGC2447,115.66578674316406,-24.19729423522949,1.1277227,15.541043,-0.0639361555037563,,,,,,,,,,,,False,False
5614848546083001344,,,NGC2447,116.5863037109375,-23.672100067138672,1.2958937,15.720881,-0.1470593898631235,,,,,,,,,,,,False,False
5614849503846784512,,,NGC2447,116.63264465332033,-23.589126586914062,1.3095598,15.989478,-0.0878950617747715,,,,,,,,,,,,False,False
5614849645594744960,,,NGC2447,116.45624542236328,-23.71566390991211,1.1552886999999998,15.641148,-0.0615664882892772,,,,,,,,,,,,False,False
5614849778726168320,,,NGC2447,116.48056030273438,-23.68826675415039,1.1017332,15.421798,-0.0736641977921324,,,,,,,,,,,,False,False
5614849851753162496,,,NGC2447,116.4637222290039,-23.67923927307129,0.9471493,14.972614000000002,-0.0343543244229303,,,,,,,,,,,,False,False
5614849916165115776,,,NGC2447,116.43653106689452,-23.693214416503903,1.9641209,17.41945,-0.1065085222193649,,,,,,,,,,,,False,False
5614849950524862976,,,NGC2447,116.45183563232422,-23.68421745300293,2.2605515,18.255093,-0.0848509603627379,,,,,,,,,,,,False,False
5614850057911597568,,,NGC2447,116.45668029785156,-23.68081092834473,0.6754513000000001,13.719954500000002,0.0587074530397534,,,,,,,,,,,,False,False
5614850465920967424,,,NGC2447,116.46673583984376,-23.65315055847168,2.1354809,17.593525,-0.1249970665708759,,,,,,,,,,,,False,False
5614850538947909120,,,NGC2447,116.4679946899414,-23.6354923248291,1.4327946000000005,16.240181,-0.1029745425022465,,,,,,,,,,,,False,False
5614850809518344832,,,NGC2447,116.39282989501952,-23.662073135375977,1.3418293,16.06148,-0.0913593093785724,,,,,,,,,,,,False,False
5614850843877113472,,,NGC2447,116.41602325439452,-23.64843368530273,0.30922985,12.183364,0.0478156605532301,,,,,,,,,,,,False,False
5614850916905046912,,,NGC2447,116.4503936767578,-23.64175605773925,1.0105143,14.474748000000002,-1.0423624892213603,,,,,,,,,,,,False,False
5614850916905051520,,,NGC2447,116.44039154052734,-23.64023780822754,0.7875061,13.876446,0.8979848287791193,,,,,,,,,,,,False,False
5615465299078917760,,,NGC2447,115.74139404296876,-24.07275390625,2.0431995,18.032978,-0.0654232601446301,,,,,,,,,,,,False,False
5614853833174004096,,,NGC2447,116.50922393798828,-23.52711677551269,1.7817459,17.048975,-0.1044717072854918,,,,,,,,,,,,False,False
5615469460906323712,,,NGC2447,115.68736267089844,-23.992151260375977,1.7962627,17.163397,-0.0942283612519961,,,,,,,,,,,,False,False
5615469697125943296,,,NGC2447,115.6606903076172,-23.98796272277832,1.7683525000000002,17.766478,-0.0331260811469535,,,,,,,,,,,,False,False
5615470422987854720,,,NGC2447,115.88209533691406,-24.05775260925293,0.50701714,12.810529,0.1084172022586686,,,,,,,,,,,,False,False
5615470526067059456,,,NGC2447,115.89813232421876,-24.04420661926269,0.77605057,14.06116,1.2506690579207955,,,,,,,,,,,,False,False
5615470968435833216,,,NGC2447,115.79425048828124,-24.06094169616699,0.63186646,13.455034,0.0895519498063276,,,,,,,,,,,,False,False
5615471178902139136,,,NGC2447,115.77787017822266,-24.049694061279297,1.3791981000000002,15.353031,-0.3953370100066452,,,,,,,,,,,,False,False
5615471380752951936,,,NGC2447,115.79400634765624,-24.01755332946777,1.8047638,17.121979999999997,-0.1015980564613089,,,,,,,,,,,,False,False
5614858750925196416,,,NGC2447,116.61608123779295,-23.527387619018555,1.8151531000000003,17.499706,-0.0639738975251678,,,,,,,,,,,,False,False
5615471591219184512,,,NGC2447,115.87425231933594,-24.01164436340332,1.9418278,17.385733,-0.1050876115128392,,,,,,,,,,,,False,False
5615471625578695680,,,NGC2447,115.85920715332033,-24.01133155822754,1.089508,15.454624,-0.0521684964772161,,,,,,,,,,,,False,False
5615471659938432256,,,NGC2447,115.85694122314452,-24.00282096862793,0.7002754,13.844036,0.0775045789226227,,,,,,,,,,,,False,False
5615471724350370048,,,NGC2447,115.82003784179688,-24.01166534423828,2.151987,17.896925,-0.0966808329407031,,,,,,,,,,,,False,False
5615471831737136256,,,NGC2447,115.83272552490234,-24.001304626464844,1.0537424,15.312133,-0.0571822024136895,,,,,,,,,,,,False,False
5615472003535789696,,,NGC2447,115.9448471069336,-24.031068801879886,0.5751753000000001,13.226559,0.0195480992731387,,,,,,,,,,,,False,False
5615472037895539328,,,NGC2447,115.91311645507812,-24.033945083618164,1.1650229,15.774323,-0.0396500712007299,,,,,,,,,,,,False,False
5615472136667285376,,,NGC2447,115.96149444580078,-24.003192901611328,2.1793919,18.277414,-0.0701788105545618,,,,,,,,,,,,False,False
5614859541193366784,,,NGC2447,116.58482360839844,-23.51286697387696,2.4097366,18.779875,-0.069642975252478,,,,,,,,,,,,False,False
5615472244053970304,,,NGC2447,115.90138244628906,-24.01798248291016,1.3904705,16.188519,-0.0920573652057092,,,,,,,,,,,,False,False
5615472411545258112,,,NGC2447,115.93988037109376,-23.99257850646973,1.6628246,16.80183,-0.1017030524247308,,,,,,,,,,,,False,False
5615472514624412416,,,NGC2447,115.97087097167967,-24.00188064575196,2.4653397,18.521786,-0.0952463666591343,,,,,,,,,,,,False,False
5615472862529498368,,,NGC2447,115.9382781982422,-23.97480201721192,1.0383263,15.282004999999998,-0.049126130068813,,,,,,,,,,,,False,False
5615472931248707200,,,NGC2447,115.9642562866211,-23.95846366882324,1.0483418,15.310377,-0.0516283164521494,,,,,,,,,,,,False,False
5615473034327917056,,,NGC2447,115.97148895263672,-23.93086242675781,1.336649,16.11726,-0.0777877476373136,,,,,,,,,,,,False,False
5615473171766904064,,,NGC2447,115.8835906982422,-23.97835159301757,0.96752167,14.965716,-0.0745277439413105,,,,,,,,,,,,False,False
5615473515364277632,,,NGC2447,115.89359283447266,-23.94719886779785,1.5115242,16.428951,-0.1040489884073211,,,,,,,,,,,,False,False
5615473579776653312,,,NGC2447,115.87902069091795,-23.94392967224121,1.565155,16.819408,-0.0672891051604424,,,,,,,,,,,,False,False
5615473584083753728,,,NGC2447,115.89118194580078,-23.9407958984375,0.36521244,12.28528,0.1005152522537061,,,,,,,,,,,,False,False
5615473648499538944,,,NGC2447,115.94700622558594,-23.94856262207031,2.458538,18.58474,-0.0895310437073105,,,,,,,,,,,,False,False
5615473854654688000,,,NGC2447,115.95264434814452,-23.92022705078125,1.9394188,17.428112,-0.0997368149824914,,,,,,,,,,,,False,False
5615473923377444864,,,NGC2447,115.9126434326172,-23.92656326293945,2.204008,18.38084,-0.0667335079013844,,,,,,,,,,,,False,False
5615473927681130752,,,NGC2447,115.91032409667967,-23.931264877319336,1.0146999,15.13579,-0.0718890874696645,,,,,,,,,,,,False,False
5615474133839549952,,,NGC2447,115.92929077148438,-23.8986873626709,0.6297311999999999,13.454010999999998,0.0791221921287088,,,,,,,,,,,,False,False
5615474438769633408,,,NGC2447,115.73861694335938,-24.022369384765625,2.256693,18.405739,-0.0730040061102777,,,,,,,,,,,,False,False
5615474851086759936,,,NGC2447,115.81332397460938,-23.97826194763184,2.072832,17.95059,-0.0772886932510483,,,,,,,,,,,,False,False
5615475435202398080,,,NGC2447,115.73973846435548,-23.96367073059082,2.3186073,18.235872,-0.0957829426816077,,,,,,,,,,,,False,False
5615475611308133504,,,NGC2447,115.67826080322266,-23.9677677154541,1.5525436,16.557423,-0.0992522289629841,,,,,,,,,,,,False,False
5615476573381003520,,,NGC2447,115.85264587402344,-23.93268394470215,0.5595293,13.036438,0.1220929779309182,,,,,,,,,,,,False,False
5615476676460228480,,,NGC2447,115.8252182006836,-23.928693771362305,0.8153515,14.374435,-0.1241396852690494,,,,,,,,,,,,False,False
5615476775232428288,,,NGC2447,115.83916473388672,-23.9232177734375,2.2965317,18.358978,-0.0825021845052189,,,,,,,,,,,,False,False
5615477329284363648,,,NGC2447,115.88543701171876,-23.87999153137207,2.5403538,18.89615,-0.0790050752382454,,,,,,,,,,,,False,False
5615477363654652416,,,NGC2447,115.89864349365234,-23.87232780456543,0.50157166,12.741333,0.1467871911118,,,,,,,,,,,,False,False
5615477398014395392,,,NGC2447,115.87041473388672,-23.87507057189941,1.1965752,15.694134,-0.0804891444067714,,,,,,,,,,,,False,False
5615477638532580096,,,NGC2447,115.83562469482422,-23.884490966796875,0.8525009,14.542588,-0.0751239146581264,,,,,,,,,,,,False,False
5615477909105081216,,,NGC2447,115.80201721191406,-23.87204933166504,2.0644035,17.495838,-0.1207573564272046,,,,,,,,,,,,False,False
5615478085209724800,,,NGC2447,115.82598114013672,-23.87313842773437,2.3143787,18.291882,-0.0905134687862209,,,,,,,,,,,,False,False
5615478188288374784,,,NGC2447,115.87140655517578,-23.847002029418945,1.2678375,15.896992,-0.0823354070118541,,,,,,,,,,,,False,False
5615479116001843072,,,NGC2447,115.53177642822266,-24.08852958679199,0.89792347,14.685214000000002,-0.0986914704632143,,,,,,,,,,,,False,False
5615482861212958080,,,NGC2447,115.59127044677734,-23.91213607788086,1.5739193,16.508564,-0.1157330505824938,,,,,,,,,,,,False,False
5615485953589421696,,,NGC2447,115.54743194580078,-23.875762939453125,1.1604366000000002,15.629885,-0.0684523980244777,,,,,,,,,,,,False,False
5615488015163331968,,,NGC2447,115.7049331665039,-23.899667739868164,2.1303825,17.887068,-0.0935331052917091,,,,,,,,,,,,False,False
5615488217025469440,,,NGC2447,115.69789123535156,-23.893009185791016,1.9735374,17.513964,-0.0982376252316589,,,,,,,,,,,,False,False
5615488835500836480,,,NGC2447,115.58926391601562,-23.87651824951172,2.1977806,17.859999,-0.1089008730372793,,,,,,,,,,,,False,False
5615489076019048576,,,NGC2447,115.64627838134766,-23.86804962158203,2.1006947,17.735870000000002,-0.1023022147533654,,,,,,,,,,,,False,False
5615489213458110592,,,NGC2447,115.66796875,-23.84467887878418,2.414791,18.1715,-0.1173095464661769,,,,,,,,,,,,False,False
5615489350897042944,,,NGC2447,115.63609313964844,-23.84958648681641,1.0808706,15.353583,-0.0736631113128604,,,,,,,,,,,,False,False
5615490454719291776,,,NGC2447,115.76586151123048,-23.80585479736328,2.0570164,18.497020000000003,-0.0376291521457518,,,,,,,,,,,,False,False
5615490523434459008,,,NGC2447,115.79863739013672,-23.79489707946777,1.1712255,15.565509,-0.0948221696685418,,,,,,,,,,,,False,False
5615490592153940992,,,NGC2447,115.77825927734376,-23.78425025939941,1.4996738,16.35377,-0.1124061903322033,,,,,,,,,,,,False,False
5615490690926981376,,,NGC2447,115.7164306640625,-23.819374084472656,1.6445522,16.764566000000002,-0.1009720294811849,,,,,,,,,,,,False,False
5615490759646466048,,,NGC2447,115.71038055419922,-23.8161849975586,1.7969875,16.910835000000002,-0.1284862485741883,,,,,,,,,,,,False,False
5615490970111112832,,,NGC2447,115.70741271972656,-23.80648422241211,1.4196243,15.340604999999998,-0.4483510827183999,,,,,,,,,,,,False,False
5615491141909796480,,,NGC2447,115.70712280273438,-23.78532791137696,0.681427,13.704762,0.1188819560770817,,,,,,,,,,,,False,False
5615491962243498368,,,NGC2447,115.57829284667967,-23.84750366210937,2.2503471,18.187607,-0.0886084304100039,,,,,,,,,,,,False,False
5615494504858188416,,,NGC2447,115.71017456054688,-23.75287818908692,2.4272861,18.613312,-0.083090515196036,,,,,,,,,,,,False,False
5615495127639485312,,,NGC2447,115.61725616455078,-23.743003845214844,2.0895023,17.904035999999998,-0.08433978251824,,,,,,,,,,,,False,False
5615495677395265536,,,NGC2447,115.65186309814452,-23.70916557312012,2.004858,17.63532,-0.0925671089548712,,,,,,,,,,,,False,False
5614736155375668864,,,NGC2447,116.8353042602539,-24.30159378051757,1.4286652,16.005948999999998,-0.152935081057985,,,,,,,,,,,,False,False
5614736602052312448,,,NGC2447,116.7781219482422,-24.30002593994141,1.3712711000000002,16.105259,-0.0984099514588469,,,,,,,,,,,,False,False
5614739106015673472,,,NGC2447,116.8553466796875,-24.18562126159668,1.9293919,18.60535,-0.0140445787411826,,,,,,,,,,,,False,False
5614740587782223488,,,NGC2447,116.54872131347656,-24.376224517822266,1.1342068,15.530928,-0.0724003152550694,,,,,,,,,,,,False,False
5614741854790108160,,,NGC2447,116.54068756103516,-24.30422401428223,2.1686668,17.382322,-0.1598456749732707,,,,,,,,,,,,False,False
5614743370920959232,,,NGC2447,116.56468963623048,-24.29409027099609,1.363781,16.049284,-0.1060275583545547,,,,,,,,,,,,False,False
5614743783237707136,,,NGC2447,116.656494140625,-24.25088310241699,1.2130156,15.662778,-0.1013215109592775,,,,,,,,,,,,False,False
5614743886317191680,,,NGC2447,116.59346771240234,-24.25035858154297,1.9942703,17.516071,-0.1026610152157977,,,,,,,,,,,,False,False
5614744229904854400,,,NGC2447,116.47132873535156,-24.34504318237305,2.4691887,18.668833,-0.0849578580378768,,,,,,,,,,,,False,False
5614747459729440256,,,NGC2447,116.49114990234376,-24.238067626953125,0.5361805000000001,12.842046,0.1890476704238419,,,,,,,,,,,,False,False
5614748009485241984,,,NGC2447,116.5331802368164,-24.189472198486328,0.8095951,14.325991,-0.2056736114080804,,,,,,,,,,,,False,False
5614748421802099072,,,NGC2447,116.5295181274414,-24.15349769592285,1.4892006000000002,16.377407,-0.103531245632363,,,,,,,,,,,,False,False
5614748765388879232,,,NGC2447,116.69900512695312,-24.27099609375,2.3809948,17.709017000000003,-0.1623202253319148,,,,,,,,,,,,False,False
5614749894970177152,,,NGC2447,116.66500854492188,-24.22146034240723,2.2021675,18.021961,-0.0944721867938932,,,,,,,,,,,,False,False
5614750964422891520,,,NGC2447,116.78516387939452,-24.19320106506348,1.1153993999999998,15.532426,-0.0553319398997686,,,,,,,,,,,,False,False
5614754606554982912,,,NGC2447,116.6190948486328,-24.11996078491211,0.8034190999999999,14.304645,-0.2133593482262296,,,,,,,,,,,,False,False
5614755121941576704,,,NGC2447,116.73700714111328,-24.11369514465332,2.2970772,18.689978,-0.060183707455951,,,,,,,,,,,,False,False
5614755736122757632,,,NGC2447,116.75767517089844,-24.05961608886719,1.9959373,18.21515,-0.0447913040589087,,,,,,,,,,,,False,False
5615532270514318976,,,NGC2447,115.33904266357422,-23.87627410888672,2.6349907000000004,18.791101,-0.0983007301855972,,,,,,,,,,,,False,False
5615540478188086528,,,NGC2447,115.45244598388672,-23.762237548828125,1.904356,17.484604,-0.085654303010311,,,,,,,,,,,,False,False
5615541852577817344,,,NGC2447,115.47847747802734,-23.70018005371093,1.6890659,16.841368,-0.1046208209802457,,,,,,,,,,,,False,False
5615543261327251584,,,NGC2447,115.60594940185548,-23.631208419799805,2.0168133000000004,17.473910999999998,-0.112483805237348,,,,,,,,,,,,False,False
5615543330044418816,,,NGC2447,115.62763214111328,-23.62531471252441,0.30256653,12.059116,0.0891820095030062,,,,,,,,,,,,False,False
5615547354439882496,,,NGC2447,115.5281982421875,-23.57921600341797,2.3539238,18.437885,-0.0852699989789849,,,,,,,,,,,,False,False
5615547388799618688,,,NGC2447,115.53652954101562,-23.57683563232422,2.2619781000000003,18.307426,-0.0810280447135181,,,,,,,,,,,,False,False
5615547526242381184,,,NGC2447,115.5469741821289,-23.55446815490723,1.0797577,15.402155,-0.0574201057721572,,,,,,,,,,,,False,False
5615547594961862912,,,NGC2447,115.52088165283205,-23.554861068725582,0.5424966999999999,13.0289955,0.0507540260555293,,,,,,,,,,,,False,False
5615566557227535744,,,NGC2447,116.02098083496094,-23.95164680480957,1.5252342,16.468498,-0.10297515170876,,,,,,,,,,,,False,False
5615566561522716032,,,NGC2447,116.02013397216795,-23.95189476013184,2.1287594,17.652418,-0.1168836860511091,,,,,,,,,,,,False,False
5615566595882472704,,,NGC2447,116.00022888183594,-23.95159149169922,2.4309464,18.898287,-0.0651593989984716,,,,,,,,,,,,False,False
5615566595892670464,,,NGC2447,115.99649810791016,-23.94709396362305,1.4695835,16.192123000000002,-0.1306974069875015,,,,,,,,,,,,False,False
5615566630252323328,,,NGC2447,116.01461029052734,-23.938907623291016,0.6749363,13.6376295,0.1506796489577732,,,,,,,,,,,,False,False
5615566630252408576,,,NGC2447,116.00930786132812,-23.94075965881348,0.63503075,13.462472,0.0991823654700256,,,,,,,,,,,,False,False
5615566660306753792,,,NGC2447,116.04464721679688,-23.942686080932617,1.1705074,15.6203575,-0.0790248895811419,,,,,,,,,,,,False,False
5615566660311095808,,,NGC2447,116.03448486328124,-23.94055366516113,2.3536434,18.705675,-0.0668503927500566,,,,,,,,,,,,False,False
5615566664612056576,,,NGC2447,116.03253936767578,-23.94187164306641,1.4162941,16.220388,-0.0987620649066363,,,,,,,,,,,,False,False
5615566698971789696,,,NGC2447,116.04768371582033,-23.93649101257324,1.0449619,15.219807,-0.0790746190016364,,,,,,,,,,,,False,False
5615566767691264512,,,NGC2447,116.04349517822266,-23.91564750671387,0.9346132,14.860241,-0.067383185719108,,,,,,,,,,,,False,False
5615566802051019392,,,NGC2447,115.9986343383789,-23.93916702270508,1.4009533,16.244055,-0.087013341833712,,,,,,,,,,,,False,False
5615566866465188864,,,NGC2447,115.9848861694336,-23.930797576904297,1.9282207,17.46162,-0.0935045588038893,,,,,,,,,,,,False,False
5615566870760377088,,,NGC2447,115.98741912841795,-23.92658805847168,2.461235,18.84418,-0.0722806391337957,,,,,,,,,,,,False,False
5615566870761097088,,,NGC2447,115.98870086669922,-23.93056869506836,2.3137875,18.338741,-0.0867214289989881,,,,,,,,,,,,False,False
5615566905130232064,,,NGC2447,115.99891662597656,-23.922691345214844,0.43304348,12.638103,0.0213305435028703,,,,,,,,,,,,False,False
5615566973854651648,,,NGC2447,116.02257537841795,-23.911602020263672,0.53388786,12.828646,0.1908601950246655,,,,,,,,,,,,False,False
5615567076928904704,,,NGC2447,116.05770111083984,-23.9111385345459,0.7065325,13.800117000000002,0.1927946031493058,,,,,,,,,,,,False,False
5615567076928905344,,,NGC2447,116.06298828125,-23.9238510131836,1.589611,16.59571,-0.1072206172024409,,,,,,,,,,,,False,False
5615567106982149376,,,NGC2447,116.07408142089844,-23.90885734558105,0.19969273,10.187914,0.0621090694856152,157.12079,16.725327,0.10644884741223615,,,,,,,,,True,False
5615567145648381312,,,NGC2447,116.0523452758789,-23.90242385864257,0.7372179,13.258192,0.8086377542786537,,,,,,,,,,,,False,False
5615567175702855808,,,NGC2447,116.0560302734375,-23.902406692504886,2.1365929,17.680992,-0.1153854776337889,,,,,,,,,,,,False,False
5615567180008117760,,,NGC2447,116.05414581298828,-23.89486312866211,1.2009296,15.697214,-0.0829986589339011,,,,,,,,,,,,False,False
5615567283087324800,,,NGC2447,116.07686614990234,-23.88988876342773,1.5914568999999998,6.851649,0.0424085360156418,7.013652,0.5437382,0.07752568847156943,,,,,,,,,True,False
5615567317436849792,,,NGC2447,116.07361602783205,-23.87838554382324,1.968359,16.823296,-0.1982843611174199,,,,,,,,,,,,False,False
5615567317447058816,,,NGC2447,116.08284759521484,-23.87617874145508,1.0745544,9.300111,0.3355212614733568,10.429679,1.373617,0.13170271108056156,,,,,,,,,True,False
5615567347501550080,,,NGC2447,116.04523468017578,-23.89846992492676,1.7631435000000002,16.941715,-0.1135651178095177,,,,,,,,,,,,False,False
5615567351806816512,,,NGC2447,116.03739166259766,-23.90468788146973,0.6982584,13.775249,0.1569377396094048,,,,,,,,,,,,False,False
5615567386166549504,,,NGC2447,116.0475845336914,-23.89116668701172,0.81997776,14.307613,-0.3979765179490841,,,,,,,,,,,,False,False
5615567454886027136,,,NGC2447,116.03211212158205,-23.87370109558105,1.2219067,15.800001000000002,-0.0736205466552262,,,,,,,,,,,,False,False
5615567557965236608,,,NGC2447,116.0466537475586,-23.869815826416016,1.5119018999999998,16.500992,-0.0922742289928728,,,,,,,,,,,,False,False
5615567592324969344,,,NGC2447,116.05789947509766,-23.85332679748535,0.9197378,14.765854,-0.0948651402796776,,,,,,,,,,,,False,False
5615567592324969472,,,NGC2447,116.0585479736328,-23.85627746582031,1.1202822,15.524308,-0.0618095914993781,,,,,,,,,,,,False,False
5615567592324969856,,,NGC2447,116.05842590332033,-23.85888671875,1.0124159,14.811363,-0.2838163953672518,,,,,,,,,,,,False,False
5615567661044479104,,,NGC2447,115.98125457763672,-23.91299057006836,1.5047398,16.256914000000002,-0.1339033396900782,,,,,,,,,,,,False,False
5615567729763957504,,,NGC2447,115.97029113769533,-23.905412673950195,1.1795635,15.679354,-0.0712079006912067,,,,,,,,,,,,False,False
5615567764123688320,,,NGC2447,115.9947738647461,-23.90406608581543,1.4906712,16.056013,-0.1746233268428805,,,,,,,,,,,,False,False
5615567828537892480,,,NGC2447,115.98391723632812,-23.89253807067871,2.15946,16.988432,-0.2244639394432159,,,,,,,,,,,,False,False
5615567832843169024,,,NGC2447,115.9720230102539,-23.888044357299805,0.5934391,13.209032999999998,0.1283961928871977,,,,,,,,,,,,False,False
5615567862897653120,,,NGC2447,115.99526977539062,-23.87462043762207,0.7804575,14.176437,-1.150641558530901,,,,,,,,,,,,False,False
5615567897257366528,,,NGC2447,115.94837188720705,-23.89457702636719,2.1489754,17.652895,-0.1210732280555196,,,,,,,,,,,,False,False
5615567935922389120,,,NGC2447,115.95195770263672,-23.88955497741699,0.85583496,14.564201,-0.0654346647500991,,,,,,,,,,,,False,False
5615567965976850176,,,NGC2447,115.94564819335938,-23.88715171813965,2.3812027,18.497599,-0.0848606389024677,,,,,,,,,,,,False,False
5615568107721075456,,,NGC2447,115.95939636230467,-23.866289138793945,0.7705183000000001,14.1111355,2.2133805428281303,,,,,,,,,,,,False,False
5615568176431146752,,,NGC2447,116.01206970214844,-23.875600814819336,2.4895973,18.696604,-0.0857789869150373,,,,,,,,,,,,False,False
5615568176440539776,,,NGC2447,116.0083999633789,-23.87609100341797,0.26222706,11.851917,0.0983160082235253,10.816354,74.12667,6.8532030294126836,,,,,,,,,True,True
5615568240853513472,,,NGC2447,116.0059585571289,-23.87113380432129,0.48023796,12.6705065,0.1338304551208294,,,,,,,,,,,,False,False
5615568279519748608,,,NGC2447,116.02069091796876,-23.85779190063477,0.6436281,13.438052,0.1688243237127677,,,,,,,,,,,,False,False
5615568313879481856,,,NGC2447,116.03804779052734,-23.86085700988769,0.6634369000000001,12.879348,0.6569353895373203,,,,,,,,,,,,False,False
5615568348239212800,,,NGC2447,116.05465698242188,-23.845447540283203,0.5293102,12.840217,0.164919315551004,,,,,,,,,,,,False,False
5615568416958690816,,,NGC2447,116.04074096679688,-23.830509185791016,0.0973444,10.656222,0.0155951149558394,110.75983,43.498226,0.3927256479176612,,,,,,,,,True,True
5615568416958691840,,,NGC2447,116.04383850097656,-23.840370178222656,1.0289745,15.213268,-0.0611687719653875,,,,,,,,,,,,False,False
5615568481372963584,,,NGC2447,116.01038360595705,-23.851375579833984,2.029171,17.584585,-0.1029929733983813,,,,,,,,,,,,False,False
5615568481372970496,,,NGC2447,116.0075912475586,-23.84489822387696,2.3983060000000003,18.266102,-0.1060321627815566,,,,,,,,,,,,False,False
5615568485668252672,,,NGC2447,116.01170349121094,-23.850685119628903,2.2860794,18.784773,-0.053182456723715,,,,,,,,,,,,False,False
5615568584452192128,,,NGC2447,116.01937866210938,-23.83983612060547,1.1873236,15.682015,-0.0764850113377391,,,,,,,,,,,,False,False
5615568588757389056,,,NGC2447,116.02104949951172,-23.83386611938477,1.3418179,15.889853,-0.1307215729358694,,,,,,,,,,,,False,False
5615568653171676160,,,NGC2447,116.00729370117188,-23.83428382873535,1.2136192,15.824446,-0.06268287865059,,,,,,,,,,,,False,False
5615568623107289344,,,NGC2447,116.02576446533205,-23.82859802246093,2.3997269,17.89416,-0.1434544336141526,,,,,,,,,,,,False,False
5615568691836605440,,,NGC2447,116.00904846191406,-23.8205509185791,0.90881634,14.428439,-0.6347885796132968,,,,,,,,,,,,False,False
5615568726186085248,,,NGC2447,116.10592651367188,-23.87849807739257,0.24703598,11.936023,0.0509077316349293,,,,,,,,,,,,False,True
5615568760556059008,,,NGC2447,116.11463928222656,-23.86874580383301,1.2794857,16.106676,-0.0494377809010599,,,,,,,,,,,,False,False
5615568760556059264,,,NGC2447,116.1163330078125,-23.87181663513184,0.18625927,10.65598,0.1165814194602624,,,,,,,,,,,,False,True
5615568760556061696,,,NGC2447,116.11614227294922,-23.87303161621093,0.23836517,11.926599,0.0418422729828048,55.992016,42.809746,0.7645687556597355,,,,,,,,,True,True
5615568794915804416,,,NGC2447,116.09343719482422,-23.8713436126709,1.0007133,15.164265,-0.0415358787003959,,,,,,,,,,,,False,False
5615568829265271168,,,NGC2447,116.10862731933594,-23.85431289672852,0.41928482,12.453757,0.1217805250574647,,,,,,,,,,,,False,False
5615568829275535616,,,NGC2447,116.10984802246094,-23.859508514404297,0.5506191,13.0223,0.0941535982269253,,,,,,,,,,,,False,False
5615568829275538816,,,NGC2447,116.10619354248048,-23.86362648010254,0.7169399000000001,13.906223,0.1410538669535836,,,,,,,,,,,,False,False
5615568829275538944,,,NGC2447,116.1025390625,-23.858413696289062,0.46278572,12.291877,0.2852303160978577,,,,,,,,,,,,False,False
5615568863635270784,,,NGC2447,116.12429809570312,-23.86013603210449,1.6243286,16.596743,-0.1200826645436509,,,,,,,,,,,,False,False
5615568897995000832,,,NGC2447,116.14127349853516,-23.847246170043945,0.54149437,12.945894,0.123826708580592,,,,,,,,,,,,False,False
5615568932354745856,,,NGC2447,116.11682891845705,-23.841487884521484,0.44380856,12.580387,0.0972722788200945,,,,,,,,,,,,False,False
5615568962413586432,,,NGC2447,116.12248229980467,-23.83142852783203,0.4758605999999999,12.70097,0.0968888785231617,,,,,,,,,,,,False,False
5615568962413589376,,,NGC2447,116.13005065917967,-23.832538604736328,1.8033638,17.929201000000003,-0.0292683845463745,,,,,,,,,,,,False,False
5615568966714480128,,,NGC2447,116.12522888183594,-23.83515739440918,0.458292,12.013733,0.3390805377327568,,,,,,,,,,,,False,False
5615568966714481792,,,NGC2447,116.12286376953124,-23.843400955200195,0.55835056,13.03105,0.1215201207609552,,,,,,,,,,,,False,False
5615568996769035648,,,NGC2447,116.0766372680664,-23.85636901855469,1.9893055,16.988617,-0.174042443280453,,,,,,,,,,,,False,False
5615569104153560960,,,NGC2447,116.07796478271484,-23.83143424987793,0.8668537000000001,14.622996,-0.0507714448189536,,,,,,,,,,,,False,False
5615569134206710400,,,NGC2447,116.10237121582033,-23.84550666809082,0.7016306,9.209409,0.1267918990862968,6.870393,2.0620344,0.30013339848244486,,,,,,,,,True,False
5615569138513177472,,,NGC2447,116.10718536376952,-23.831361770629886,1.0852499,9.171227,0.2934672470159832,11.135095,1.6952885,0.15224733152254202,,,,,,,,,True,False
5615569138513177600,,,NGC2447,116.11003875732422,-23.83658599853516,0.36377907,12.19799,0.1365474498318397,,,,,,,,,,,,False,False
5615569172872909824,,,NGC2447,116.11878967285156,-23.821054458618164,0.6023854999999999,13.178264000000002,0.2023589566548436,,,,,,,,,,,,False,False
5615568897995003648,,,NGC2447,116.1362762451172,-23.85480117797852,0.25546932,11.180246,0.2070604029414111,164.05795,69.20826,0.4218525222337594,,,,,,,,,True,True
5615568928053844352,,,NGC2447,116.10983276367188,-23.85058212280273,1.3611030000000002,16.133432,-0.0875369152726665,,,,,,,,,,,,False,False
5615568928053844480,,,NGC2447,116.10985565185548,-23.84687423706055,0.34545803,12.284989,0.062870382854877,,,,,,,,,,,,False,False
5615569172872913664,,,NGC2447,116.10894012451172,-23.82624816894531,1.4803286,15.769145000000002,-0.2626754014819052,,,,,,,,,,,,False,False
5615569241592388096,,,NGC2447,116.10763549804688,-23.81189155578613,1.7493038,16.631186,-0.1602386659390654,,,,,,,,,,,,False,False
5615569271646973696,,,NGC2447,116.1495590209961,-23.829605102539062,2.418438,17.937696,-0.1420088984783267,,,,,,,,,,,,False,False
5615569275952118272,,,NGC2447,116.15533447265624,-23.83901596069336,0.3896637,12.362651,0.1091915099315416,,,,,,,,,,,,False,False
5615569275952121344,,,NGC2447,116.14167785644533,-23.840246200561523,0.7006588,13.755331,0.1984717632834073,,,,,,,,,,,,False,False
5615569310301519616,,,NGC2447,116.16463470458984,-23.82602119445801,1.1884298,15.762007999999998,-0.0587033141088189,,,,,,,,,,,,False,False
5615569310311851520,,,NGC2447,116.1640167236328,-23.8254451751709,0.9167652,14.770243,-0.0839469213209909,,,,,,,,,,,,False,False
5615569310311853696,,,NGC2447,116.154541015625,-23.825572967529297,1.5549736,16.561874,-0.0994797492480636,,,,,,,,,,,,False,False
5615569310311854976,,,NGC2447,116.15796661376952,-23.836027145385746,1.622572,16.47823,-0.140833245622434,,,,,,,,,,,,False,False
5615569340370713472,,,NGC2447,116.13837432861328,-23.827890396118164,2.1547718,16.618489999999998,-0.3127436401413131,,,,,,,,,,,,False,False
5615569344671596288,,,NGC2447,116.1432876586914,-23.83023834228516,0.8773346,14.665012,-0.0507989508373348,,,,,,,,,,,,False,False
5615569344671597312,,,NGC2447,116.13597869873048,-23.825794219970703,0.68813515,13.593533,0.2737055452789632,,,,,,,,,,,,False,False
5615569344676539008,,,NGC2447,116.12682342529295,-23.827430725097656,0.45940685,11.928172,0.3546428450160371,,,,,,,,,,,,False,False
5615569379031328896,,,NGC2447,116.15229034423828,-23.81097221374512,0.49446392,12.509654,0.2715012226531137,,,,,,,,,,,,False,False
5615569379031329280,,,NGC2447,116.1476593017578,-23.80804252624512,0.88435364,14.605069,-0.1329081686907345,,,,,,,,,,,,False,False
5615569379031332864,,,NGC2447,116.14056396484376,-23.813554763793945,0.12228203,10.575201,0.0386951986790957,17.03841,10.933035,0.6416699093401321,,,,,,,,,True,True
5615569447750799232,,,NGC2447,116.18041229248048,-23.81263542175293,1.8683262,16.968410000000002,-0.1413400582999395,,,,,,,,,,,,False,False
5615569477805438208,,,NGC2447,116.1581802368164,-23.81200790405273,1.5512562,16.505934,-0.1071649870704767,,,,,,,,,,,,False,False
5615569482110540672,,,NGC2447,116.1632080078125,-23.80363845825196,0.4064207,12.4202,0.1126223658659492,,,,,,,,,,,,False,False
5615569482110679552,,,NGC2447,116.1507797241211,-23.80720329284668,2.4673939,18.008429,-0.143023979075473,,,,,,,,,,,,False,False
5615569512168041600,,,NGC2447,116.1736831665039,-23.80180740356445,2.2760067000000004,18.101263,-0.1003060660121114,,,,,,,,,,,,False,False
5615569516459923072,,,NGC2447,116.17619323730467,-23.794248580932617,1.5946216999999998,16.618467000000003,-0.105456187321147,,,,,,,,,,,,False,False
5615569546523568896,,,NGC2447,116.12189483642578,-23.82137489318848,0.22865677,10.41534,0.1242622776991486,196.71915,24.691595,0.1255169870345617,,,,,,,,,True,True
5615569550830029312,,,NGC2447,116.12715911865234,-23.82308387756348,0.32029247,10.024535,0.1188884768116508,152.19699,18.324675,0.12040103421230604,,,,,,,,,True,False
5615569550830029696,,,NGC2447,116.12347412109376,-23.81797981262207,0.9197359,14.800291,-0.0706415478182296,,,,,,,,,,,,False,False
5615569585189760384,,,NGC2447,116.14341735839844,-23.806434631347656,0.74828434,13.435908,0.7267747954062019,,,,,,,,,,,,False,False
5615569619549506688,,,NGC2447,116.11141967773438,-23.80038642883301,0.5156536,12.888962,0.070025296342812,,,,,,,,,,,,False,False
5615569653899343104,,,NGC2447,116.12592315673828,-23.78921699523925,2.34754,18.80676,-0.059915226787395,,,,,,,,,,,,False,False
5615569688258643968,,,NGC2447,116.14543914794922,-23.801422119140625,2.1620235,17.612167000000003,-0.1285198388239725,,,,,,,,,,,,False,False
5615569787043148928,,,NGC2447,116.15158081054688,-23.780498504638672,1.9862957,17.438469,-0.1095171060057162,,,,,,,,,,,,False,False
5615569821401477376,,,NGC2447,116.06436157226562,-23.84240341186523,0.27029228,12.096448,0.0229094958229432,,,,,,,,,,,,False,False
5615569821402776960,,,NGC2447,116.06317901611328,-23.83709526062012,2.2774525000000003,18.338148,-0.0811217073879357,,,,,,,,,,,,False,False
5615569890126509824,,,NGC2447,116.04701232910156,-23.82697677612305,1.8835659,17.372555,-0.0925794103447384,,,,,,,,,,,,False,False
5615569894418053760,,,NGC2447,116.0514907836914,-23.82033729553223,2.0543842,18.46537,-0.0390004949131189,,,,,,,,,,,,False,False
5615569894427436800,,,NGC2447,116.05086517333984,-23.82547950744629,1.3298988,16.030582,-0.0910239673535337,,,,,,,,,,,,False,False
5615569928787169152,,,NGC2447,116.06241607666016,-23.81621170043945,0.4073390999999999,12.431372,0.1080154590876382,,,,,,,,,,,,False,False
5615569958841763584,,,NGC2447,116.09209442138672,-23.81679534912109,1.9859886,17.105832999999997,-0.1538967468684003,,,,,,,,,,,,False,False
5615569997506635776,,,NGC2447,116.09708404541016,-23.81148147583008,0.7208319000000001,13.214348,0.7657362077817654,,,,,,,,,,,,False,False
5615570027561259776,,,NGC2447,116.0739974975586,-23.80634307861328,1.9348736,17.474644,-0.0936514204063098,,,,,,,,,,,,False,False
5615570031856113536,,,NGC2447,116.07968139648438,-23.807435989379886,1.8430843,17.334104999999997,-0.0869061301383361,,,,,,,,,,,,False,False
5615570066226114304,,,NGC2447,116.0862045288086,-23.80135154724121,1.3201828000000002,16.006242999999998,-0.0905407400237259,,,,,,,,,,,,False,False
5615570130640471680,,,NGC2447,116.04912567138672,-23.80844306945801,1.2797889999999998,15.923698000000002,-0.0840034608311863,,,,,,,,,,,,False,False
5615570169305446528,,,NGC2447,116.02623748779295,-23.80112266540528,2.314993,18.484705,-0.0761113146230132,,,,,,,,,,,,False,False
5615570203664831232,,,NGC2447,116.04443359375,-23.79567146301269,0.9495487,14.926339000000002,-0.0612566870448598,,,,,,,,,,,,False,False
5615570203664844416,,,NGC2447,116.03534698486328,-23.80166244506836,1.2151383999999998,15.856263,-0.0571261961569608,,,,,,,,,,,,False,False
5615570302439199872,,,NGC2447,116.04608917236328,-23.79149436950684,1.6956061999999998,16.887438,-0.1002634847234403,,,,,,,,,,,,False,False
5615570306744038528,,,NGC2447,116.04601287841795,-23.78300476074219,0.7354326,13.4972105,0.6162216669857856,,,,,,,,,,,,False,False
5615570371158648832,,,NGC2447,116.1052474975586,-23.804141998291016,1.1076469999999998,15.438316,-0.0744710967619806,,,,,,,,,,,,False,False
5615570375463753728,,,NGC2447,116.09687042236328,-23.79253578186035,0.88929653,14.534545,-0.2521115311634834,,,,,,,,,,,,False,False
5615570405518424704,,,NGC2447,116.11638641357422,-23.78708648681641,2.328268,18.442589,-0.0810954247129489,,,,,,,,,,,,False,False
5615570439878177152,,,NGC2447,116.09461975097656,-23.780805587768555,1.7657738,17.010859,-0.1048678687784143,,,,,,,,,,,,False,False
5615570444183351936,,,NGC2447,116.09805297851562,-23.78091239929199,1.6869259,16.803732,-0.1093820549536932,,,,,,,,,,,,False,False
5615570512902698624,,,NGC2447,116.12454223632812,-23.783218383789062,1.5604267,16.595886,-0.0962343649503037,,,,,,,,,,,,False,False
5615570680396380288,,,NGC2447,116.09648895263672,-23.76871109008789,1.7782822,17.058970000000002,-0.1021878530079193,,,,,,,,,,,,False,False
5615570714756138368,,,NGC2447,116.07341003417967,-23.76218605041504,2.469448,17.917023,-0.153823896598421,,,,,,,,,,,,False,False
5615570749115903104,,,NGC2447,116.08985137939452,-23.752933502197266,1.4664478,16.493757000000002,-0.0751777579772112,,,,,,,,,,,,False,False
5615570753420586880,,,NGC2447,116.0827865600586,-23.75138664245605,1.1204252,15.187377,-0.1917043445532508,,,,,,,,,,,,False,False
5615570753420596480,,,NGC2447,116.07601165771484,-23.75821685791016,0.28290653,12.087947,0.0467759712060546,,,,,,,,,,,,False,False
5615571028298686080,,,NGC2447,115.9200210571289,-23.85785484313965,1.0275421,15.198107,-0.0649022802391986,,,,,,,,,,,,False,False
5615571470670225408,,,NGC2447,115.9684600830078,-23.83145904541016,2.4507427,18.603222,-0.0870874295475965,,,,,,,,,,,,False,False
5615571509334963712,,,NGC2447,115.97576141357422,-23.82343864440918,1.4135913999999998,16.210358,-0.0993490162319056,,,,,,,,,,,,False,False
5615571539389719040,,,NGC2447,115.96058654785156,-23.82279586791992,1.224019,15.790322,-0.0772713371344006,,,,,,,,,,,,False,False
5615571543694715008,,,NGC2447,115.9586181640625,-23.821514129638672,1.3140755,15.420723,-0.285919589844939,,,,,,,,,,,,False,False
5615571578054441088,,,NGC2447,115.9728546142578,-23.81956672668457,1.8856812,17.216117999999998,-0.111462233966247,,,,,,,,,,,,False,False
5615571578059445632,,,NGC2447,115.96495819091795,-23.812612533569336,1.6733723000000005,16.810098999999997,-0.1039904942167778,,,,,,,,,,,,False,False
5615571646778912896,,,NGC2447,116.00018310546876,-23.809045791625977,1.1242285,15.485692000000002,-0.0761998759410834,,,,,,,,,,,,False,False
5615571715493357184,,,NGC2447,116.00275421142578,-23.79708480834961,1.4103222,16.19891,-0.0999344702453506,,,,,,,,,,,,False,False
5615571848627398912,,,NGC2447,115.9503936767578,-23.803768157958984,1.0359993,15.252239,-0.0562152234352101,,,,,,,,,,,,False,False
5615572333968756608,,,NGC2447,115.87189483642578,-23.80830001831055,0.59085083,13.1860075,0.1371971160561003,,,,,,,,,,,,False,False
5615572643196416512,,,NGC2447,115.90689849853516,-23.78595352172852,2.1688423,18.69756,-0.0424170328060291,,,,,,,,,,,,False,False
5615572643206358528,,,NGC2447,115.9136199951172,-23.779476165771484,0.8425484000000001,14.26339,-1.067373861905741,,,,,,,,,,,,False,False
5615572677555411840,,,NGC2447,115.93362426757812,-23.77744102478028,1.2493601,14.930415,-0.636608882149361,,,,,,,,,,,,False,False
5615572707620930048,,,NGC2447,115.94615936279295,-23.7727279663086,2.4839325,17.952868,-0.1522983503414556,,,,,,,,,,,,False,False
5615572780645285120,,,NGC2447,115.9346923828125,-23.76027107238769,0.6820364000000001,13.744882999999998,0.0733242788733994,,,,,,,,,,,,False,False
5615572948139149056,,,NGC2447,115.9077606201172,-23.75517654418945,1.5763702,16.583189,-0.1042388939523099,,,,,,,,,,,,False,False
5615573089882929152,,,NGC2447,115.92328643798828,-23.739686965942383,1.4189034,16.335531,-0.0796716289109213,,,,,,,,,,,,False,False
5615573124242613632,,,NGC2447,116.0213851928711,-23.79423522949219,0.141325,11.426401,0.0364577477030712,63.97013,49.028336,0.7664254551303867,,,,,,,,,True,True
5615573188657220480,,,NGC2447,116.00270080566406,-23.79258155822754,2.0823078,17.753483,-0.0968598147783249,,,,,,,,,,,,False,False
5615573192962104704,,,NGC2447,116.0008773803711,-23.78948211669922,0.9920883,15.071827,-0.065474496644083,,,,,,,,,,,,False,False
5615573223019652096,,,NGC2447,116.01900482177734,-23.78176498413086,2.3397732,18.587673,-0.0725974840895293,,,,,,,,,,,,False,False
5615573261681547264,,,NGC2447,116.032958984375,-23.77996826171875,0.90303326,14.777638,-0.0438338124387009,,,,,,,,,,,,False,False
5615573296041271168,,,NGC2447,116.04671478271484,-23.77300262451172,0.9505501,14.949661,-0.0513403394390229,,,,,,,,,,,,False,False
5615573326096236288,,,NGC2447,116.01940155029295,-23.768030166625977,1.6059284,16.677809,-0.1004007629806933,,,,,,,,,,,,False,False
5615573330401021184,,,NGC2447,116.0284423828125,-23.76633071899414,1.4001312,16.210787,-0.0926706634470615,,,,,,,,,,,,False,False
5615573364760741376,,,NGC2447,116.0432357788086,-23.75503730773925,1.5701408,16.574755,-0.1032243895790524,,,,,,,,,,,,False,False
5615573394815708800,,,NGC2447,115.99275970458984,-23.769376754760746,1.1608839,15.654651,-0.0627231868470204,,,,,,,,,,,,False,False
5615573467840015488,,,NGC2447,115.98158264160156,-23.76554107666016,0.9469595,14.947033,-0.0459039700633717,,,,,,,,,,,,False,False
5615573635338017920,,,NGC2447,116.01717376708984,-23.727155685424805,2.4817085,18.217552,-0.1239590661800858,,,,,,,,,,,,False,False
5615573673998369280,,,NGC2447,116.05878448486328,-23.74958801269531,0.6191721,13.344017,0.1308131474461129,,,,,,,,,,,,False,False
5615573708358095232,,,NGC2447,116.07318878173828,-23.75227165222168,0.15135288,10.568285,0.0690617285880017,151.36337,36.693386,0.2424191929659071,,,,,,,,,True,True
5615573738413148288,,,NGC2447,116.04428100585938,-23.75009155273437,1.7769394,17.088142,-0.0981095109580209,,,,,,,,,,,,False,False
5615573777077579008,,,NGC2447,116.05494689941406,-23.73477935791016,1.2808037,15.932322,-0.082783760686502,,,,,,,,,,,,False,False
5615573845797026432,,,NGC2447,116.0838623046875,-23.72415351867676,1.1874971,15.648670999999998,-0.0851472191858381,,,,,,,,,,,,False,False
5615573875852184576,,,NGC2447,116.06339263916016,-23.726884841918945,0.63059807,13.416546,0.1205003783307522,,,,,,,,,,,,False,False
5615573948867007616,,,NGC2447,116.0407943725586,-23.73189926147461,2.2848701,17.9929,-0.1119405453964046,,,,,,,,,,,,False,False
5615574013289549696,,,NGC2447,116.02742767333984,-23.72581481933593,0.2889862,12.075924,0.061392235626321,,,,,,,,,,,,False,False
5615574017595764096,,,NGC2447,116.03024291992188,-23.72482490539551,0.84254074,14.522426,-0.0528949912056894,,,,,,,,,,,,False,False
5615574051955482624,,,NGC2447,116.04660034179688,-23.715293884277344,1.4480018999999995,16.333153,-0.0931104897718379,,,,,,,,,,,,False,False
5615574051955488256,,,NGC2447,116.04117584228516,-23.71757125854492,1.8591595,16.905172,-0.1486654290770824,,,,,,,,,,,,False,False
5615574051955489536,,,NGC2447,116.04171752929688,-23.71961212158203,0.6174593,13.399977,0.0677147702598101,,,,,,,,,,,,False,False
5615574051955494784,,,NGC2447,116.03289794921876,-23.716203689575195,1.3827486,15.5519,-0.2824317123239652,,,,,,,,,,,,False,False
5615574082009025152,,,NGC2447,116.05916595458984,-23.70669174194336,0.31504822,12.213115,0.0436346988785013,,,,,,,,,,,,False,False
5615574120674936192,,,NGC2447,116.07138061523438,-23.710702896118164,2.1041336,17.838396,-0.0930431565033553,,,,,,,,,,,,False,False
5615574189384391936,,,NGC2447,116.05919647216795,-23.702577590942383,2.1166058,18.791647,-0.0307122735924192,,,,,,,,,,,,False,False
5615574223754260352,,,NGC2447,115.97500610351562,-23.75610160827637,0.35769844,12.211566,0.1202353099440401,,,,,,,,,,,,False,False
5615574223754266752,,,NGC2447,115.9697036743164,-23.757482528686523,0.83996487,14.515901,-0.0481988127979365,,,,,,,,,,,,False,False
5615574498632183808,,,NGC2447,115.94270324707033,-23.733327865600582,1.1581182,15.598039000000002,-0.074757264396427,,,,,,,,,,,,False,False
5615574636071103744,,,NGC2447,115.96768951416016,-23.71330451965332,2.11022,17.938278,-0.0851991020295335,,,,,,,,,,,,False,False
5615574636071107584,,,NGC2447,115.96813201904295,-23.72091293334961,0.816102,14.348198000000002,-0.1996753912358322,,,,,,,,,,,,False,False
5615574734844053760,,,NGC2447,115.96212768554688,-23.695390701293945,1.1819754,8.964408,0.2630134195998774,9.655491,1.5602903,0.1615961632608844,,,,,,,,,True,False
5615574769205432704,,,NGC2447,116.01094818115234,-23.71158599853516,0.66463566,13.6415,0.0819014313574816,,,,,,,,,,,,False,False
5615574910948944128,,,NGC2447,116.03376770019533,-23.69776725769043,1.5121136,16.447526999999997,-0.1011197899591994,,,,,,,,,,,,False,False
5615574945299416960,,,NGC2447,116.0466079711914,-23.691349029541016,2.4261322,18.783432,-0.0715635703514087,,,,,,,,,,,,False,False
5615575009723766784,,,NGC2447,116.03463745117188,-23.666778564453125,0.6882571999999999,13.739995,0.1249554414969348,,,,,,,,,,,,False,False
5615575044083385344,,,NGC2447,116.0019760131836,-23.69639015197754,1.8871593,17.226010000000002,-0.1106065143314227,,,,,,,,,,,,False,False
5615575254546337280,,,NGC2447,116.00264739990234,-23.666221618652344,0.75356483,14.083807,0.5813422928335535,,,,,,,,,,,,False,False
5615575288896815616,,,NGC2447,116.01585388183594,-23.645109176635746,2.2164745,18.539974,-0.0581664210318026,,,,,,,,,,,,False,False
5615575318960992384,,,NGC2447,116.19876861572266,-23.796098709106445,2.029049,17.587851999999998,-0.1026198321826366,,,,,,,,,,,,False,False
5615575391985532928,,,NGC2447,116.18407440185548,-23.789480209350582,1.0479107,9.575241,0.4239598168365766,9.0648365,1.3131024,0.14485671087393578,,,,,,,,,True,False
5615575391985533824,,,NGC2447,116.18211364746094,-23.792280197143555,1.3026686,15.693286,-0.1608371326167701,,,,,,,,,,,,False,False
5615575422040249088,,,NGC2447,116.19651794433594,-23.77763938903809,2.1648922,18.211851,-0.072652750218678,,,,,,,,,,,,False,False
5615575426345267584,,,NGC2447,116.1939468383789,-23.7694091796875,1.7252006999999998,17.056772,-0.0873442764950917,,,,,,,,,,,,False,False
5615575254546334080,,,NGC2447,116.00502014160156,-23.663101196289062,1.3274403,16.029163,-0.0899299270560513,,,,,,,,,,,,False,False
5615575529424478976,,,NGC2447,116.20914459228516,-23.76198768615723,1.0083427,15.153967000000002,-0.0558025562183964,,,,,,,,,,,,False,False
5615575632493337344,,,NGC2447,116.18505096435548,-23.767343521118164,1.7749653000000003,17.041403,-0.103514466328081,,,,,,,,,,,,False,False
5615575632503698432,,,NGC2447,116.18277740478516,-23.75948905944824,1.7360077,16.223417,-0.2534111022606222,,,,,,,,,,,,False,False
5615575769942647040,,,NGC2447,116.20491027832033,-23.74905204772949,1.0690756,9.579926,0.4375064655070907,13.534152,1.5152788,0.11195964106210717,,,,,,,,,True,False
5615575834357236224,,,NGC2447,116.1989517211914,-23.737611770629886,0.92447376,14.099868,11.288190858706274,,,,,,,,,,,,False,False
5615575971796179328,,,NGC2447,116.23463439941406,-23.73748588562012,2.18956,18.166128,-0.0802397809846684,,,,,,,,,,,,False,False
5615576006155926144,,,NGC2447,116.2647933959961,-23.73610877990723,1.8646584,17.306044,-0.0953481091145861,,,,,,,,,,,,False,False
5615576246674171648,,,NGC2447,116.22101593017578,-23.71275329589844,2.2422447,18.25891,-0.0816123374263819,,,,,,,,,,,,False,False
5615576457137420672,,,NGC2447,116.16258239746094,-23.73892021179199,1.9000874,17.815016,-0.0555359007433154,,,,,,,,,,,,False,False
5615576487192228864,,,NGC2447,116.13198852539062,-23.74604797363281,2.1731987,17.773252,-0.1129741567478752,,,,,,,,,,,,False,False
5615576560216633600,,,NGC2447,116.17285919189452,-23.73441696166992,0.6752577,13.652007,0.13740804814659,,,,,,,,,,,,False,False
5615576590271514240,,,NGC2447,116.18755340576172,-23.72418785095215,2.2122478,18.432201,-0.0645002652811885,,,,,,,,,,,,False,False
5615576628926750592,,,NGC2447,116.1607894897461,-23.720134735107425,2.1699219,18.27098,-0.0691321058822755,,,,,,,,,,,,False,False
5615576663295499264,,,NGC2447,116.16290283203124,-23.71493721008301,1.5489540000000002,16.529682,-0.1023222765293745,,,,,,,,,,,,False,False
5615576693350670080,,,NGC2447,116.12628173828124,-23.74282646179199,1.3506584,16.096857,-0.0891018823148705,,,,,,,,,,,,False,False
5615576697655282432,,,NGC2447,116.1257095336914,-23.73658943176269,0.8371086,14.378041,-0.2919422675750238,,,,,,,,,,,,False,False
5615576727710460160,,,NGC2447,116.14401245117188,-23.727819442749023,2.1537627999999995,17.996451999999998,-0.0880691059766005,,,,,,,,,,,,False,False
5615576732014997504,,,NGC2447,116.1458511352539,-23.72619819641113,1.529377,15.7244,-0.3172712023338587,,,,,,,,,,,,False,False
5615576766374767232,,,NGC2447,116.11298370361328,-23.732532501220703,0.7474947,14.038335,0.3969851856813007,,,,,,,,,,,,False,False
5615576800739594496,,,NGC2447,116.11679077148438,-23.712709426879886,0.39733315,10.226532,0.2236799449289048,,,,,,,,,,,,False,False
5615576933869008384,,,NGC2447,116.15579986572266,-23.69353675842285,2.04986,17.43264,-0.1250414454860073,,,,,,,,,,,,False,False
5615577041252604288,,,NGC2447,116.17756652832033,-23.7058162689209,0.5906992,13.252277,0.0733009486046394,,,,,,,,,,,,False,False
5615577174387235840,,,NGC2447,116.20331573486328,-23.68203163146973,1.6413231,16.828506,-0.0909469314459576,,,,,,,,,,,,False,False
5615577316130510976,,,NGC2447,116.16082763671876,-23.678653717041016,1.622055,16.398827,-0.156682861202263,,,,,,,,,,,,False,False
5615577316130511104,,,NGC2447,116.16162872314452,-23.68002510070801,1.6214867,16.636452,-0.1124679741738722,,,,,,,,,,,,False,False
5615577384849955712,,,NGC2447,116.19091796875,-23.66667938232422,0.8746414,14.645389000000002,-0.0582705409022272,,,,,,,,,,,,False,False
5615577419209687168,,,NGC2447,116.19942474365234,-23.66921615600586,1.5582638,16.097038,-0.2000159508432912,,,,,,,,,,,,False,False
5615577591008770304,,,NGC2447,116.27210235595705,-23.70923042297364,1.5147457,16.452011,-0.1014504159190586,,,,,,,,,,,,False,False
5615577831526937600,,,NGC2447,116.26912689208984,-23.684431076049805,0.91675854,14.706886,-0.1357880366270818,,,,,,,,,,,,False,False
5615577968953870976,,,NGC2447,116.28573608398438,-23.658302307128903,2.1675491,18.54385,-0.0509202846652989,,,,,,,,,,,,False,False
5615578102100281856,,,NGC2447,116.3346710205078,-23.66270065307617,0.83994675,14.487329,-0.084540439556369,,,,,,,,,,,,False,False
5615578106404840192,,,NGC2447,116.32878875732422,-23.668420791625977,1.4798336,16.450357,-0.0872975080697298,,,,,,,,,,,,False,False
5615578239539287552,,,NGC2447,116.3544464111328,-23.63888931274414,2.4528885,18.524675,-0.0932276333852805,,,,,,,,,,,,False,False
5615578346922532608,,,NGC2447,116.30028533935548,-23.64619445800781,1.8771095,17.222567,-0.1084204814817151,,,,,,,,,,,,False,False
5615578450001745792,,,NGC2447,116.29354095458984,-23.63158988952637,2.1177692,17.969692000000002,-0.0838732589436925,,,,,,,,,,,,False,False
5615578484361476864,,,NGC2447,116.3129653930664,-23.63328742980957,0.7628174,14.111852,1.5528474601089126,,,,,,,,,,,,False,False
5615579545209557504,,,NGC2447,116.25040435791016,-23.59461784362793,1.6497421,16.73653,-0.1068863746082603,,,,,,,,,,,,False,False
5615579755671981056,,,NGC2447,116.12244415283205,-23.70376968383789,1.0220938,15.2179575,-0.0507378032303929,,,,,,,,,,,,False,False
5615579790031749888,,,NGC2447,116.08772277832033,-23.7027645111084,1.9386406000000005,16.597544,-0.2378367452745526,,,,,,,,,,,,False,False
5615579446434174208,,,NGC2447,116.2524871826172,-23.617788314819336,0.8210249,14.412541,-0.0890354012814943,,,,,,,,,,,,False,False
5615580163684544128,,,NGC2447,116.1171417236328,-23.66030693054199,2.1091518,17.971011999999998,-0.0821968152298901,,,,,,,,,,,,False,False
5615580232404046080,,,NGC2447,116.11271667480467,-23.65343856811523,1.877367,16.57911,-0.2191416275583781,,,,,,,,,,,,False,False
5615580301123461632,,,NGC2447,116.15861511230467,-23.66864585876465,2.050541,17.817520000000002,-0.0845884473839842,,,,,,,,,,,,False,False
5615580335483246720,,,NGC2447,116.13518524169922,-23.65738677978516,2.456789,18.137972,-0.1276029731710204,,,,,,,,,,,,False,False
5615580369846758784,,,NGC2447,116.1419906616211,-23.65496826171875,2.2474728,18.289164000000003,-0.0801258843023509,,,,,,,,,,,,False,False
5615580438562511616,,,NGC2447,116.17969512939452,-23.64672088623047,2.0927773000000003,17.848875,-0.0898937917396971,,,,,,,,,,,,False,False
5615580438564728448,,,NGC2447,116.1818389892578,-23.64858436584473,2.232813,18.775112,-0.0467452400405981,,,,,,,,,,,,False,False
5615580442857479680,,,NGC2447,116.18153381347656,-23.63923454284668,2.4634495,18.61427,-0.0880615191456924,,,,,,,,,,,,False,False
5615580541641689472,,,NGC2447,116.1171875,-23.65419006347656,1.7095261000000002,16.897270000000002,-0.103266752747063,,,,,,,,,,,,False,False
5615580683384851968,,,NGC2447,116.150390625,-23.62669944763184,1.1430416,15.584253,-0.0657776963305969,,,,,,,,,,,,False,False
5615580992612949888,,,NGC2447,116.10212707519533,-23.64304351806641,2.351324,18.824833,-0.0593501771976392,,,,,,,,,,,,False,False
5615581130061542784,,,NGC2447,116.05467224121094,-23.64389419555664,0.68570423,13.724026,0.1259013302235602,,,,,,,,,,,,False,False
5615581026982308736,,,NGC2447,116.07697296142578,-23.64373779296875,0.66424084,13.588599,0.1365047249662571,,,,,,,,,,,,False,False
5615581026982313856,,,NGC2447,116.072021484375,-23.64501571655273,0.65942097,13.545127,0.1522368383443531,,,,,,,,,,,,False,False
5615581263196311680,,,NGC2447,116.07145690917967,-23.62799072265625,2.0402622,17.819803,-0.082387226506571,,,,,,,,,,,,False,False
5615581336208809472,,,NGC2447,116.063720703125,-23.61532974243164,2.1077995,18.013617,-0.0784064914374272,,,,,,,,,,,,False,False
5615581366275486336,,,NGC2447,116.1051025390625,-23.63703727722168,1.6670914,16.776659,-0.1067862414470747,,,,,,,,,,,,False,False
5615581508018589056,,,NGC2447,116.12310028076172,-23.6148624420166,1.0537825,15.291245000000002,-0.0641037037052283,,,,,,,,,,,,False,False
5615581641153518208,,,NGC2447,116.08296966552734,-23.60933303833008,2.1409912,17.570456,-0.1289140275484445,,,,,,,,,,,,False,False
5615581817244909824,,,NGC2447,116.12228393554688,-23.58240127563477,2.0331173,17.58146,-0.1041824260312098,,,,,,,,,,,,False,False
5615581920335392768,,,NGC2447,116.19677734375,-23.62909889221192,1.5214958,16.484762,-0.0987497688799755,,,,,,,,,,,,False,False
5615582057764351360,,,NGC2447,116.22212982177734,-23.61433792114257,2.3035564,18.790274,-0.0551513095987667,,,,,,,,,,,,False,False
5615582057774315264,,,NGC2447,116.21161651611328,-23.60442352294922,0.85574627,13.818657,1.4482774458277363,,,,,,,,,,,,False,False
5615582122192039040,,,NGC2447,116.2077407836914,-23.60253715515137,2.248848,18.288097,-0.0804251582024066,,,,,,,,,,,,False,False
5615582263932798080,,,NGC2447,116.1577377319336,-23.604433059692383,1.0665779,15.352576999999998,-0.0585821336998838,,,,,,,,,,,,False,False
5615582710597715072,,,NGC2447,116.25247192382812,-23.55262756347656,2.2974472,17.952552999999998,-0.1182182304810092,,,,,,,,,,,,False,False
5615582710600052736,,,NGC2447,116.2553939819336,-23.555288314819336,2.5112743,18.835289000000003,-0.0792541103802892,,,,,,,,,,,,False,False
5615582744957524608,,,NGC2447,116.2179946899414,-23.56711387634277,1.4742737,16.296823999999997,-0.1116643186103533,,,,,,,,,,,,False,False
5615582916767726848,,,NGC2447,116.25206756591795,-23.53747367858887,0.5636939999999999,13.099743,0.0837947896707758,,,,,,,,,,,,False,False
5615583294724966400,,,NGC2447,116.11864471435548,-23.571918487548828,1.6193981000000002,16.571413,-0.1225504563716086,,,,,,,,,,,,False,False
5615583324780926848,,,NGC2447,116.14124298095705,-23.56648063659668,1.3981934,16.205034,-0.0927903269865724,,,,,,,,,,,,False,False
5615583397804163968,,,NGC2447,116.12224578857422,-23.547178268432617,1.1631403,15.626504,-0.0714812377287437,,,,,,,,,,,,False,False
5615583500883356160,,,NGC2447,116.14327239990234,-23.541643142700195,1.3574238,16.104038,-0.0912970290429856,,,,,,,,,,,,False,False
5615583874543800320,,,NGC2447,116.17852020263672,-23.52441215515137,1.8290768,17.050318,-0.1178331607142752,,,,,,,,,,,,False,False
5615583878840432896,,,NGC2447,116.17745208740234,-23.52055931091309,0.76850224,14.164873000000002,-0.8925106374384699,,,,,,,,,,,,False,False
5615583947550648576,,,NGC2447,116.16870880126952,-23.505189895629886,2.2158623,18.227335,-0.0797915657237074,,,,,,,,,,,,False,False
5615584600395350656,,,NGC2447,115.83621215820312,-23.74430656433105,1.8206348,16.53193,-0.2083064463185543,,,,,,,,,,,,False,False
5615584875278197120,,,NGC2447,115.8991241455078,-23.72311973571777,2.2803078,18.392551,-0.0775302643950887,,,,,,,,,,,,False,False
5615584905328223744,,,NGC2447,115.9125518798828,-23.71653175354004,1.6622086,16.813093,-0.099897606619659,,,,,,,,,,,,False,False
5615584939687885824,,,NGC2447,115.8574676513672,-23.73874664306641,1.9972515,17.601778,-0.0943150294837019,,,,,,,,,,,,False,False
5615585081431632384,,,NGC2447,115.89004516601562,-23.71176719665528,0.8692559999999999,13.893682,1.7851186994874375,,,,,,,,,,,,False,False
5615585150151119488,,,NGC2447,115.87332153320312,-23.70100975036621,1.1573372,15.603863,-0.0725851745751353,,,,,,,,,,,,False,False
5615585317645035776,,,NGC2447,115.7914047241211,-23.73027038574219,1.6847668000000002,16.819176000000002,-0.1064135482539589,,,,,,,,,,,,False,False
5615585867400980352,,,NGC2447,115.83643341064452,-23.69329071044922,2.338194,18.5283,-0.0764300124592138,,,,,,,,,,,,False,False
5615586009144570624,,,NGC2447,115.86222839355467,-23.6721134185791,0.9348259,14.898543,-0.0465621520924028,,,,,,,,,,,,False,False
5615586249662764544,,,NGC2447,115.8271713256836,-23.66777992248535,0.9489069,14.974574,-0.0366320493317049,,,,,,,,,,,,False,False
5615586387106675712,,,NGC2447,115.92222595214844,-23.70198440551757,1.5963402,16.573605,-0.1133885980251244,,,,,,,,,,,,False,False
5615586524540595712,,,NGC2447,115.93023681640624,-23.68334197998047,1.6195965,16.647615,-0.1099916881548205,,,,,,,,,,,,False,False
5615586829477565184,,,NGC2447,115.92700958251952,-23.65306091308593,1.8128853,17.513071,-0.062266215664848,,,,,,,,,,,,False,False
5615587314814493184,,,NGC2447,115.98536682128906,-23.617664337158203,0.49460888,12.742929,0.1227089709984345,,,,,,,,,,,,False,False
5615587658411952896,,,NGC2447,115.90921020507812,-23.63224792480469,2.0200462,17.597471,-0.0996645918059279,,,,,,,,,,,,False,False
5615588105088503168,,,NGC2447,115.9542007446289,-23.61479568481445,1.0861454,15.359768,-0.0772919395259593,,,,,,,,,,,,False,False
5615588276887221376,,,NGC2447,115.91829681396484,-23.60625076293945,1.6477528,16.590622,-0.1299473084220779,,,,,,,,,,,,False,False
5615588410024162560,,,NGC2447,115.9393081665039,-23.57984733581543,1.8334293,17.251432,-0.0936857858897286,,,,,,,,,,,,False,False
5615589165936018560,,,NGC2447,115.79805755615234,-23.653642654418945,1.7021408,16.921722,-0.0976545969062749,,,,,,,,,,,,False,False
5615589307679468800,,,NGC2447,115.8196792602539,-23.63068771362305,0.91745853,14.823073999999998,-0.0509237180077995,,,,,,,,,,,,False,False
5615589376389649280,,,NGC2447,115.78384399414062,-23.649126052856445,2.3815308,18.375145,-0.0942993336640864,,,,,,,,,,,,False,False
5615589784411339392,,,NGC2447,115.74237060546876,-23.64724922180176,1.6800232,16.76599,-0.1127378589924451,,,,,,,,,,,,False,False
5615590475910615040,,,NGC2447,115.74430847167967,-23.60322189331055,0.92379093,14.372095000000002,-1.031433280201549,,,,,,,,,,,,False,False
5615590510270368512,,,NGC2447,115.71849060058594,-23.59597587585449,0.7464447,14.053409,0.3488485509562568,,,,,,,,,,,,False,False
5615590888227372544,,,NGC2447,115.87574768066406,-23.60017204284668,1.6168499,16.698532,-0.1011558624735702,,,,,,,,,,,,False,False
5615591811636119040,,,NGC2447,115.7989501953125,-23.599395751953125,2.1244469,17.716692000000002,-0.1090853838450578,,,,,,,,,,,,False,False
5615592090818284928,,,NGC2447,115.77432250976562,-23.576839447021484,1.4405556000000002,16.240316,-0.1066701462300205,,,,,,,,,,,,False,False
5615592743653254784,,,NGC2447,115.8090591430664,-23.51278114318848,1.1212606,15.496572,-0.0703271350372991,,,,,,,,,,,,False,False
5615592911147605248,,,NGC2447,116.02352905273438,-23.631072998046875,1.9658642,17.391956,-0.1101062139928922,,,,,,,,,,,,False,False
5615592911149759616,,,NGC2447,116.01227569580078,-23.627605438232425,2.5712376,18.421598,-0.1191480283146383,,,,,,,,,,,,False,False
5615593220385377152,,,NGC2447,115.99526977539062,-23.60357093811035,2.2249298,17.268248,-0.1912898063772956,,,,,,,,,,,,False,False
5615593259039793408,,,NGC2447,115.98526763916016,-23.604841232299805,2.3112984,18.49604,-0.0747777338304646,,,,,,,,,,,,False,False
5615593357827878784,,,NGC2447,116.02435302734376,-23.57968330383301,1.9725418,17.587994000000002,-0.090373180561084,,,,,,,,,,,,False,False
5615593426543953152,,,NGC2447,116.0086669921875,-23.57566833496093,1.6210461,16.679087,-0.1055923123222682,,,,,,,,,,,,False,False
5615593465207585408,,,NGC2447,116.06126403808594,-23.596811294555664,0.34500313,12.209446,0.0986001766036916,,,,,,,,,,,,False,False
5615593637006232064,,,NGC2447,116.09185028076172,-23.56274604797364,0.16187477,10.561481,0.0795040557138851,60.044,69.09939,1.150812570781427,,,,,,,,,True,True
5615593740085505920,,,NGC2447,116.037109375,-23.581430435180664,0.693593,13.785409,0.1071820450654322,,,,,,,,,,,,False,False
5615593770141390976,,,NGC2447,116.04449462890624,-23.566680908203125,0.9371004,14.717896,-0.1842027563431172,,,,,,,,,,,,False,False
5615593774435849984,,,NGC2447,116.04356384277344,-23.56692886352539,1.8963089,18.374966,-0.0200340969573602,,,,,,,,,,,,False,False
5615593907580467840,,,NGC2447,116.06848907470705,-23.544347763061523,1.2721633999999995,15.820507,-0.102879862953571,,,,,,,,,,,,False,False
5615594152402391552,,,NGC2447,116.0010223388672,-23.57198143005371,1.4728642,16.356838,-0.1000157457262548,,,,,,,,,,,,False,False
5615594599078956800,,,NGC2447,116.02523040771484,-23.54889678955078,0.8808879999999999,14.594528,-0.1318987066326783,,,,,,,,,,,,False,False
5615594702158157568,,,NGC2447,116.03006744384766,-23.52901840209961,0.88319016,14.726062,-0.0240150003306842,,,,,,,,,,,,False,False
5615594972732572416,,,NGC2447,116.01345825195312,-23.50635528564453,2.3863697,17.707222,-0.1636525791018312,,,,,,,,,,,,False,False
5615596312762459904,,,NGC2447,116.06173706054688,-23.49142837524414,1.6302681,16.690506,-0.1071073853835486,,,,,,,,,,,,False,False
5615596523224245376,,,NGC2447,116.04937744140624,-23.47649574279785,0.8445834999999999,14.498626000000002,-0.0929435750931905,,,,,,,,,,,,False,False
5615596523224251264,,,NGC2447,116.043701171875,-23.478471755981445,0.9768534,15.060864000000002,-0.0463465353989512,,,,,,,,,,,,False,False
5615597176059191296,,,NGC2447,116.10955047607422,-23.43272399902344,0.65209866,13.561853,0.0932219956307554,,,,,,,,,,,,False,False
5615597347858102528,,,NGC2447,115.93505859375,-23.54776954650879,0.6606302,13.580666,0.1233644652043906,,,,,,,,,,,,False,False
5615598138132043008,,,NGC2447,115.94635009765624,-23.48500061035156,1.2124176000000002,15.078419,-0.4006310114224911,,,,,,,,,,,,False,False
5615598138132045440,,,NGC2447,115.950927734375,-23.49814033508301,0.58182335,13.155159,0.1210477963759404,,,,,,,,,,,,False,False
5615598275570962688,,,NGC2447,115.97146606445312,-23.46312522888184,0.7339306,14.058011,-0.0320733203337258,,,,,,,,,,,,False,False
5615598614867870848,,,NGC2447,115.89625549316406,-23.48679542541504,1.7682972,17.169363,-0.0860266805068889,,,,,,,,,,,,False,False
5615598756607405824,,,NGC2447,115.85871887207033,-23.47935485839844,1.3985252,16.183714000000002,-0.0969909027541709,,,,,,,,,,,,False,False
5615599336419787520,,,NGC2447,115.9106903076172,-23.433576583862305,1.3961449,16.242393,-0.0850078241844576,,,,,,,,,,,,False,False
5615599924838350208,,,NGC2447,116.01042938232422,-23.425870895385746,0.7071104,13.842498,0.1422652171116006,,,,,,,,,,,,False,False
5615601123126522240,,,NGC2447,115.96270751953124,-23.37023162841797,1.9340878,17.493118,-0.0915345813308868,,,,,,,,,,,,False,False
5615601333587550592,,,NGC2447,116.0452880859375,-23.35268211364746,1.290739,15.920038,-0.0915467436755119,,,,,,,,,,,,False,False
5615601398004555904,,,NGC2447,116.0374984741211,-23.34626197814941,0.65235996,13.620074,0.0304934964230405,,,,,,,,,,,,False,False
5615601947759006848,,,NGC2447,116.39502716064452,-23.58814239501953,2.0411263,17.464264,-0.1191908058881426,,,,,,,,,,,,False,False
5615602360075933056,,,NGC2447,116.40780639648438,-23.576499938964844,2.2157402000000004,17.784893,-0.1201576152766107,,,,,,,,,,,,False,False
5615602738033297792,,,NGC2447,116.399658203125,-23.532758712768555,2.50395,18.402195000000003,-0.1106938938532641,,,,,,,,,,,,False,False
5615602909831768832,,,NGC2447,116.3180160522461,-23.57157325744629,1.6194476999999998,16.634272,-0.1120730431526139,,,,,,,,,,,,False,False
5615603360813534848,,,NGC2447,116.36042785644533,-23.554462432861328,0.62408066,13.324926,0.1740800423252677,,,,,,,,,,,,False,False
5615603532612172288,,,NGC2447,116.3998794555664,-23.527482986450195,0.8401765999999999,14.489966,-0.0821006639597736,,,,,,,,,,,,False,False
5615603562667129344,,,NGC2447,116.37914276123048,-23.514123916625977,1.9003677,17.404966,-0.0930704245414398,,,,,,,,,,,,False,False
5615603635691448064,,,NGC2447,116.3450698852539,-23.538822174072266,0.5825863,13.162326,0.1181158033380397,,,,,,,,,,,,False,False
5615603871904915968,,,NGC2447,116.36526489257812,-23.48954391479492,1.7425079,16.948227,-0.1063927150933834,,,,,,,,,,,,False,False
5615603944928990464,,,NGC2447,116.46045684814452,-23.54578971862793,1.1003485,15.423711,-0.0717012099643335,,,,,,,,,,,,False,False
5615605211934817024,,,NGC2447,116.42051696777344,-23.47335433959961,1.493391,16.38739,-0.1035831618804196,,,,,,,,,,,,False,False
5615605078800385408,,,NGC2447,116.40299987792967,-23.50736618041992,0.94472027,14.891533,-0.0706090654588051,,,,,,,,,,,,False,False
5615606139650558464,,,NGC2447,116.29474639892578,-23.540302276611328,1.8200226,17.107468,-0.1076552043441767,,,,,,,,,,,,False,False
5615607136080226560,,,NGC2447,116.31830596923828,-23.46433448791504,1.7637023999999997,16.768810000000002,-0.1405046619818983,,,,,,,,,,,,False,False
5615607174744477056,,,NGC2447,116.31298828125,-23.45026397705078,1.3716716999999998,16.166798,-0.0866747542249943,,,,,,,,,,,,False,False
5615607788915292928,,,NGC2447,116.28894805908205,-23.455677032470703,2.2507553,18.199175,-0.0877318449899149,,,,,,,,,,,,False,False
5615607793219790720,,,NGC2447,116.29451751708984,-23.458011627197266,2.1271648,17.618395,-0.1203536211366481,,,,,,,,,,,,False,False
5615608068097708544,,,NGC2447,116.27193450927734,-23.43756103515625,0.8328656999999999,14.497985,-0.0340922831696285,,,,,,,,,,,,False,False
5615608411687529600,,,NGC2447,116.36709594726562,-23.44773292541504,2.1889782,18.789082,-0.0402748950160837,,,,,,,,,,,,False,False
5615608617853443200,,,NGC2447,116.35517120361328,-23.44080352783203,1.0510044,15.302893,-0.0570533818829215,,,,,,,,,,,,False,False
5615612156898756480,,,NGC2447,116.55016326904295,-23.388294219970703,2.124277,18.713205,-0.0356015233946412,,,,,,,,,,,,False,False
5615612221318500096,,,NGC2447,116.52726745605467,-23.37948608398437,1.8113747,17.927471,-0.0308581205523406,,,,,,,,,,,,False,False
5615614252842784128,,,NGC2447,116.5943374633789,-23.29084014892578,2.1240005,19.007156,-0.0219590918254573,,,,,,,,,,,,False,False
5615619299427568000,,,NGC2447,116.20002746582033,-23.46929931640625,1.2994547,15.935142,-0.0935472090958407,,,,,,,,,,,,False,False
5615619303724650112,,,NGC2447,116.19677734375,-23.468217849731445,2.141821,18.11775,-0.0759953748231482,,,,,,,,,,,,False,False
5615619333787376896,,,NGC2447,116.21002960205078,-23.4570426940918,2.2577362,18.087389,-0.098395812637161,,,,,,,,,,,,False,False
5615619990919399296,,,NGC2447,116.26434326171876,-23.411720275878903,2.5025368,18.67958,-0.088737114239156,,,,,,,,,,,,False,False
5615620158421440896,,,NGC2447,116.22239685058594,-23.39908218383789,1.7447987,17.016389999999998,-0.0980215156318027,,,,,,,,,,,,False,False
5615620673817462272,,,NGC2447,116.12459564208984,-23.405681610107425,1.7439651000000005,16.961052,-0.1050836110622903,,,,,,,,,,,,False,False
5615620914335862272,,,NGC2447,116.15314483642578,-23.36938667297364,2.103014,17.810244,-0.0954787919000697,,,,,,,,,,,,False,False
5615621021719239168,,,NGC2447,116.17138671875,-23.38051986694336,2.266327,18.229097,-0.0878560475805498,,,,,,,,,,,,False,False
5615623804857972480,,,NGC2447,116.11168670654295,-23.367345809936523,1.1478157,15.481737,-0.0993889109102597,,,,,,,,,,,,False,False
5615625522844831744,,,NGC2447,116.14132690429688,-23.27922058105469,1.6045246000000002,16.715166,-0.0943959511403272,,,,,,,,,,,,False,False
5615625797722331648,,,NGC2447,116.12162017822266,-23.254093170166016,0.56920147,13.1638155,0.0498362460408271,,,,,,,,,,,,False,False
5615626553636872832,,,NGC2447,116.23294830322266,-23.24834251403809,0.34451103,11.996318,0.1733733330208848,177.91797,140.04675,0.78714224313598,,,,,,,,,True,True
5615627511402413824,,,NGC2447,116.14319610595705,-23.200666427612305,1.9745426,17.545305,-0.0951637123012948,,,,,,,,,,,,False,False
5615629950943851520,,,NGC2447,116.3763198852539,-23.197893142700195,2.1083832,17.745953,-0.1028351697605465,,,,,,,,,,,,False,False
5615634387656886400,,,NGC2447,116.30744934082033,-23.10297966003418,1.1003027,15.464068,-0.0598777807034274,,,,,,,,,,,,False,False
5615637170797214720,,,NGC2447,115.6468734741211,-23.610754013061523,1.3027315000000002,15.941487,-0.0941369093855076,,,,,,,,,,,,False,False
5615637926711432320,,,NGC2447,115.69869995117188,-23.54495429992676,1.4275684,16.294804,-0.0905256159879849,,,,,,,,,,,,False,False
5615638648265947008,,,NGC2447,115.66217803955078,-23.535924911499023,1.9772243000000005,17.352282000000002,-0.1176067125601049,,,,,,,,,,,,False,False
5615639056277006208,,,NGC2447,115.66038513183594,-23.48641014099121,2.5268383,18.056736,-0.1481836290525733,,,,,,,,,,,,False,False
5615639365514387072,,,NGC2447,115.7289581298828,-23.53275680541992,1.9123058,17.062618,-0.1397881672767638,,,,,,,,,,,,False,False
5615640847289165824,,,NGC2447,115.75379943847656,-23.45614242553711,1.7503319,16.989813,-0.1031213422587521,,,,,,,,,,,,False,False
5615641156526532352,,,NGC2447,115.74678802490234,-23.43000221252441,1.3605804,16.095615,-0.0946540367232888,,,,,,,,,,,,False,False
5615641839415658496,,,NGC2447,115.623779296875,-23.51334571838379,1.8018665,17.177065,-0.094105067264632,,,,,,,,,,,,False,False
5615645825145717248,,,NGC2447,115.8595733642578,-23.44721603393555,1.1938953,15.615168,-0.0994474295511429,,,,,,,,,,,,False,False
5615645996944482944,,,NGC2447,115.82546997070312,-23.43312644958496,2.026598,17.109426000000003,-0.1645825942251589,,,,,,,,,,,,False,False
5615646310487540224,,,NGC2447,115.87439727783205,-23.424991607666016,1.322649,15.989918,-0.0954230376989583,,,,,,,,,,,,False,False
5615647302614874880,,,NGC2447,115.79454803466795,-23.37196350097656,2.1224403,18.648527,-0.0387115057315405,,,,,,,,,,,,False,False
5615649299784355584,,,NGC2447,115.86776733398438,-23.320030212402344,1.1140385,15.392373999999998,-0.0956433462444074,,,,,,,,,,,,False,False
5615649368504346496,,,NGC2447,115.8603057861328,-23.31081199645996,2.4510918,18.093727,-0.1311025677587913,,,,,,,,,,,,False,False
5615651601881157248,,,NGC2447,115.70171356201172,-23.30739021301269,2.1672535,18.825094,-0.0356444859853338,,,,,,,,,,,,False,False
5615653010636033408,,,NGC2447,115.90934753417967,-23.23438262939453,0.8050785,14.423429,0.0361407886742284,,,,,,,,,,,,False,False
5615655377155549568,,,NGC2447,115.49849700927734,-23.40459442138672,1.9614067,17.590523,-0.0877130014257225,,,,,,,,,,,,False,False
5615663318557768448,,,NGC2447,115.68025207519533,-23.29834747314453,1.7859612,17.007273,-0.1112595614433017,,,,,,,,,,,,False,False
5615663348609262720,,,NGC2447,115.65309143066406,-23.30545997619629,0.5738945,13.1204195,0.1142430076113142,,,,,,,,,,,,False,False
5615677165533505280,,,NGC2447,115.9861831665039,-23.16567420959473,0.7300453,13.229989000000002,0.7977044289198001,,,,,,,,,,,,False,False
5614438462612405504,,,NGC2447,116.73253286041822,-24.771963751641696,0.93220806,14.850196,-0.0681028404394653,,,,,,,,,,,,False,False
5614541198225216640,,,NGC2447,117.1119406219829,-24.42624403949145,0.7708187,14.065626,1.1245425649403864,,,,,,,,,,,,False,False
5614598441549819520,,,NGC2447,116.20702290779865,-24.84737568642769,0.8322363,13.748885,1.177532921418691,,,,,,,,,,,,False,False
5614623730318766720,,,NGC2447,116.41797448646795,-24.728960397523142,0.9778061,14.6526575,-0.3952648496714829,,,,,,,,,,,,False,False
5614630567906576640,,,NGC2447,116.47204706167454,-24.63860755057587,0.96266174,14.946799,-0.0754601257383969,,,,,,,,,,,,False,False
5614642628174923904,,,NGC2447,116.21758060326884,-24.48830639521988,0.73981285,13.942812,0.3643586799445373,,,,,,,,,,,,False,False
5614660220361982720,,,NGC2447,115.69215808848875,-24.659592526390966,0.9561367,15.188675,0.0257293830868211,,,,,,,,,,,,False,False
5614672040112057344,,,NGC2447,115.57444571674615,-24.63797853970821,0.8544502,14.72753,0.0577587049008603,,,,,,,,,,,,False,False
5614698531471180928,,,NGC2447,116.30886667675296,-24.31481645491905,0.6510372,12.7447405,0.6353680060287811,,,,,,,,,,,,False,False
5614714955426344576,,,NGC2447,116.0125784987774,-24.209047914959264,0.8909607,13.8334,1.7902150209544798,,,,,,,,,,,,False,False
5614718116522336896,,,NGC2447,115.92503437702436,-24.171106377377736,0.15503407,11.496027,0.0420832411094312,55.96603,48.71148,0.8703758333403316,,,,,,,,,True,True
5614718666278075904,,,NGC2447,115.9685953993166,-24.119827551736183,0.9200697,14.744561,-0.1123952894040371,,,,,,,,,,,,False,False
5614721415057091840,,,NGC2447,115.96770240435876,-24.0400023504881,0.12208843,11.0573015,0.0479558993781273,145.19058,60.711494,0.4181503648514938,,,,,,,,,True,True
5614722858157099648,,,NGC2447,116.77594036420268,-24.543751626975016,1.2978678,15.940978,-0.0913009759595214,,,,,,,,,,,,False,False
5614723541049262336,,,NGC2447,116.64649065930796,-24.53920361922701,1.204134,15.595236,-0.1137277015054265,,,,,,,,,,,,False,False
5614736739491300736,,,NGC2447,116.72794136710556,-24.28911240282875,0.21223831,11.556615,0.1010366870402871,230.02786,138.7337,0.6031169441823264,,,,,,,,,True,True
5614736808210749440,,,NGC2447,116.76549530885605,-24.29309668935595,0.14512825,11.114648,0.0740072790528688,117.61478,102.299385,0.8697834149755669,,,,,,,,,True,True
5614743199122235776,,,NGC2447,116.59222907053248,-24.2917741359206,0.111867905,11.159962,0.0291767749847535,38.818726,21.843233,0.5626983482147251,,,,,,,,,True,True
5614754434756294528,,,NGC2447,116.60097916231938,-24.11679912329544,0.5370493,12.81402,0.2132329054106022,,,,,,,,,,,,False,False
5614784636967370112,,,NGC2447,117.1179138770541,-23.87723245305075,1.0178947,15.472582,0.0202106157525397,,,,,,,,,,,,False,False
5614799514735234688,,,NGC2447,116.37955468621892,-24.07773722581273,0.7910509,14.087747,2.3567085759658815,,,,,,,,,,,,False,False
5614811403204889728,,,NGC2447,116.17670406729314,-24.03779754140413,1.4951563,15.991834,-0.1952788158815474,,,,,,,,,,,,False,False
5614813116884407808,,,NGC2447,116.3119048448206,-23.972163374830387,0.258667,11.3745575,0.1859241046283404,166.88853,78.07854,0.4678484495009933,,,,,,,,,True,True
5614813739667010048,,,NGC2447,116.2182840421606,-23.96038858371725,0.82468987,13.43452,1.1333202074661808,,,,,,,,,,,,False,False
5614814426861674112,,,NGC2447,116.2812741593463,-23.90099238039784,0.31203365,11.937888,0.1429605235381376,234.2901,171.39326,0.7315429034346735,,,,,,,,,True,True
5614815315907663744,,,NGC2447,116.1376841804596,-23.974365664898976,0.20544434,11.343942,0.1257157435226661,51.058456,34.312004,0.6720141321938917,,,,,,,,,True,True
5614815423294268032,,,NGC2447,116.14479881315587,-23.965638081842503,0.72166634,13.531859,0.5160858765186896,,,,,,,,,,,,False,False
5614816282287721344,,,NGC2447,116.13110544899088,-23.93380400783502,1.0370092,14.580279,-0.7730490796949725,,,,,,,,,,,,False,False
5614816655937457024,,,NGC2447,116.19229876754272,-23.95489528365521,0.22819519,11.929621,0.0263653556913605,345.94473,178.04597,0.5146659410016161,,,,,,,,,True,True
5614816969482445184,,,NGC2447,116.17507885979546,-23.93107695597107,0.50842667,12.819181,0.1059778982831526,,,,,,,,,,,,False,False
5614816999535340032,,,NGC2447,116.16489188658277,-23.925506665122995,1.4253578,15.842449,-0.1985781849205521,,,,,,,,,,,,False,False
5614817313079742464,,,NGC2447,116.2370110337768,-23.89953773013275,1.0103712,9.077294,0.2282357293335971,8.562488,1.1624436,0.13576002675857765,,,,,,,,,True,False
5614817514930910080,,,NGC2447,116.2241614882862,-23.887495799100176,0.665349,9.387735,0.1575653918157606,8.508519,2.4618573,0.28934028354405744,,,,,,,,,True,False
5614818068994093824,,,NGC2447,116.12921486804588,-23.891059508188768,0.23593712,11.564146,0.1286178579018811,205.01839,115.40672,0.5629091126898421,,,,,,,,,True,True
5614818172073288448,,,NGC2447,116.14268937638076,-23.879295317038547,0.2344017,11.598741,0.1205693946603576,209.74866,115.54201,0.5508593475638891,,,,,,,,,True,True
5614818206433008640,,,NGC2447,116.15177407327276,-23.86801766979754,0.10417557,11.135578,0.0210369242258623,77.13025,101.20047,1.312072371086571,,,,,,,,,True,True
5614818206433182336,,,NGC2447,116.1517925803418,-23.86507283584022,0.114593506,11.115829,0.0353300826724375,171.45296,75.33896,0.4394147525945309,,,,,,,,,True,True
5614818270849624448,,,NGC2447,116.14286057539006,-23.85627002949417,0.31580448,11.680117,0.2071525057155007,,,,,,,,,,,,False,True
5614818343871914624,,,NGC2447,116.20291261787769,-23.875488075582705,0.16183758,11.363327,0.0701295820062001,155.45712,92.05117,0.5921322226990954,,,,,,,,,True,True
5614818515670585088,,,NGC2447,116.20499350478326,-23.847325447659767,0.65158653,13.482336,0.1695010806146207,,,,,,,,,,,,False,False
5614818515670595456,,,NGC2447,116.20007641869248,-23.852863907829693,0.17618275,11.614626,0.0457437743278896,32.370583,22.876343,0.706701606208328,,,,,,,,,True,True
5614818584390096896,,,NGC2447,116.17244966664306,-23.85054329195933,,,,,,,,,,,,,,,False,False
5614818648806749440,,,NGC2447,116.15464148483044,-23.85088348495187,0.17473984,11.683796,0.0284813645780556,,,,,,,,,,,,False,True
5614818653109580288,,,NGC2447,116.1658472595295,-23.84944534964328,0.6096201,12.819177,0.4718119657287054,,,,,,,,,,,,False,False
5614818824908232832,,,NGC2447,116.18651406455362,-23.82128298306614,0.9244194,14.224157,-3.747881608954281,,,,,,,,,,,,False,False
5614819134145788288,,,NGC2447,116.34601202036804,-23.940649702294696,1.4566402,15.9962845,-0.1716594239263401,,,,,,,,,,,,False,False
5614820263709979648,,,NGC2447,116.31508323195676,-23.88728841823174,0.24464607,11.735774,0.1052022885829688,175.75111,108.538216,0.6175677411084345,,,,,,,,,True,True
5614820847825528576,,,NGC2447,116.32932870965232,-23.851188702295044,0.29541874,11.823775,0.1505339117075537,91.3661,101.04956,1.1059852614919539,,,,,,,,,True,True
5614823257314420608,,,NGC2447,116.27841635426202,-23.874413045115112,1.0201721,14.071607,10.090167391512978,,,,,,,,,,,,False,False
5614823875789639424,,,NGC2447,116.31836464335436,-23.831018306205188,0.8976784,14.193784,-5.057116955795937,,,,,,,,,,,,False,False
5614823978868789632,,,NGC2447,116.3621490967617,-23.808567641009088,0.14523411,10.618803,0.0670268952716541,77.902664,21.049856,0.27020713951451003,,,,,,,,,True,True
5614824421238317184,,,NGC2447,116.22438912122966,-23.83620791018445,0.21504879,11.909478,0.0149817152076894,34.793217,44.187687,1.2700086628954144,,,,,,,,,True,True
5614824837862390016,,,NGC2447,116.2207110332986,-23.78795932390753,0.12423515,10.839794,0.054391368819711,140.15408,60.327084,0.43043401947342524,,,,,,,,,True,True
5614824872222109952,,,NGC2447,116.22896351445492,-23.773130895777296,0.2467289,11.862466,0.0741394582962483,,,,,,,,,,,,False,True
5614825250179215360,,,NGC2447,116.24310395233336,-23.771126448676725,0.58434105,13.11693,0.1686127623467115,,,,,,,,,,,,False,False
5614826865086804480,,,NGC2447,116.31812272012272,-23.72279969446009,0.9032955,14.685782,-0.1147400005933199,,,,,,,,,,,,False,False
5614845453706629376,,,NGC2447,116.5518389045744,-23.76659390315388,0.26409817,11.473419,0.1775530725895055,225.42111,113.35592,0.5028629306279256,,,,,,,,,True,True
5615438021753340544,,,NGC2447,115.55060547538714,-24.30723047326832,0.83200455,14.239772,-1.2128335088974274,,,,,,,,,,,,False,False
5615512509366996608,,,NGC2447,115.18164187273813,-23.88333895575053,0.47582245,12.518711,0.2203193157011292,,,,,,,,,,,,False,False
5615548007278747392,,,NGC2447,115.4756609141956,-23.56326483737595,0.1454897,11.346382,0.0524933559522092,147.59152,94.25859,0.6386450251342354,,,,,,,,,True,True
5615566939489964416,,,NGC2447,116.0128527236071,-23.91366646453999,0.3058462,11.803152,0.1693655231070206,216.90324,130.33653,0.6008971096973932,,,,,,,,,True,True
5615567248727581568,,,NGC2447,116.09028457170209,-23.88499469004041,0.12610817,11.046799,0.0535825416961813,68.61634,31.966473,0.46587260410566933,,,,,,,,,True,True
5615567283087325056,,,NGC2447,116.0748754794608,-23.88791227384884,0.15154934,11.503589,0.0365907236549751,93.20389,70.15637,0.7527193339247964,,,,,,,,,True,True
5615568726186092032,,,NGC2447,116.1021157786642,-23.88269538551391,0.79496,13.949698,1.094255166328482,,,,,,,,,,,,False,False
5615568760556062592,,,NGC2447,116.10723647815432,-23.869824283939675,1.1234674,15.4934225,-0.0732569663294918,,,,,,,,,,,,False,False
5615568863635267328,,,NGC2447,116.12899779120478,-23.85444020602971,0.20181656,11.682367,0.0629782273670805,28.796066,216.70374,7.525463374059498,,,,,,,,,True,True
5615568897984698240,,,NGC2447,116.1358562616158,-23.84267300094088,0.6109896,13.240142,0.1873379910097829,,,,,,,,,,,,False,False
5615568966714478720,,,NGC2447,116.13314488254576,-23.838541658471225,0.6144953,13.12756,0.3074622032833687,,,,,,,,,,,,False,False
5615569035433968896,,,NGC2447,116.09463191529434,-23.84264253336925,0.17101765,11.225055,0.0974833547638976,190.38658,99.53583,0.5228090656389752,,,,,,,,,True,True
5615569065487233792,,,NGC2447,116.06888263182992,-23.84930007202341,0.3024187,12.007952,0.1070981037676849,,,,,,,,,,,,False,False
5615569310311852416,,,NGC2447,116.16246088075154,-23.829275328326048,0.6282568,13.439366,0.085792966107319,,,,,,,,,,,,False,False
5615569344671728640,,,NGC2447,116.13217465195356,-23.829747579847805,0.120121956,11.337732,0.0227090207870809,46.820065,26.542522,0.5669048515844649,,,,,,,,,True,True
5615569756988451712,,,NGC2447,116.1355518605791,-23.79088972162568,0.11773586,11.238296,0.0303120510373256,67.90632,52.33689,0.7707219298586642,,,,,,,,,True,True
5615569924480690432,,,NGC2447,116.06735190453604,-23.815634491192853,0.3674755,12.330678,0.0813396875342395,,,,,,,,,,,,False,False
5615569928787169408,,,NGC2447,116.05859090606256,-23.81096791100552,0.122097015,11.225236,0.0368707082973804,188.37933,100.20716,0.5319434993212896,,,,,,,,,True,True
5615570268082286976,,,NGC2447,116.07647694818228,-23.78516389172988,1.6868725,16.789255,-0.1115186753347763,,,,,,,,,,,,False,False
5615570684701110016,,,NGC2447,116.09366683735934,-23.76877782653328,1.0852327,14.823087,-0.4410715101175083,,,,,,,,,,,,False,False
5615571543694712704,,,NGC2447,115.963595434714,-23.82514589753096,0.36320686,11.615473,0.2765382396779458,,,,,,,,,,,,False,False
5615573055523193984,,,NGC2447,115.92148247199312,-23.74253352005988,0.15534878,11.545993,0.0336850542984628,164.72183,87.13985,0.5290121533982471,,,,,,,,,True,True
5615573296041273856,,,NGC2447,116.03951222466024,-23.766134143252646,0.9407263,14.833873,-0.0976296091271971,,,,,,,,,,,,False,False
5615575323266054784,,,NGC2447,116.19147327006624,-23.788679785307224,0.7573805,13.539457,0.7133063071582865,,,,,,,,,,,,False,False
5615576491486822272,,,NGC2447,116.13729238096997,-23.752276596467265,0.7926369,13.80491,0.9010844774618626,,,,,,,,,,,,False,False
5615576491497165952,,,NGC2447,116.1376423958011,-23.75195340148508,0.61854935,13.761304,-0.4291775962832541,,,,,,,,,,,,False,False
5615577625368506368,,,NGC2447,116.28724313017928,-23.69495799632682,0.11439896,11.267497,0.0234328506563489,133.70155,82.81217,0.6193807775601704,,,,,,,,,True,True
5615578724879702784,,,NGC2447,116.23249243087288,-23.650033397624544,0.23652554,11.6615305,0.111089096775505,225.66476,123.63684,0.5478783661214981,,,,,,,,,True,True
5615579274623891584,,,NGC2447,116.28216747328246,-23.615439642277423,1.1868181,15.134753,-0.3163415918279236,,,,,,,,,,,,False,False
5615579755660870144,,,NGC2447,116.1163477651766,-23.712013992561,0.57224274,12.73869,0.3793171643424159,,,,,,,,,,,,False,False
5615581164421299072,,,NGC2447,116.03244166190552,-23.64177349919494,0.18683529,11.759978,0.0242183117217617,7.64565,27.829035,3.6398520727472485,,,,,,,,,True,True
5615582298292517632,,,NGC2447,116.16817836544276,-23.58810433628381,0.8922205,14.523129,-0.2860756672152174,,,,,,,,,,,,False,False
5615586249662757632,,,NGC2447,115.83255053719888,-23.66041222226231,0.2161045,11.820947,0.0451991543806542,10.559616,33.534046,3.175688017443058,,,,,,,,,True,True
5615593533927071872,,,NGC2447,116.04500037466958,-23.58866728812309,0.21501541,11.768145,0.0586915698340184,179.5634,151.2226,0.8421682815094835,,,,,,,,,True,True
5615595110168890880,,,NGC2447,116.108782144127,-23.551339896936543,0.4632578,12.117579,0.3284454525934415,40.350494,62.366837,1.5456275950425786,,,,,,,,,True,False
5615598619168425600,,,NGC2447,115.8944183142829,-23.48653542624688,0.79369545,14.401971,0.0895760099757419,,,,,,,,,,,,False,False
5615602020783778688,,,NGC2447,116.35530333852616,-23.607020119164893,1.2780361,15.624237,-0.1648120420291072,,,,,,,,,,,,False,False
5615603257734520320,,,NGC2447,116.3339702941542,-23.53573309856308,1.7743263,16.856222,-0.1297812862895756,,,,,,,,,,,,False,False
5615616348794496768,,,NGC2447,116.37639335892044,-23.32486658788892,1.8749676,16.523476,-0.2316708525023892,,,,,,,,,,,,False,False
5615641083498815744,,,NGC2447,115.72328697183072,-23.444284702007003,0.20837212,11.775284,0.0480713573845041,90.62791,111.24331,1.227472971626511,,,,,,,,,True,True
5615642221678552576,,,NGC2447,115.59634386509262,-23.467843809286304,0.5866184,13.180012,0.1216087442075529,,,,,,,,,,,,False,False
5615643905305673216,,,NGC2447,115.65655881906991,-23.430750192133683,0.48298836,12.514143,0.2407005542308075,,,,,,,,,,,,False,False
5615666136056139648,,,NGC2447,115.79410191390105,-23.17155168022864,1.2393951,15.500479,-0.1773860793322295,,,,,,,,,,,,False,False
5615678093246530304,,,NGC2447,115.87795906197478,-23.12071073880985,1.947649,16.252874,-0.3451811328303644,,,,,,,,,,,,False,False
5615705271799212032,,,NGC2447,116.02047393959312,-22.79291845741613,0.69893265,13.867461,0.0238290434476177,,,,,,,,,,,,False,False
5615755127777263232,,,NGC2447,115.24069337123208,-23.296791991536537,0.64616394,13.476648,0.145484937219819,,,,,,,,,,,,False,False
5615864116866235136,,,NGC2447,115.57465866501742,-22.91222260255392,0.89185905,14.724751,-0.0493976324472079,,,,,,,,,,,,False,False
5710865048241065088,,,NGC2447,117.24165765252276,-23.716795819462263,1.6174469,16.402628,-0.1539111802746684,,,,,,,,,,,,False,False
5596789376836821504,,,NGC2527,122.24370574951172,-29.356689453125,1.0121946,14.086426,-1.0796239609690217,,,,,,,,,,,,False,False
5596706153244963840,,,NGC2527,121.67913055419922,-29.414703369140625,2.7419243,18.014761,-0.1975095488407605,,,,,,,,,,,,False,False
5596707566301470976,,,NGC2527,121.63442993164062,-29.34414100646973,0.9422798,13.7460165,0.5903251715679342,,,,,,,,,,,,False,False
5596800818630055296,,,NGC2527,121.78497314453124,-29.3072509765625,1.2699032,14.834,-0.3247100010078088,,,,,,,,,,,,False,False
5596805422834733440,,,NGC2527,122.03327178955078,-29.21938514709473,0.99837685,14.067968,-1.1490375536982542,,,,,,,,,,,,False,False
5596832184758875648,,,NGC2527,122.1467742919922,-29.037139892578125,2.980587,17.55901,-0.2537306909923109,,,,,,,,,,,,False,False
5596837274313586176,,,NGC2527,122.05712127685548,-28.909778594970703,2.430088,18.612103,-0.1473481330101604,,,,,,,,,,,,False,False
5596846104765788928,,,NGC2527,122.25566864013672,-28.73789596557617,0.48847485,11.437808,0.0960219590072257,136.83543,40.218945,0.2939220127418754,,,,,,,,,True,False
5693960538004447360,,,NGC2527,121.76624298095705,-27.76442146301269,0.64299107,12.262057,0.0301668172953913,,,,,,,,,,,,False,False
5693962805747389824,,,NGC2527,121.50719451904295,-27.80931663513184,2.0991764,16.62477,-0.2312716891002624,,,,,,,,,,,,False,False
5693965279648457600,,,NGC2527,121.57393646240234,-27.71870994567871,0.23388386,9.764319,0.0289763499337363,114.91006,11.642993,0.10132266052249908,,,,,,,,,True,True
5693972147290881664,,,NGC2527,121.73240661621094,-27.6101188659668,2.6912594,18.047691,-0.1913171987225951,,,,,,,,,,,,False,False
5693979534630769024,,,NGC2527,121.40470886230467,-27.6436767578125,2.6823292000000003,17.746433,-0.2089475030588904,,,,,,,,,,,,False,False
5693810592107263104,,,NGC2527,122.46836853027344,-27.47110748291016,2.3746185,17.578745,-0.189084957666438,,,,,,,,,,,,False,False
5693985517533831424,,,NGC2527,121.67626190185548,-27.493635177612305,1.4110527,14.93185,-0.3864173445850428,,,,,,,,,,,,False,False
5693988743040521984,,,NGC2527,121.59728240966795,-27.4482536315918,0.4303751,11.065815,0.1300888419563348,215.2672,63.99205,0.29726799995540426,,,,,,,,,True,True
5693822171338127488,,,NGC2527,122.92174530029295,-27.79148101806641,2.6853104,18.107265,-0.1875945353558355,,,,,,,,,,,,False,False
5694038805183389696,,,NGC2527,121.5742416381836,-27.33598518371582,2.7301216,18.56527,-0.1696682731872615,,,,,,,,,,,,False,False
5694042928353136512,,,NGC2527,121.3755340576172,-27.222013473510746,2.064127,16.412714,-0.2504968539572948,,,,,,,,,,,,False,False
5694050040818711808,,,NGC2527,121.0000228881836,-27.31139945983887,2.3623447,16.755207000000002,-0.2591834637164284,,,,,,,,,,,,False,False
5694051831831537920,,,NGC2527,121.03097534179688,-27.210975646972656,1.5244408,15.300245,-0.3084529130295118,,,,,,,,,,,,False,False
5694063101826832512,,,NGC2527,121.65276336669922,-27.226356506347656,1.0966501,14.12262,-1.3116771128115496,,,,,,,,,,,,False,False
5694086771380179840,,,NGC2527,121.35678100585938,-26.90731811523437,2.1565514,16.966034,-0.2071300748145286,,,,,,,,,,,,False,False
5600905639134707712,,,NGC2527,119.78929901123048,-27.686662673950195,0.27184963,10.476155,0.0591024536638322,126.28232,21.101585,0.1670984901132637,,,,,,,,,True,True
5601064960934811776,,,NGC2527,120.3733367919922,-26.755481719970703,2.588726,18.249247,-0.1728634409954923,,,,,,,,,,,,False,False
5600939758351450112,,,NGC2527,120.37580108642578,-27.71663475036621,0.35625648,10.853597,0.08963128786208,173.31953,36.271564,0.20927568866589935,,,,,,,,,True,True
5600941304539576704,,,NGC2527,120.49234771728516,-27.63178062438965,0.6636038000000001,12.418469,0.0043965519322809,,,,,,,,,,,,False,False
5600947454933059840,,,NGC2527,120.0698471069336,-27.764204025268555,0.8971138000000001,13.567078,0.2473271869224675,,,,,,,,,,,,False,False
5600953536606357888,,,NGC2527,119.95814514160156,-27.59262275695801,2.0285473,16.438505,-0.24037516927683,,,,,,,,,,,,False,False
5600962848095177984,,,NGC2527,120.24234008789062,-27.42441940307617,0.98746395,13.87886,2.135328343760466,,,,,,,,,,,,False,False
5600964222470515840,,,NGC2527,120.17443084716795,-27.367250442504886,2.7677479,17.760487,-0.2161721249259738,,,,,,,,,,,,False,False
5600970712167959680,,,NGC2527,120.46693420410156,-27.45150756835937,0.53784084,11.635494,0.0999380174744238,34.156914,26.832037,0.7855521432644647,,,,,,,,,True,False
5600976145315650304,,,NGC2527,120.86785888671876,-27.32981300354004,1.1401005,8.502289999999999,0.197835903289021,9.807504,1.0544846,0.10751814121105636,,,,,,,,,True,False
5600981883391440640,,,NGC2527,120.69464111328124,-27.18706321716309,0.71782875,12.482765,0.1270975919014307,,,,,,,,,,,,False,False
5600984391652733440,,,NGC2527,120.42942810058594,-27.33495140075684,1.535533,15.31076,-0.310496139058904,,,,,,,,,,,,False,False
5600990885633346432,,,NGC2527,120.42178344726562,-27.17062568664551,2.5624084,17.965384,-0.1847030727645992,,,,,,,,,,,,False,False
5600995833445419392,,,NGC2527,120.51084899902344,-27.17655372619629,0.8462591,13.284426000000002,0.1233458717616832,,,,,,,,,,,,False,False
5600998788382652288,,,NGC2527,120.64371490478516,-27.01825904846192,1.3381223999999998,14.736369,-0.4442413078445696,,,,,,,,,,,,False,False
5601030090105544960,,,NGC2527,119.94276428222656,-27.10851669311523,1.6290131,8.8813,0.545505728729617,,,,,,,,,,,,False,False
5597835562148781696,,,NGC2527,120.92588806152344,-28.50771713256836,1.3657808,14.949805,-0.345146186012468,,,,,,,,,,,,False,False
5597836867818903296,,,NGC2527,121.06830596923828,-28.42465209960937,0.35176182,9.321008,0.0433075344446872,173.80836,7.1851053,0.0413392388030127,,,,,,,,,True,True
5597839650957493632,,,NGC2527,120.84477996826172,-28.44551467895508,0.4691782,9.350939,0.1114124185514408,188.97783,8.547546,0.0452304167107856,,,,,,,,,True,True
5597840097634050304,,,NGC2527,120.8705596923828,-28.396657943725582,0.57320213,11.840447,0.0673099019858799,15.679122,13.809721,0.8807713212512792,,,,,,,,,True,False
5597840131979800448,,,NGC2527,120.84099578857422,-28.39756202697754,2.0164757,16.747065,-0.2054756954150725,,,,,,,,,,,,False,False
5597840784828720512,,,NGC2527,120.98900604248048,-28.403039932250977,0.81422615,13.100654,0.0931946095114039,,,,,,,,,,,,False,False
5597842262297468928,,,NGC2527,120.93415832519533,-28.31990623474121,0.5506573,11.746511,0.0603848426564534,42.543095,20.539162,0.482784856155858,,,,,,,,,True,False
5597843533608032896,,,NGC2527,121.07867431640624,-28.40377998352051,1.1840267,14.519404000000002,-0.4435934534792365,,,,,,,,,,,,False,False
5597844255162112896,,,NGC2527,121.1261749267578,-28.33534240722656,1.676938,15.536546,-0.3069856910106677,,,,,,,,,,,,False,False
5597845148515713664,,,NGC2527,121.24263763427734,-28.32870101928711,1.4549103,15.200815,-0.304650411727444,,,,,,,,,,,,False,False
5597845389033325184,,,NGC2527,121.27476501464844,-28.281599044799805,1.8894558,16.109876999999997,-0.2563916503997683,,,,,,,,,,,,False,False
5597845423393086336,,,NGC2527,121.22815704345705,-28.29939270019531,1.1244097,14.356047,-0.5430424234783722,,,,,,,,,,,,False,False
5597845423393087488,,,NGC2527,121.2276611328125,-28.30229187011719,0.75422096,12.598653,0.1545050118240418,,,,,,,,,,,,False,False
5597845835697116416,,,NGC2527,121.18067169189452,-28.30040740966797,2.7366848,18.26261,-0.1837618481523785,,,,,,,,,,,,False,False
5597846003199406976,,,NGC2527,121.1536636352539,-28.29480171203613,0.50210285,11.521271,0.0836936719679554,58.240658,31.580061,0.5422339321784448,,,,,,,,,True,False
5597846213667116800,,,NGC2527,121.14833068847656,-28.260194778442383,1.5218858999999998,15.346759,-0.2938934900774547,,,,,,,,,,,,False,False
5597846763422871168,,,NGC2527,121.19850158691406,-28.225112915039062,1.2868748,14.761793,-0.3783926036433067,,,,,,,,,,,,False,False
5597846763422871808,,,NGC2527,121.19681549072266,-28.2237606048584,1.7785463,15.802804,-0.2808152651228713,,,,,,,,,,,,False,False
5597847450617815424,,,NGC2527,121.07273864746094,-28.30706214904785,1.3412437,14.910244,-0.3453414065055842,,,,,,,,,,,,False,False
5597849099885174272,,,NGC2527,121.11276245117188,-28.251989364624023,1.7517815,15.789886,-0.275352639392219,,,,,,,,,,,,False,False
5597849370454184064,,,NGC2527,121.08815002441406,-28.24295997619629,2.3695679,17.149775,-0.2198709965536766,,,,,,,,,,,,False,False
5597849374763093120,,,NGC2527,121.0938949584961,-28.23966407775879,2.114315,16.630229999999997,-0.2332330703421728,,,,,,,,,,,,False,False
5597849649640914560,,,NGC2527,121.1598663330078,-28.21739959716797,0.38380527,11.044801,0.0774549957552976,137.1455,41.859535,0.30521989419995554,,,,,,,,,True,True
5597849924524584832,,,NGC2527,121.1355438232422,-28.20055389404297,1.2408028,14.61514,-0.4327902838972295,,,,,,,,,,,,False,False
5597850027583174400,,,NGC2527,121.14826202392578,-28.190053939819336,2.8076534,17.8009,-0.2171125275603375,,,,,,,,,,,,False,False
5597850057654934272,,,NGC2527,121.15657806396484,-28.1691837310791,2.723257,18.331184,-0.1794263214836977,,,,,,,,,,,,False,False
5597850061957757696,,,NGC2527,121.15457916259766,-28.17078018188477,1.7429113,15.0290575,-0.5547868798158082,,,,,,,,,,,,False,False
5597850508634448512,,,NGC2527,121.07135772705078,-28.19252014160156,1.5924673,15.463847,-0.2928309173729133,,,,,,,,,,,,False,False
5597850641764848640,,,NGC2527,121.1076889038086,-28.19821548461914,2.3042202,16.922394,-0.2320921682608074,,,,,,,,,,,,False,False
5597850680433072256,,,NGC2527,121.12857055664062,-28.181379318237305,0.6831093,12.427548,0.0587685281782593,,,,,,,,,,,,False,False
5597850714792836224,,,NGC2527,121.10685729980467,-28.18992042541504,0.22232723,9.966848,0.0271952257657411,141.71121,16.943556,0.11956397803674107,,,,,,,,,True,True
5597850680433073024,,,NGC2527,121.12456512451172,-28.17666244506836,0.97928524,13.085792,0.4678404084733962,,,,,,,,,,,,False,False
5597850989670756224,,,NGC2527,121.0772705078125,-28.162822723388672,0.27002907,10.621092,0.0390579917500174,116.39061,19.92576,0.17119731565974267,,,,,,,,,True,True
5597851092749912576,,,NGC2527,121.1231918334961,-28.135047912597656,0.9688654,13.8075,0.9950591045060656,,,,,,,,,,,,False,False
5597852978225862016,,,NGC2527,120.78549194335938,-28.350664138793945,0.617609,12.0416565,0.0880208631657873,11.430669,21.41868,1.873790589159742,,,,,,,,,True,False
5597853459262199424,,,NGC2527,120.83379364013672,-28.35209846496582,0.5792408,11.848062,0.0834493831647497,37.059902,40.404087,1.0902372866501373,,,,,,,,,True,False
5597855800034588288,,,NGC2527,120.67790985107422,-28.33374214172364,0.89699936,13.534451999999998,0.242865725492189,,,,,,,,,,,,False,False
5597861091419776128,,,NGC2527,120.89781188964844,-28.24213409423828,2.6340828,16.993662,-0.2707862329313236,,,,,,,,,,,,False,False
5597861160153566208,,,NGC2527,120.88106536865234,-28.232681274414062,1.730855,15.764987,-0.2738926266529832,,,,,,,,,,,,False,False
5597861228872995456,,,NGC2527,120.9145736694336,-28.212120056152344,1.4935236,15.156798,-0.3405716969177353,,,,,,,,,,,,False,False
5597862019146947840,,,NGC2527,120.91326141357422,-28.16145133972168,1.4552336,15.184748999999998,-0.3100233966863944,,,,,,,,,,,,False,False
5597862843780477952,,,NGC2527,121.07149505615234,-28.135168075561523,0.8115263,12.470349,0.410817834253484,,,,,,,,,,,,False,False
5597862843780486784,,,NGC2527,121.06706237792967,-28.140682220458984,0.88830566,12.717325,0.4126840884291396,,,,,,,,,,,,False,False
5597863153023858176,,,NGC2527,121.06448364257812,-28.10808181762696,0.9220333,13.629857,0.3613527450372575,,,,,,,,,,,,False,False
5597863354870621952,,,NGC2527,120.97940063476562,-28.14364242553711,2.5529194,16.868353,-0.2743550569704246,,,,,,,,,,,,False,False
5597863359176665472,,,NGC2527,120.9722671508789,-28.1381893157959,0.81746864,13.375788,0.0285934677764141,,,,,,,,,,,,False,False
5597863427896099584,,,NGC2527,121.0051040649414,-28.1278133392334,1.2753468,13.986372,-11.936650270496376,,,,,,,,,,,,False,False
5597863530981007616,,,NGC2527,121.0099868774414,-28.11363983154297,0.24243069,10.169049,0.0450787001889534,165.2834,21.066256,0.12745536454356576,,,,,,,,,True,True
5597863840212927872,,,NGC2527,121.0206527709961,-28.10904884338379,0.33544445,10.514187,0.1191038663947653,204.2138,61.051517,0.2989588215879632,,,,,,,,,True,True
5597863874559632256,,,NGC2527,121.03791809082033,-28.10151100158692,2.5338974,18.585382,-0.1553561328496758,,,,,,,,,,,,False,False
5597864252529758208,,,NGC2527,121.0202407836914,-28.0691032409668,1.9375763,16.190542,-0.2552559192192136,,,,,,,,,,,,False,False
5597867344906211584,,,NGC2527,120.99423217773438,-28.03107643127441,0.8394222,13.208901,0.1233728815875461,,,,,,,,,,,,False,False
5597867344906220544,,,NGC2527,120.9895248413086,-28.03476524353028,0.27625847,10.390688,0.07011043209279,129.67429,13.563192,0.10459430315754957,,,,,,,,,True,True
5597868856736350208,,,NGC2527,121.27716064453124,-28.27045249938965,0.8613548000000001,13.383934,0.1443394393030957,,,,,,,,,,,,False,False
5597869475211513344,,,NGC2527,121.35401916503906,-28.22067832946777,1.0690022,14.174483,-0.8555920367891039,,,,,,,,,,,,False,False
5597869681369997952,,,NGC2527,121.29642486572266,-28.20944786071777,0.37791824,10.810763,0.1227917156151112,231.42616,82.87153,0.3580905892402138,,,,,,,,,True,True
5597870128046616064,,,NGC2527,121.27316284179688,-28.19762992858887,0.6915264,12.465265,0.0610260546611713,,,,,,,,,,,,False,False
5597870158101863808,,,NGC2527,121.23355865478516,-28.21746253967285,2.5612755000000003,18.259186,-0.1702774143704932,,,,,,,,,,,,False,False
5597870536053385984,,,NGC2527,121.29351806640624,-28.172203063964844,2.6138878,17.715626,-0.2043775545610842,,,,,,,,,,,,False,False
5597870574723153152,,,NGC2527,121.30834197998048,-28.16977500915528,0.7642975000000001,12.842177,0.0653554845884615,,,,,,,,,,,,False,False
5597870746521871488,,,NGC2527,121.2810516357422,-28.16716003417969,0.4784317,11.354362,0.1110254937162261,159.909,72.38997,0.4526947826576366,,,,,,,,,True,False
5597870849601366912,,,NGC2527,121.29002380371094,-28.15586853027344,0.5190067,11.60878,0.0704641186939608,92.30697,41.271492,0.44711132864614667,,,,,,,,,True,False
5597870952680278272,,,NGC2527,121.28330993652344,-28.13668632507324,0.69627476,12.507507,0.0500251191629569,,,,,,,,,,,,False,False
5597871124468909824,,,NGC2527,121.40176391601562,-28.175922393798828,2.6148453,18.440125,-0.1666086032371324,,,,,,,,,,,,False,False
5597871330637360256,,,NGC2527,121.34339141845705,-28.17184638977051,1.3245735,14.901478,-0.3368030294781131,,,,,,,,,,,,False,False
5597871433716512128,,,NGC2527,121.39128112792967,-28.14949989318848,1.1206102,8.660480499999998,0.2388313648869485,8.582935,1.4641489,0.17058837099430438,,,,,,,,,True,False
5597871601205398272,,,NGC2527,121.41389465332033,-28.14848899841309,2.3078003,17.044556,-0.221040868554296,,,,,,,,,,,,False,False
5597871708594338048,,,NGC2527,121.4528350830078,-28.11862945556641,0.9216852,13.580657,0.3381707111157216,,,,,,,,,,,,False,False
5597872292709996544,,,NGC2527,121.34341430664062,-28.119028091430664,1.5254526000000002,15.309531,-0.3061604817764459,,,,,,,,,,,,False,False
5597872533228149888,,,NGC2527,121.34242248535156,-28.095947265625,2.1579113,16.77894,-0.2245951224921622,,,,,,,,,,,,False,False
5597873697148512256,,,NGC2527,121.1956787109375,-28.130510330200195,1.1128768999999998,8.711766,0.2521076088542163,7.070319,0.9144288,0.12933345723156198,,,,,,,,,True,False
5597873564020529280,,,NGC2527,121.17675018310548,-28.14897727966309,1.3085423,14.817768,-0.3657712378570881,,,,,,,,,,,,False,False
5597873804538618496,,,NGC2527,121.2401885986328,-28.14619445800781,0.3089857,9.889033,0.0885321704280251,,,,,,,,,,,,False,True
5597874079405501440,,,NGC2527,121.20938873291016,-28.124774932861328,0.48869228,11.441468,0.0948891299012179,149.14932,57.219784,0.38364093111520725,,,,,,,,,True,False
5597874251215158912,,,NGC2527,121.2502212524414,-28.08527565002441,1.6422882,15.555801,-0.2893885181759261,,,,,,,,,,,,False,False
5597875075848891648,,,NGC2527,121.2254638671875,-28.063968658447266,1.1232805,14.3827305,-0.4999364759390466,,,,,,,,,,,,False,False
5597875144568432512,,,NGC2527,121.18357849121094,-28.08114624023437,0.5981579,11.954099,0.0778111960785546,40.46882,22.385513,0.553154576782817,,,,,,,,,True,False
5597875174618542336,,,NGC2527,121.16374969482422,-28.08285522460937,2.7229347,17.65638,-0.2193047382821029,,,,,,,,,,,,False,False
5597875419446213504,,,NGC2527,121.30472564697266,-28.0972843170166,0.5735388000000001,11.7259865,0.1443445599343683,18.167707,19.601507,1.078920251190753,,,,,,,,,True,False
5597875690014678400,,,NGC2527,121.27671813964844,-28.0722713470459,2.9134064,17.885578,-0.2209265458168531,,,,,,,,,,,,False,False
5597875694324142336,,,NGC2527,121.27069854736328,-28.08065414428711,0.22323608,9.310923,-0.0263362628478324,,,,,,,,,,,,False,False
5597875694324143872,,,NGC2527,121.26912689208984,-28.080434799194336,0.76980305,13.070307,0.0023717486952937,,,,,,,,,,,,False,False
5597875831763042176,,,NGC2527,121.3054656982422,-28.054866790771484,0.82965946,13.171198,0.1097099841752261,,,,,,,,,,,,False,False
5597875831763060096,,,NGC2527,121.29496002197266,-28.064001083374023,1.8645649,16.033414999999998,-0.2625292648404042,,,,,,,,,,,,False,False
5597876003550289024,,,NGC2527,121.32267761230467,-28.05482292175293,0.5337038000000001,11.58448,0.1186215348159402,18.02611,90.85334,5.04009683730988,,,,,,,,,True,False
5597876003561727744,,,NGC2527,121.31562042236328,-28.06112861633301,1.0175428,14.037916,-1.805805497707463,,,,,,,,,,,,False,False
5597876244079875968,,,NGC2527,121.32040405273438,-28.0351676940918,0.56735706,11.703829,0.1390095566772455,109.214424,37.998928,0.3479295738445684,,,,,,,,,True,False
5597876518957869952,,,NGC2527,121.25426483154295,-28.06481552124023,2.1537952,16.633457,-0.2395423573688998,,,,,,,,,,,,False,False
5597876789524947072,,,NGC2527,121.2252426147461,-28.036455154418945,0.49730778,11.5568075,0.0541276841077519,12.809611,15.945433,1.2448022816617927,,,,,,,,,True,False
5597876961325303168,,,NGC2527,121.24248504638672,-28.01853370666504,2.4681587000000005,17.441029999999998,-0.2083950449617122,,,,,,,,,,,,False,False
5597877343591522304,,,NGC2527,121.27283477783205,-27.99560165405273,0.30335045,10.643501,0.0705030500562741,59.918213,11.749722,0.19609600172822245,,,,,,,,,True,True
5597877721548505344,,,NGC2527,121.48451232910156,-28.09213447570801,0.65789795,12.310211,0.0512596158283577,,,,,,,,,,,,False,False
5597877893347224064,,,NGC2527,121.45281219482422,-28.08891487121582,0.25939465,10.281692,0.0588539029457517,53.242935,5.3386407,0.10026946673769956,,,,,,,,,True,True
5597878576234869632,,,NGC2527,121.52207946777344,-28.012176513671875,2.7133694,18.398111,-0.1756183841025875,,,,,,,,,,,,False,False
5597878786700421760,,,NGC2527,121.41951751708984,-28.040319442749023,0.5637101999999999,11.760775,0.0915290426652836,27.786592,40.293488,1.4501054321451154,,,,,,,,,True,False
5597878786700428928,,,NGC2527,121.4232177734375,-28.056018829345703,0.9861736,13.888019,2.406396288523964,,,,,,,,,,,,False,False
5597879095938051840,,,NGC2527,121.42584228515624,-28.02536964416504,0.35430336,11.037242,0.0430006842679716,39.932465,86.124344,2.1567500027859534,,,,,,,,,True,True
5597880466018967168,,,NGC2527,121.6139678955078,-27.959735870361328,2.6925545,18.738363,-0.160508245203594,,,,,,,,,,,,False,False
5597880706535133568,,,NGC2527,121.56785583496094,-27.94277000427246,0.6072893,11.972511,0.0997822462304531,44.177044,40.612465,0.9193115093893561,,,,,,,,,True,False
5597882394472953472,,,NGC2527,121.37709045410156,-27.98250770568848,0.36021042,10.928153,0.07770027603572,15.542869,13.417858,0.8632806465781833,,,,,,,,,True,True
5597882497552158848,,,NGC2527,121.3747787475586,-27.96442413330078,2.0225773,16.390013,-0.2453823894016273,,,,,,,,,,,,False,False
5597882836845388672,,,NGC2527,121.41732788085938,-27.954998016357425,2.5289116000000003,18.50886,-0.1577752093622404,,,,,,,,,,,,False,False
5597882939918127744,,,NGC2527,121.42633819580078,-27.94351959228516,0.5797148,11.886156,0.0577725391519986,,,,,,,,,,,,False,False
5597883253466864128,,,NGC2527,121.36328125,-27.95176887512207,2.642027,18.271065,-0.1760107130761093,,,,,,,,,,,,False,False
5597884043740354176,,,NGC2527,121.36819458007812,-27.902448654174805,0.9472513,13.673093,0.504172731334662,,,,,,,,,,,,False,False
5597884146819553024,,,NGC2527,121.37543487548828,-27.88483619689941,1.9534225,16.23794,-0.2518473906643472,,,,,,,,,,,,False,False
5597884245588184704,,,NGC2527,121.45124816894533,-27.92801094055176,0.549798,11.658528,0.1170365767568443,20.794441,11.899234,0.5722314920607868,,,,,,,,,True,False
5597884524776632448,,,NGC2527,121.43207550048828,-27.9048080444336,0.75545883,12.795942,0.0628289033758203,,,,,,,,,,,,False,False
5597884834004122368,,,NGC2527,121.50645446777344,-27.875940322875977,2.6192856,18.026117000000003,-0.1863670376941024,,,,,,,,,,,,False,False
5597886070964764288,,,NGC2527,121.477783203125,-27.81575965881348,0.54965687,11.702548,0.0885893760188945,,,,,,,,,,,,False,False
5597886517641891968,,,NGC2527,121.13865661621094,-28.08953094482422,0.5979786,11.195278,0.3225489658431597,50.5927,27.765518,0.5488048275739386,,,,,,,,,True,False
5597886517641900288,,,NGC2527,121.12789154052734,-28.08742713928223,1.0189370999999998,14.015187,-2.50157386324641,,,,,,,,,,,,False,False
5597886758160082560,,,NGC2527,121.09877014160156,-28.06993865966797,0.96818924,13.808365,0.9945638064645078,,,,,,,,,,,,False,False
5597886826879522304,,,NGC2527,121.12865447998048,-28.05675888061523,0.9549408,13.785827,0.7857102227388434,,,,,,,,,,,,False,False
5597886895599006080,,,NGC2527,121.11394500732422,-28.04459953308105,2.1352425,16.510925,-0.2510973269013568,,,,,,,,,,,,False,False
5597887033037912576,,,NGC2527,121.1579360961914,-28.050392150878903,1.6952543000000002,15.669635,-0.2821942786936218,,,,,,,,,,,,False,False
5597888201257872768,,,NGC2527,121.14158630371094,-27.99357795715332,1.50879,15.29671,-0.3021143570050503,,,,,,,,,,,,False,False
5597889884896097920,,,NGC2527,121.1679458618164,-27.942983627319336,0.8425894,13.245646,0.1226366977390573,,,,,,,,,,,,False,False
5597890022335119872,,,NGC2527,121.11461639404295,-27.95199584960937,0.82868195,13.152411,0.1122064740926298,,,,,,,,,,,,False,False
5597890331572641792,,,NGC2527,121.20679473876952,-27.92193031311035,0.74135494,12.693837,0.0725672024128375,,,,,,,,,,,,False,False
5597890503360987520,,,NGC2527,121.17486572265624,-27.92268180847168,2.5310822,18.47298,-0.1592712897084569,,,,,,,,,,,,False,False
5597891053127401984,,,NGC2527,121.01072692871094,-28.00400924682617,0.38358116,11.036924,0.079246503065669,73.52932,14.364557,0.19535821900705733,,,,,,,,,True,True
5597892423208021504,,,NGC2527,121.02384948730467,-27.94451141357422,2.6274776,17.810102,-0.1996014887560857,,,,,,,,,,,,False,False
5597893561388058624,,,NGC2527,121.16926574707033,-27.8803939819336,1.9097309,16.132303,-0.2576935484222418,,,,,,,,,,,,False,False
5597894519153387904,,,NGC2527,121.07064819335938,-27.84894943237305,2.1145096000000003,16.677706,-0.2281081101930125,,,,,,,,,,,,False,False
5597895176295687808,,,NGC2527,121.28990936279295,-27.94743347167969,0.39690876,9.809431,0.14249765557346,,,,,,,,,,,,False,True
5597895966569547776,,,NGC2527,121.36119842529295,-27.85895347595215,0.7309141,12.662241,0.0615879443781572,,,,,,,,,,,,False,False
5597896997349995136,,,NGC2527,121.31900024414062,-27.82173156738281,2.4076843,17.328745,-0.2099607438957924,,,,,,,,,,,,False,False
5597897680249322368,,,NGC2527,121.36901092529295,-27.82165336608887,2.959259,18.304108,-0.1987604059611108,,,,,,,,,,,,False,False
5597897886404287488,,,NGC2527,121.37540435791016,-27.79780578613281,0.21989918,9.731542,0.0181490307081607,61.61484,5.074812,0.0823634695797311,,,,,,,,,True,True
5597897959434275456,,,NGC2527,121.42882537841795,-27.80551528930664,0.82046413,13.135214,0.0979198645485442,,,,,,,,,,,,False,False
5597898440471167616,,,NGC2527,121.42679595947266,-27.75064277648925,1.8087759,15.924237,-0.2666209902011055,,,,,,,,,,,,False,False
5597898818427842432,,,NGC2527,121.29810333251952,-27.782209396362305,1.336504,14.797823,-0.4016955517285109,,,,,,,,,,,,False,False
5597898848479878144,,,NGC2527,121.31404113769533,-27.77529144287109,2.650484,17.518024,-0.22234416691803,,,,,,,,,,,,False,False
5597899917939262336,,,NGC2527,121.17239379882812,-27.82830810546875,1.6588898,15.628292000000002,-0.2788341476202204,,,,,,,,,,,,False,False
5597900880011931520,,,NGC2527,121.1722183227539,-27.788101196289062,0.9935703,13.978493,-4.927035243421037,,,,,,,,,,,,False,False
5597900983091152640,,,NGC2527,121.139404296875,-27.7871036529541,0.37543392,9.815163,0.1284928376817225,220.78503,28.807875,0.13047929472392217,,,,,,,,,True,True
5597901464127462144,,,NGC2527,121.21986389160156,-27.7277946472168,0.7066746,12.5817375,0.0387749120519823,,,,,,,,,,,,False,False
5597902460559829888,,,NGC2527,121.35643768310548,-27.714115142822266,1.5029974,15.30951,-0.295685992968496,,,,,,,,,,,,False,False
5597902494919561088,,,NGC2527,121.3757553100586,-27.700300216674805,0.7070856,12.513744,0.0770624656408705,,,,,,,,,,,,False,False
5597910462078477952,,,NGC2527,120.51053619384766,-28.05725288391113,2.343214,17.068189999999998,-0.2236451330965011,,,,,,,,,,,,False,False
5597915444230604288,,,NGC2527,120.83551025390624,-27.96792984008789,0.23031712,9.633969,0.0183061338108306,62.121704,4.5214205,0.07278326589367219,,,,,,,,,True,True
5597915689060387200,,,NGC2527,120.92234802246094,-27.95871162414551,2.6367054,17.787693,-0.201884444243774,,,,,,,,,,,,False,False
5597916543746531200,,,NGC2527,120.79877471923828,-27.9260482788086,1.9146938,16.304335000000002,-0.2346756441355689,,,,,,,,,,,,False,False
5597917029090799232,,,NGC2527,120.8419952392578,-27.89813041687012,0.9910393,13.931192,8.007525518926778,,,,,,,,,,,,False,False
5597918433532061568,,,NGC2527,120.66455078125,-27.94888114929199,2.2601833,16.843037,-0.2336732925103873,,,,,,,,,,,,False,False
5597920258905647616,,,NGC2527,120.77008819580078,-27.86367607116699,1.8256207,15.26276,-0.4677497732362465,,,,,,,,,,,,False,False
5597750414411462144,,,NGC2527,120.30187225341795,-28.66792106628418,2.4553204,17.610592,-0.1953894929598368,,,,,,,,,,,,False,False
5597928814480873984,,,NGC2527,120.45269012451172,-27.888267517089844,1.5773478,15.499707,-0.2781171309997818,,,,,,,,,,,,False,False
5597757359384135040,,,NGC2527,120.74994659423828,-28.46411323547364,0.5662813,11.800469,0.0720865170634273,8.894697,14.838283,1.668216803787695,,,,,,,,,True,False
5597934793075679488,,,NGC2527,120.50686645507812,-27.84506607055664,1.3961754,14.970842,-0.3569531135586782,,,,,,,,,,,,False,False
5597935617708922496,,,NGC2527,120.5306167602539,-27.787294387817383,1.3916464,15.030681,-0.3284564431328317,,,,,,,,,,,,False,False
5597935720788121216,,,NGC2527,120.5413589477539,-27.7802734375,1.8370733,15.937379,-0.271912821736565,,,,,,,,,,,,False,False
5597937537547445632,,,NGC2527,120.63914489746094,-27.71820831298828,2.862358,18.089273,-0.2033009900413235,,,,,,,,,,,,False,False
5597940428073747840,,,NGC2527,120.93476104736328,-27.869802474975582,0.2927513,10.693031,0.0509207956339843,92.6193,12.602775,0.13607072176101526,,,,,,,,,True,True
5597940737311448192,,,NGC2527,120.88278198242188,-27.85512924194336,1.1317482,8.508167,0.1964578423944867,7.4029927,1.4514141,0.19605775107680437,,,,,,,,,True,False
5597941287068675200,,,NGC2527,120.93647003173828,-27.80483055114746,1.6009274,15.417719,-0.3085384004071534,,,,,,,,,,,,False,False
5597941935588875648,,,NGC2527,121.08748626708984,-27.808942794799805,0.60503197,11.920587,0.1284532190143252,6.642105,27.032112,4.069811001181102,,,,,,,,,True,False
5597948021575609728,,,NGC2527,121.1054916381836,-27.76399230957031,0.22575283,9.919871,0.0289601953493358,73.17523,6.2503657,0.08541641345028912,,,,,,,,,True,True
5597948296453537792,,,NGC2527,121.07611083984376,-27.74709510803223,1.7345018,15.144834,-0.4797407863398897,,,,,,,,,,,,False,False
5597949052368308736,,,NGC2527,121.07085418701172,-27.73940467834473,2.6541843,18.002054,-0.1906795135270249,,,,,,,,,,,,False,False
5597950461116830592,,,NGC2527,121.18665313720705,-27.65712928771973,1.3500013000000002,14.912192,-0.3509958423838163,,,,,,,,,,,,False,False
5597950804707002112,,,NGC2527,121.23971557617188,-27.62981605529785,0.22998142,10.3942795,0.0252229800776788,7.6277213,7.6239433,0.9995047013581893,,,,,,,,,True,True
5597952174794270592,,,NGC2527,121.17725372314452,-27.56313896179199,1.7544498,15.752460500000002,-0.2837165529370707,,,,,,,,,,,,False,False
5597952900651627648,,,NGC2527,121.0685577392578,-27.64323616027832,2.4297676,17.525217,-0.1983228790992584,,,,,,,,,,,,False,False
5597953690932427520,,,NGC2527,121.00404357910156,-27.599943161010746,2.141138,15.772358,-0.3977684456712174,,,,,,,,,,,,False,False
5597954240688764672,,,NGC2527,121.04944610595705,-27.555423736572266,1.8602037,15.994969,-0.2678830447139718,,,,,,,,,,,,False,False
5597956332325110784,,,NGC2527,121.1351547241211,-27.50320816040039,2.5840664,17.204416000000002,-0.2418563720893099,,,,,,,,,,,,False,False
5597956332325642496,,,NGC2527,121.1338348388672,-27.49228858947754,2.3367252,17.176754000000003,-0.2134430824558728,,,,,,,,,,,,False,False
5597956336632033920,,,NGC2527,121.14002227783205,-27.504045486450195,1.9316406000000004,16.159966,-0.2585102039028623,,,,,,,,,,,,False,False
5597958123333927808,,,NGC2527,120.6943130493164,-27.70583152770996,2.642233,18.342869,-0.1727743303650414,,,,,,,,,,,,False,False
5597958432576704000,,,NGC2527,120.76515197753906,-27.67675399780273,0.9500017,13.811282,0.859330938974965,,,,,,,,,,,,False,False
5597959222850596992,,,NGC2527,120.82711791992188,-27.665180206298828,1.2694225,14.696529,-0.4032653574243115,,,,,,,,,,,,False,False
5597962448358138752,,,NGC2527,120.64010620117188,-27.61532211303711,2.6398582000000004,18.459543,-0.1676217252913508,,,,,,,,,,,,False,False
5597964205007410432,,,NGC2527,120.7945785522461,-27.527915954589844,2.3130856,18.200392,-0.153154933254539,,,,,,,,,,,,False,False
5597968014636137600,,,NGC2527,121.00399017333984,-27.50961875915528,1.3522253,14.721595,-0.4693158114485987,,,,,,,,,,,,False,False
5597970248019195008,,,NGC2527,120.84789276123048,-27.488584518432617,2.4310436,17.134867,-0.229056733144726,,,,,,,,,,,,False,False
5597971420557574400,,,NGC2527,120.77977752685548,-27.44353103637696,0.232728,9.362136,-0.0130514559147026,,,,,,,,,,,,False,False
5597973757020206080,,,NGC2527,120.89136505126952,-27.33479118347168,2.7558918,18.355213,-0.1807535484975724,,,,,,,,,,,,False,False
5597793230953913216,,,NGC2527,119.92139434814452,-28.4565486907959,2.1224346,16.655664,-0.2317946753561226,,,,,,,,,,,,False,False
5693676000701852800,,,NGC2527,122.3801498413086,-28.58877944946289,2.7128239,18.022093,-0.1945914143747199,,,,,,,,,,,,False,False
5693686450370124544,,,NGC2527,122.54463958740234,-28.33365249633789,2.4095402000000004,17.64163,-0.1888073255622763,,,,,,,,,,,,False,False
5693695688833867520,,,NGC2527,122.23971557617188,-28.355926513671875,2.416153,17.305183,-0.2127849375462321,,,,,,,,,,,,False,False
5693696586492729984,,,NGC2527,122.30816650390624,-28.28330993652344,1.2020187,14.551229500000002,-0.4387878087650784,,,,,,,,,,,,False,False
5693697926522870656,,,NGC2527,122.0787353515625,-28.34670066833496,1.4846191,15.246578,-0.3054867934594784,,,,,,,,,,,,False,False
5693747679419460096,,,NGC2527,121.9298095703125,-28.19194602966309,2.7560368,17.876972,-0.2072163737418796,,,,,,,,,,,,False,False
5693752214911319168,,,NGC2527,121.85993194580078,-28.08602905273437,2.7392292,17.289026,-0.2524754230139569,,,,,,,,,,,,False,False
5693766646001516672,,,NGC2527,121.94947052001952,-27.95469665527344,1.9386787,16.232948,-0.2493587230034083,,,,,,,,,,,,False,False
5693770597370972672,,,NGC2527,121.82599639892578,-27.91366004943848,2.3212357000000003,16.903168,-0.2364889837766447,,,,,,,,,,,,False,False
5693771623858281600,,,NGC2527,121.79988098144533,-27.88139915466309,2.8582458,18.34562,-0.1889119789431456,,,,,,,,,,,,False,False
5693772379772774656,,,NGC2527,121.77951049804688,-27.83281517028809,2.2004051,16.870535,-0.2220480836012283,,,,,,,,,,,,False,False
5693772796394428160,,,NGC2527,122.0035171508789,-27.90622329711914,1.7423476999999998,15.799055,-0.2707434795491919,,,,,,,,,,,,False,False
5693775304657026688,,,NGC2527,122.0806884765625,-27.78988647460937,0.9676714,13.79011,0.896220634443329,,,,,,,,,,,,False,False
5697054387619134464,,,NGC2527,120.96923828125,-27.197206497192383,2.7223740000000003,18.122345000000003,-0.1898459640660137,,,,,,,,,,,,False,False
5697062054149496960,,,NGC2527,120.90984344482422,-26.996204376220703,0.9011736,13.510025,0.2540418850369816,,,,,,,,,,,,False,False
5697069677703905664,,,NGC2527,121.1622314453125,-26.86152458190918,2.733755,17.756655,-0.2131858335502,,,,,,,,,,,,False,False
5697073530302162688,,,NGC2527,120.8600616455078,-26.984907150268555,2.2288437,16.837656,-0.2295189914568957,,,,,,,,,,,,False,False
5697075140902073600,,,NGC2527,120.876220703125,-26.90168762207031,2.6805782,17.25065,-0.2492058906030984,,,,,,,,,,,,False,False
5697081914078146176,,,NGC2527,120.90274810791016,-26.8199405670166,1.8988438,16.19576,-0.2458534075104806,,,,,,,,,,,,False,False
5697084559778028032,,,NGC2527,120.86748504638672,-26.80588531494141,1.4309711,15.132996,-0.314170243383373,,,,,,,,,,,,False,False
5697129364879170816,,,NGC2527,120.5479736328125,-26.74283027648925,2.1715374,16.70423,-0.2345685320104499,,,,,,,,,,,,False,False
5597590852092964736,,,NGC2527,122.0584716796875,-28.78360176086425,2.169899,16.47344,-0.2624055020122111,,,,,,,,,,,,False,False
5597449289971179264,,,NGC2527,121.37054443359376,-29.49443244934082,1.0080919,14.044218,-1.5738805606559303,,,,,,,,,,,,False,False
5597459048136393344,,,NGC2527,121.49071502685548,-29.299835205078125,1.9082584,15.448442000000002,-0.4251313853720493,,,,,,,,,,,,False,False
5597461242851004288,,,NGC2527,121.31484985351562,-29.299448013305664,2.7483368,17.785393,-0.2125940940126096,,,,,,,,,,,,False,False
5597468217878533760,,,NGC2527,121.20874786376952,-29.276750564575195,2.8179188,18.144926,-0.1964247272211374,,,,,,,,,,,,False,False
5597129263368208128,,,NGC2527,120.2041473388672,-29.372278213500977,1.507246,15.320263,-0.2946116603092479,,,,,,,,,,,,False,False
5597473857183751168,,,NGC2527,121.30017852783205,-29.217193603515625,0.43538952,11.356526,0.0412925709554897,57.32312,30.961706,0.5401259736036699,,,,,,,,,True,False
5597606520133434752,,,NGC2527,121.7724609375,-28.6754093170166,1.7147522000000002,14.972328,-0.5764394606291754,,,,,,,,,,,,False,False
5597606623212644992,,,NGC2527,121.8035888671875,-28.70176315307617,1.3154926000000002,14.810179000000002,-0.3759908436336097,,,,,,,,,,,,False,False
5597609367683028608,,,NGC2527,121.71599578857422,-28.70161056518555,2.1604347,16.670391,-0.2364775247952589,,,,,,,,,,,,False,False
5597612769299351552,,,NGC2527,121.80398559570312,-28.53755187988281,0.23280334,9.928502,0.034394860496843,25.846842,3.9132547,0.15140165672850867,,,,,,,,,True,True
5597612872378567808,,,NGC2527,121.74845886230467,-28.55788230895996,0.38517284,10.869121,0.1197035315113074,211.6397,52.588085,0.24847930232371335,,,,,,,,,True,True
5597613319054636800,,,NGC2527,121.85694122314452,-28.50592041015625,2.7883568,17.06638,-0.2830068746252713,,,,,,,,,,,,False,False
5597615591104494336,,,NGC2527,122.0186538696289,-28.495960235595703,1.9869423,15.46785,-0.4491956087428499,,,,,,,,,,,,False,False
5597615625463959424,,,NGC2527,121.96934509277344,-28.51601791381836,2.0257645,16.225317,-0.2694639310802299,,,,,,,,,,,,False,False
5597496294093833344,,,NGC2527,120.6430892944336,-29.303823471069336,1.2019453000000002,14.692489000000002,-0.3352053732607514,,,,,,,,,,,,False,False
5597618271163820928,,,NGC2527,121.94341278076172,-28.49977684020996,1.6474799999999998,15.527019500000002,-0.2983183009610126,,,,,,,,,,,,False,False
5597501722934921600,,,NGC2527,120.53306579589844,-29.34992980957031,1.3283367,15.026167,-0.2894324127523113,,,,,,,,,,,,False,False
5597507357921621632,,,NGC2527,120.36095428466795,-29.227783203125,2.7660866000000004,17.81537,-0.2122196364070708,,,,,,,,,,,,False,False
5597520414627099008,,,NGC2527,121.00392150878906,-29.14204025268555,2.4686546000000003,18.406326,-0.1572549738202014,,,,,,,,,,,,False,False
5597629438072808448,,,NGC2527,121.2577133178711,-28.759315490722656,2.7695503,18.421679,-0.1786785931599483,,,,,,,,,,,,False,False
5597630498921978496,,,NGC2527,121.23567962646484,-28.718584060668945,2.1708908,16.874043,-0.2173642739025715,,,,,,,,,,,,False,False
5597631156066913920,,,NGC2527,121.2990951538086,-28.66342735290528,0.8567343000000001,13.398085,0.1296640354698305,,,,,,,,,,,,False,False
5597529000253335040,,,NGC2527,121.24134063720705,-28.934011459350582,2.1532955,16.730665,-0.2288138522852598,,,,,,,,,,,,False,False
5597530615166974592,,,NGC2527,121.02188110351562,-28.99039649963379,2.7208824000000003,18.184132,-0.1864757153845011,,,,,,,,,,,,False,False
5597634935637920768,,,NGC2527,121.483642578125,-28.62894630432129,1.7903756999999998,15.955762,-0.2562921750287011,,,,,,,,,,,,False,False
5597635451033921792,,,NGC2527,121.5394058227539,-28.591466903686523,1.5014954,15.232810999999998,-0.3183387595982708,,,,,,,,,,,,False,False
5597636344387681792,,,NGC2527,121.42317199707033,-28.64239501953125,1.2222576,13.929184,19.61927673163343,,,,,,,,,,,,False,False
5597638023705741184,,,NGC2527,121.4930419921875,-28.60078430175781,2.539875,17.598957000000002,-0.2048280790737472,,,,,,,,,,,,False,False
5597638646489581184,,,NGC2527,121.51980590820312,-28.54092216491699,1.6910276000000002,15.629205,-0.289709603838481,,,,,,,,,,,,False,False
5597638921367498624,,,NGC2527,121.49232482910156,-28.5262508392334,1.7862625,15.877293,-0.2688367440891379,,,,,,,,,,,,False,False
5597639191937353984,,,NGC2527,121.43511962890624,-28.54159164428711,2.7045689,17.922924,-0.1997024586287189,,,,,,,,,,,,False,False
5597640982952295808,,,NGC2527,121.12466430664062,-28.719337463378903,0.88815117,13.480496,0.2124874072576281,,,,,,,,,,,,False,False
5597550337656814592,,,NGC2527,120.93360137939452,-28.75368881225586,2.9886607999999995,18.548939,-0.1883607951186473,,,,,,,,,,,,False,False
5597557110828920960,,,NGC2527,121.6072235107422,-29.17230224609375,1.7037687,15.723195,-0.273781743165878,,,,,,,,,,,,False,False
5597560031393606656,,,NGC2527,121.61138153076172,-29.05598068237305,2.6810608,18.775892,-0.1584349871855951,,,,,,,,,,,,False,False
5597565627738830464,,,NGC2527,121.72203063964844,-29.01375389099121,2.9702778,18.47145,-0.190842448375135,,,,,,,,,,,,False,False
5597565769482785024,,,NGC2527,121.74059295654295,-28.995466232299805,0.9356041,13.521648999999998,0.3664004719013594,,,,,,,,,,,,False,False
5597648026698579456,,,NGC2527,121.08950805664062,-28.54416084289551,1.4296865,14.618939,-0.6560550009488487,,,,,,,,,,,,False,False
5597648164137565696,,,NGC2527,121.04361724853516,-28.532758712768555,1.1168642,14.138929999999998,-1.290229461991843,,,,,,,,,,,,False,False
5597568999298122880,,,NGC2527,121.74647521972656,-28.87837028503418,0.80401134,13.112433,0.0668465611620185,,,,,,,,,,,,False,False
5597572259163643264,,,NGC2527,121.51920318603516,-29.0069522857666,2.2307491,16.594938,-0.2573391634982214,,,,,,,,,,,,False,False
5597650912916387584,,,NGC2527,121.26488494873048,-28.48530387878418,2.1909409,16.846125,-0.222996134359949,,,,,,,,,,,,False,False
5597573706569252992,,,NGC2527,121.57735443115234,-28.94475173950196,2.5883675,18.536102,-0.1609414152386937,,,,,,,,,,,,False,False
5597651286565490688,,,NGC2527,121.3863754272461,-28.51264381408692,2.2693272,16.952261,-0.2242310282879409,,,,,,,,,,,,False,False
5597651973760619392,,,NGC2527,121.38232421875,-28.46597480773925,1.6119099,15.494595,-0.2927681768052063,,,,,,,,,,,,False,False
5597652733982372608,,,NGC2527,121.37873840332033,-28.44569206237793,1.9111834,15.322295,-0.4800980129073658,,,,,,,,,,,,False,False
5597653352457918592,,,NGC2527,121.18971252441406,-28.5333251953125,2.1333332,16.557194,-0.2450047685554413,,,,,,,,,,,,False,False
5597653451229107968,,,NGC2527,121.23939514160156,-28.499059677124023,1.2185574,14.607743,-0.4117580360393226,,,,,,,,,,,,False,False
5597655207883725696,,,NGC2527,121.18273162841795,-28.427722930908203,0.67108536,11.617992999999998,0.4337373118847994,44.572918,50.36058,1.1298470519699877,,,,,,,,,True,False
5597655276603203584,,,NGC2527,121.17063903808594,-28.41108131408692,1.1308937,8.45318,0.180377580400415,10.339099,1.3032659,0.12605217340505204,,,,,,,,,True,False
5597656509248456448,,,NGC2527,121.323974609375,-28.349916458129886,2.5145187,18.010897,-0.1781753542993207,,,,,,,,,,,,False,False
5597656754071806720,,,NGC2527,121.28710174560548,-28.37627220153809,0.51579094,11.454238,0.1384552400137848,106.285576,27.517199,0.25889871453488666,,,,,,,,,True,False
5597657166388632448,,,NGC2527,121.30638122558594,-28.35444068908692,0.96078396,13.803705,0.9089255861170216,,,,,,,,,,,,False,False
5597658746932069760,,,NGC2527,121.68956756591795,-28.51374626159668,0.52712154,11.435786,0.165007947316004,122.06988,32.813473,0.26880892321676736,,,,,,,,,True,False
5597659361106702080,,,NGC2527,121.6480941772461,-28.5318660736084,2.7297535,18.070044,-0.1933216879357395,,,,,,,,,,,,False,False
5597659605931493632,,,NGC2527,121.6199188232422,-28.50946807861328,0.8003720999999999,12.956415,0.1058837171606181,,,,,,,,,,,,False,False
5597661186473354240,,,NGC2527,121.70445251464844,-28.46025657653809,2.5808105,17.415233999999998,-0.2229139071735696,,,,,,,,,,,,False,False
5597662011106940288,,,NGC2527,121.71398162841795,-28.3969669342041,2.0497742,16.897623,-0.1975758170961633,,,,,,,,,,,,False,False
5597663763459837952,,,NGC2527,121.56437683105467,-28.430084228515625,1.9425182,15.477478,-0.4277949798993983,,,,,,,,,,,,False,False
5597664411988265728,,,NGC2527,121.66908264160156,-28.433000564575195,2.862217,18.216911,-0.1959910398195284,,,,,,,,,,,,False,False
5597664725532410624,,,NGC2527,121.65331268310548,-28.40071678161621,0.79443836,12.965969,0.0896099410135215,,,,,,,,,,,,False,False
5597665202262054016,,,NGC2527,121.65656280517578,-28.36689567565918,1.9545345,16.312296,-0.24187681988763,,,,,,,,,,,,False,False
5597665790684330752,,,NGC2527,121.5984878540039,-28.36909484863281,1.3805208,14.975755,-0.3439523415032746,,,,,,,,,,,,False,False
5597671558812809216,,,NGC2527,121.7980499267578,-28.299224853515625,2.7388268,17.605228,-0.2247871297969004,,,,,,,,,,,,False,False
5597672417809732864,,,NGC2527,121.70054626464844,-28.27123832702637,2.5829983,17.423025,-0.2225293220096114,,,,,,,,,,,,False,False
5597673929635129600,,,NGC2527,121.84471893310548,-28.21100997924805,2.5538712,18.53904,-0.1584167128362021,,,,,,,,,,,,False,False
5597676785800768512,,,NGC2527,121.4213409423828,-28.36530876159668,0.40209198,11.035078,0.1025691277562285,209.23616,37.788494,0.18060211963362355,,,,,,,,,True,True
5597676785800772992,,,NGC2527,121.42088317871094,-28.373443603515625,0.9828806,13.876941,2.0123631832031545,,,,,,,,,,,,False,False
5597678160190073216,,,NGC2527,121.62002563476562,-28.29738998413086,1.0904074,14.014688,-3.6661748393021942,,,,,,,,,,,,False,False
5597678881744680192,,,NGC2527,121.5062484741211,-28.29075622558593,1.6199503,15.532174,-0.2866936111924191,,,,,,,,,,,,False,False
5597679500219913344,,,NGC2527,121.53187561035156,-28.23081588745117,1.2010611999999998,14.586996,-0.4065842461108842,,,,,,,,,,,,False,False
5597679908228696832,,,NGC2527,121.3992919921875,-28.3231143951416,0.71414185,12.591666,0.0534341316504183,,,,,,,,,,,,False,False
5597680599731695744,,,NGC2527,121.4002456665039,-28.28153419494629,0.30552483,10.56862,0.0830926651202308,143.2841,26.590889,0.18558157534576414,,,,,,,,,True,True
5597680702810887296,,,NGC2527,121.41619110107422,-28.27116584777832,0.9657831,13.644809,0.5535217424301844,,,,,,,,,,,,False,False
5597680943329117312,,,NGC2527,121.36322021484376,-28.292579650878903,0.5160446,10.985637,0.2521690503111511,,,,,,,,,,,,False,False
5597681115122242176,,,NGC2527,121.3000717163086,-28.297119140625,2.450964,17.196474,-0.2260528975716776,,,,,,,,,,,,False,False
5597681149487561856,,,NGC2527,121.31790161132812,-28.281169891357425,0.43096256,11.239236,0.0803529259936481,113.83854,44.569298,0.39151326079902293,,,,,,,,,True,False
5597681183847295872,,,NGC2527,121.32769012451172,-28.27823066711425,0.86313725,13.351926999999998,0.1538675591315996,,,,,,,,,,,,False,False
5597681252566248192,,,NGC2527,121.32225036621094,-28.26418876647949,1.585679,15.32384,-0.3296768839337024,,,,,,,,,,,,False,False
5597682004173478016,,,NGC2527,121.49031829833984,-28.25675773620605,2.3177547,17.131716,-0.2147761613323598,,,,,,,,,,,,False,False
5597682248999074304,,,NGC2527,121.44149780273438,-28.24167251586914,1.1051188,14.285876000000002,-0.630344370763173,,,,,,,,,,,,False,False
5597682352078262144,,,NGC2527,121.45394134521484,-28.224254608154297,0.30646133,10.811219,0.0421529128627853,54.099117,12.470108,0.23050483430256358,,,,,,,,,True,True
5597682764395087488,,,NGC2527,121.47764587402344,-28.19916534423828,0.2864914,10.602708,0.0589688391948823,95.08647,11.93218,0.12548767453455786,,,,,,,,,True,True
5597683206764534912,,,NGC2527,121.44109344482422,-28.19872665405273,2.1507492000000004,16.735207,-0.2279345823864828,,,,,,,,,,,,False,False
5597683245431069184,,,NGC2527,121.39653778076172,-28.22010612487793,0.5716380999999999,11.807415,0.0853685221312067,16.94311,14.773235,0.8719317173765618,,,,,,,,,True,False
5597683314150546048,,,NGC2527,121.39053344726562,-28.21205902099609,0.64097023,12.19435,0.0659300609681264,,,,,,,,,,,,False,False
5597683348510282368,,,NGC2527,121.40025329589844,-28.19319152832031,1.8270378,15.200354,-0.5000882218253697,,,,,,,,,,,,False,False
5597684173144248832,,,NGC2527,121.64089965820312,-28.26222419738769,0.46028996,11.402499,0.0622301399389458,81.4063,25.134232,0.3087504529747698,,,,,,,,,True,False
5597684241863683072,,,NGC2527,121.68274688720705,-28.24955177307129,1.8008080000000002,15.886837,-0.2711624007270451,,,,,,,,,,,,False,False
5597684722899999232,,,NGC2527,121.68924713134766,-28.22192573547364,0.81541824,13.057875,0.107986066747635,,,,,,,,,,,,False,False
5597685818104741632,,,NGC2527,121.6475601196289,-28.17176818847656,2.274355,16.640427,-0.2590221399848096,,,,,,,,,,,,False,False
5597686509606308096,,,NGC2527,121.74730682373048,-28.15980529785156,1.5289745,15.318764000000002,-0.3050792996851829,,,,,,,,,,,,False,False
5597686986335973888,,,NGC2527,121.80640411376952,-28.12510299682617,2.2786255,17.020231,-0.2192733165411418,,,,,,,,,,,,False,False
5597688502471296640,,,NGC2527,121.569091796875,-28.18209457397461,1.102253,14.266258,-0.6689766938784865,,,,,,,,,,,,False,False
5597688910481299328,,,NGC2527,121.5653839111328,-28.13717460632324,0.77766895,12.902649,0.0736403450352316,,,,,,,,,,,,False,False
5597688983507351168,,,NGC2527,121.54676055908205,-28.136558532714844,0.7178602,12.563343,0.0784127832981856,,,,,,,,,,,,False,False
5597689601984430464,,,NGC2527,121.51471710205078,-28.14725112915039,2.292307,16.173445,-0.3380864821972065,,,,,,,,,,,,False,False
5597689636342388608,,,NGC2527,121.49874877929688,-28.14648056030273,0.59064674,11.9485235,0.052820544884715,37.600765,39.823975,1.0591267225547139,,,,,,,,,True,False
5597689739421594368,,,NGC2527,121.54907989501952,-28.12572479248047,1.3417253,14.874961,-0.3629387097160725,,,,,,,,,,,,False,False
5597692350761671040,,,NGC2527,121.65424346923828,-28.01403617858887,0.24370289,9.961994,0.0434487541736641,97.198586,7.195508,0.07402893700531817,,,,,,,,,True,True
5597692724412510464,,,NGC2527,121.63860321044922,-27.981670379638672,1.8743305,16.215692999999998,-0.2376768735804606,,,,,,,,,,,,False,False
5597728080580418560,,,NGC2527,120.59043884277344,-28.95317649841309,2.4034119,17.750586,-0.1818724826409401,,,,,,,,,,,,False,False
5596697773776338816,,,NGC2527,121.51002200848222,-29.529078080229088,1.1923313,14.647442,-0.3522723556270011,,,,,,,,,,,,False,False
5596733988936609152,,,NGC2527,122.1780543621622,-29.507450462524886,1.366621,14.823124,-0.4123481357630799,,,,,,,,,,,,False,False
5596735638203997824,,,NGC2527,122.31061501262852,-29.552347736212344,0.7081089,12.771937,-0.0373844237695797,,,,,,,,,,,,False,False
5596823629188160128,,,NGC2527,122.46871101385214,-29.034081712055496,0.5976143,11.853222,0.1460237802827553,,,,,,,,,,,,False,False
5597396616493566336,,,NGC2527,119.47672678799448,-29.00268727852309,1.3430891,14.815478,-0.3967963920714954,,,,,,,,,,,,False,False
5597643937889662080,,,NGC2527,121.19722231718404,-28.61938156530024,1.6909618,14.863049,-0.6496490695974597,,,,,,,,,,,,False,False
5597652905771730048,,,NGC2527,121.40961910868486,-28.408971684543147,,,,,,,,,,,,,,,False,False
5597674896014668800,,,NGC2527,121.84895418941076,-28.1714222918214,0.94892025,13.619902,0.4620717446459535,,,,,,,,,,,,False,False
5597679740738286592,,,NGC2527,121.3720451070114,-28.351480899260324,1.3622952,14.819082,-0.4111281093724035,,,,,,,,,,,,False,False
5597689533263149568,,,NGC2527,121.59300534586664,-28.088524984860744,0.8888922,12.361389,0.7619127007935272,,,,,,,,,,,,False,False
5597847313178916736,,,NGC2527,121.02088433903518,-28.306738158315813,2.0903282,16.514027,-0.2425547270730032,,,,,,,,,,,,False,False
5597847966013991808,,,NGC2527,120.97509384413736,-28.31311722080796,0.39884472,11.08234,0.0861758698081457,,,,,,,,,,,,False,True
5597850027583159808,,,NGC2527,121.14776196400028,-28.17852429136085,1.847517,15.03651,-0.6163279433884732,,,,,,,,,,,,False,False
5597850057648522112,,,NGC2527,121.1587039330326,-28.17521613594357,0.45815086,11.132325,0.148853101746315,,,,,,,,,,,,False,False
5597861366311993216,,,NGC2527,120.8724327263604,-28.214926247645185,0.6483202,12.354306,-0.0066355108076939,,,,,,,,,,,,False,False
5597869681369990144,,,NGC2527,121.3021617153768,-28.209187288560724,1.1427746,13.655556,1.3306177487199402,,,,,,,,,,,,False,False
5597870506003722752,,,NGC2527,121.2757420291104,-28.184534025263936,0.6291733,11.392157,0.3487891364525926,9.708839,16.661924,1.7161602947582095,,,,,,,,,True,False
5597870883960796288,,,NGC2527,121.29116132918313,-28.14161690342896,0.8669987,13.374753,0.1607372012792829,,,,,,,,,,,,False,False
5597873151703373184,,,NGC2527,121.37864088144168,-28.047330416003938,1.7491865,15.756042,-0.2813470659982686,,,,,,,,,,,,False,False
5597874006386158848,,,NGC2527,121.22000491837804,-28.1374496342604,0.4217615,11.144914,0.0979070645757807,,,,,,,,,,,,False,True
5597875110208711168,,,NGC2527,121.17857731142723,-28.09900882247073,0.48441982,11.218149,0.1618102481993887,142.9742,23.606579,0.1651107612422381,,,,,,,,,True,False
5597876892604160512,,,NGC2527,121.23663619478909,-28.0250934402892,0.7023382,11.902375,0.5072501881773359,30.966421,22.29019,0.7198180894072324,,,,,,,,,True,False
5597877652829068032,,,NGC2527,121.44759270464998,-28.0981655147729,0.7049761,12.096872,0.3915556699112898,,,,,,,,,,,,False,False
5597878443102974848,,,NGC2527,121.48764584977572,-28.0374025259533,1.3321838,14.457439,-0.7618564791265408,,,,,,,,,,,,False,False
5597878752340713216,,,NGC2527,121.40251079580204,-28.06071672764448,0.477273,10.842202,0.2302186410999552,83.67259,15.5664625,0.1860401656026185,,,,,,,,,True,False
5597882153954764800,,,NGC2527,121.41199178863258,-28.00276487150835,0.96484756,13.75581,0.7513082819374437,,,,,,,,,,,,False,False
5597888201268991232,,,NGC2527,121.1466052386681,-28.004640317622048,0.9369793,12.746592,0.5090069192547455,,,,,,,,,,,,False,False
5597892977272610176,,,NGC2527,121.1118917926521,-27.93707847876063,1.1424799,8.86281,0.3154469373105509,7.9845815,0.95039743,0.11902908499337128,,,,,,,,,True,False
5597893664467558912,,,NGC2527,121.1830827072221,-27.879501410681847,2.4606228,16.819323,-0.2665809124028258,,,,,,,,,,,,False,False
5597895176295676928,,,NGC2527,121.29522563874978,-27.941955672211733,0.5970125,11.252131,0.3140191422438437,66.612366,19.225351,0.288615345084725,,,,,,,,,True,False
5597916444974740224,,,NGC2527,120.78561973775471,-27.94824944032917,1.0250435,13.818109,1.556357473714042,,,,,,,,,,,,False,False
5597920396344570496,,,NGC2527,120.78947669127828,-27.848197058476675,1.8776264,16.1237,-0.2515023984618842,,,,,,,,,,,,False,False
5597947540539373184,,,NGC2527,120.96249366547391,-27.67504029989003,0.9693432,13.881879,1.9242716051659208,,,,,,,,,,,,False,False
5597950186238921216,,,NGC2527,121.20542398030403,-27.680492102378857,1.0100183,13.921303,5.989774840508413,,,,,,,,,,,,False,False
5597954343767442048,,,NGC2527,120.99576995377524,-27.57346865973894,1.2382679,14.527156,-0.5141816132799287,,,,,,,,,,,,False,False
5597956611509954048,,,NGC2527,121.10773120066692,-27.47717361597209,1.1447401,14.132344,-1.4928995200073405,,,,,,,,,,,,False,False
5597960253642723328,,,NGC2527,120.81629110880432,-27.620764046351866,0.47537136,11.264223,0.1359144298250684,165.82693,42.314293,0.25517141877980853,,,,,,,,,True,False
5597962246507755008,,,NGC2527,120.62363298070844,-27.64401325575801,0.60249805,11.845975,0.1680742969893194,,,,,,,,,,,,False,False
5597963655256856960,,,NGC2527,120.75303721388345,-27.565994789562403,1.38727,14.737247,-0.4914970951418606,,,,,,,,,,,,False,False
5597965643813917440,,,NGC2527,120.93591269028757,-27.58732779830198,1.623601,15.28659,-0.3600049661615183,,,,,,,,,,,,False,False
5600999887894287232,,,NGC2527,120.60531518173606,-26.97171528206399,1.8614359,15.428529,-0.4134884610280626,,,,,,,,,,,,False,False
5601035759464046976,,,NGC2527,120.21558709814086,-27.222877243593945,0.56083584,11.697313,0.1241068546523523,7.347034,6.910509,0.9405848673083588,,,,,,,,,True,False
5601054584289262720,,,NGC2527,120.0168559608034,-26.99942194724616,0.60949516,11.926271,0.1415551509935129,57.7864,34.4368,0.5959326069801891,,,,,,,,,True,False
5692853497287558272,,,NGC2527,122.78683963859986,-29.021104471114427,0.72939587,12.494311,0.1529122333822106,,,,,,,,,,,,False,False
5693681571287197696,,,NGC2527,122.22887229090747,-28.455680285895227,2.0340443,16.344501,-0.2537521902485029,,,,,,,,,,,,False,False
5693763587984177792,,,NGC2527,122.12945630521553,-27.828301658184618,1.4390764,15.127828,-0.3205953687813496,,,,,,,,,,,,False,False
5693987682197279616,,,NGC2527,121.74544223053483,-27.417398545234327,0.45342922,11.166615,0.1335885714997578,88.27774,34.688694,0.3929495023320715,,,,,,,,,True,True
5694018193646406656,,,NGC2527,121.7731802601104,-27.18035648719945,1.3235264,14.7626705,-0.412146607605616,,,,,,,,,,,,False,False
5694031215988319232,,,NGC2527,121.35176377115856,-27.435240375765805,1.3876934,15.237816,-0.2593998277506953,,,,,,,,,,,,False,False
5697078752982346880,,,NGC2527,120.80000161375312,-26.83608900289796,1.7800016,15.619864,-0.3227559934383636,,,,,,,,,,,,False,False
5697143727249808000,,,NGC2527,120.5004517561368,-26.67120165550948,1.7922525,15.795005,-0.2864888703228851,,,,,,,,,,,,False,False
5697150049441636864,,,NGC2527,120.40260929616689,-26.48476618408662,1.3318558,14.1160145,-2.773295637827307,,,,,,,,,,,,False,False
3063395044600738304,,,NGC2548,124.00463127748831,-7.005421878045858,1.2821455,15.250997,0.1659557192919045,,,,,,,,,,,,False,False
3063765167702687104,,,NGC2548,123.58734658886269,-7.144486253135156,1.4268284,15.597212,0.1688473795595417,,,,,,,,,,,,False,False
3063829699585599488,,,NGC2548,123.27306996019904,-6.949228632895398,0.7347374,13.033358,0.2102247378975951,,,,,,,,,,,,False,False
3064034827224883584,,,NGC2548,122.72907093526398,-6.712965826981161,0.6298895,12.9111805,0.0157395630704016,,,,,,,,,,,,False,False
3064119901936768640,,,NGC2548,122.17372594072584,-6.349531816207741,0.15107918,11.077442,0.0205566573992974,39.650574,43.163555,1.0885984904026864,,,,,,,,,True,False
3064170681332802304,,,NGC2548,123.69874284394515,-6.685544833810203,1.5413742,15.812092,0.1716525898061804,,,,,,,,,,,,False,False
3064174327761734016,,,NGC2548,124.15579646536452,-6.76865209033499,0.9608364,14.191427,0.1605469597673868,,,,,,,,,,,,False,False
3064176836022639360,,,NGC2548,124.0566617681398,-6.733618895335033,1.9713707,16.675615,0.1751994949182155,,,,,,,,,,,,False,False
3064198654456307584,,,NGC2548,124.08313999160788,-6.523587939412639,1.2419672,15.166562,0.1643693866711262,,,,,,,,,,,,False,False
3064220747768181120,,,NGC2548,123.54539379489118,-6.600311965371192,0.23776054,11.010297,0.1357693087643533,117.82652,31.082804,0.26380142602870726,,,,,,,,,True,False
3064221434962961280,,,NGC2548,123.47709505496664,-6.587146423944345,1.8517351,15.7881155,0.1951843198041121,,,,,,,,,,,,False,False
3064221499387441280,,,NGC2548,123.46518000293872,-6.563518306616092,1.9728584,16.664434,0.1755109595306549,,,,,,,,,,,,False,False
3064235075778876416,,,NGC2548,123.38252613165702,-6.489424081784386,0.7261925,13.090443,0.1705128952240425,,,,,,,,,,,,False,False
3064238889709848704,,,NGC2548,123.27035629027182,-6.449713041088868,1.2396631,15.152223,0.1645849295246471,,,,,,,,,,,,False,False
3064245418060247936,,,NGC2548,123.8866476051746,-6.404379099925997,0.8191099,12.939782,0.4748816521767057,,,,,,,,,,,,False,False
3064248643579065344,,,NGC2548,123.6654937536475,-6.372807850968759,0.5563803,12.220476,0.2057454722198188,,,,,,,,,,,,False,False
3064255416743076992,,,NGC2548,123.8308470099387,-6.339350015339629,0.9398136,11.893215,1.4578229289427034,,,,,,,,,,,,False,False
3064260536344949632,,,NGC2548,123.64025573515192,-6.339715781325224,0.72523594,12.965112,0.2287920546626858,,,,,,,,,,,,False,False
3064260570704699136,,,NGC2548,123.58786407440088,-6.363015484149538,0.7814226,13.387903,0.1607027041119308,,,,,,,,,,,,False,False
3064265789090345984,,,NGC2548,123.4849442568753,-6.27326837883951,1.9557953,16.72115,0.1735334604086951,,,,,,,,,,,,False,False
3064266686738125184,,,NGC2548,123.53963409342104,-6.245005426474551,0.99313736,14.426592,0.1554437457698772,,,,,,,,,,,,False,False
3064266824177071488,,,NGC2548,123.56380332847952,-6.225413255435895,0.4222269,11.882666,0.0604499719684483,10.849341,16.835468,1.5517502860311974,,,,,,,,,True,False
3064267545731582848,,,NGC2548,123.52715330022906,-6.210598841180552,1.7209072,16.041954,0.177379833972622,,,,,,,,,,,,False,False
3064267992408172928,,,NGC2548,123.56942196806888,-6.193142613005217,0.8311815,13.803006,0.1428516406769295,,,,,,,,,,,,False,False
3064268129847119616,,,NGC2548,123.59807182122876,-6.173107088102346,0.82236195,13.63967,0.1533127461343167,,,,,,,,,,,,False,False
3064276479263505664,,,NGC2548,123.73651079543588,-6.044416821032612,1.7468204,16.26875,0.1730356272985095,,,,,,,,,,,,False,False
3064276749845004544,,,NGC2548,123.70881345289438,-6.0308467703904425,0.5265713,11.859692,0.3485206143424839,,,,,,,,,,,,False,False
3064277235177743488,,,NGC2548,123.76266733940774,-6.003471118765877,1.1438618,14.844561,0.1635873071558272,,,,,,,,,,,,False,False
3064350451485140096,G10097703895668,196802077.0,NGC2548,124.22761913264516,-6.156001893751385,0.79223156,13.341716,0.1803156137111523,,,,5960.66,42.32,4.257,0.056,-0.073,0.04,-4.12066,0.10325,False,False
3064363718639394432,,,NGC2548,124.31708718126714,-5.920215254407183,1.9435883,16.743769,0.172531296491314,,,,,,,,,,,,False,False
3064367017174361216,,,NGC2548,123.9186876118854,-6.029830308079351,0.9157257,14.023394,0.1586469646486039,,,,,,,,,,,,False,False
3064369972111871488,,,NGC2548,123.81268076959266,-6.031746453814605,0.954587,14.156708,0.1610948962902849,,,,,,,,,,,,False,False
3064370556227416320,,,NGC2548,123.86391995625104,-5.977414335323794,0.79286194,13.466726,0.1567343935921885,,,,,,,,,,,,False,False
3064373201927258112,,,NGC2548,123.88986960197704,-5.901679763002864,0.97826004,14.262597,0.160666848475675,,,,,,,,,,,,False,False
3064373476805167488,,,NGC2548,123.86715250122944,-5.887525912626525,1.5767183,15.881991,0.1722437411772134,,,,,,,,,,,,False,False
3064375710188129280,,,NGC2548,124.05680915271935,-5.880873041623479,0.7590656,13.189338,0.1855124054653562,,,,,,,,,,,,False,False
3064401956731724928,,,NGC2548,124.2092049702508,-5.738143104686601,0.5928869,12.274266,0.3392787557371467,,,,,,,,,,,,False,False
3064404984685176320,,,NGC2548,124.1820078955139,-5.7258541815518775,2.079893,16.167856,0.1953052607557157,,,,,,,,,,,,False,False
3064406977549985152,,,NGC2548,124.20530384104327,-5.620303423995019,0.8415966,13.629056,0.1655359341082581,,,,,,,,,,,,False,False
3064416598276628096,,,NGC2548,124.5210247802754,-5.45376372311143,1.0443602,14.459845,0.1643521755123848,,,,,,,,,,,,False,False
3064425531810361472,,,NGC2548,123.08501403987164,-6.357666423409246,1.1541042,14.959108,0.1607592372592414,,,,,,,,,,,,False,False
3064429100926591488,,,NGC2548,123.31969781963272,-6.338243967738788,0.7200823,13.13234,0.1476750101655467,,,,,,,,,,,,False,False
3064431922721647616,,,NGC2548,123.18522068833111,-6.288100738584332,0.92412376,14.057894,0.1588516417813148,,,,,,,,,,,,False,False
3064434259183821952,,,NGC2548,123.28860393779227,-6.187610585656868,0.9787264,14.311066,0.1580208465734265,,,,,,,,,,,,False,False
3064441337290118400,,,NGC2548,122.7713306894008,-6.287129992151212,1.056138,14.599544,0.1598118136931659,,,,,,,,,,,,False,False
3064444154788239104,,,NGC2548,122.90226132728289,-6.157637211872382,1.51229,15.9040785,0.1672175230521482,,,,,,,,,,,,False,False
3064445288659890432,,,NGC2548,123.07461259382066,-6.210139204795366,0.8719082,14.014152,0.1447613275484605,,,,,,,,,,,,False,False
3064445460458567168,,,NGC2548,123.10694876329728,-6.182582968859273,1.0431538,14.620888,0.1566323088470368,,,,,,,,,,,,False,False
3064446010214414464,,,NGC2548,123.00960052075652,-6.188910870837174,0.18927383,11.123382,0.053990787428241,138.64604,57.314457,0.4133869023594183,,,,,,,,,True,False
3064447728201269888,,,NGC2548,123.17249911873893,-6.097398067535131,1.3965483,15.455846,0.1705107349437404,,,,,,,,,,,,False,False
3064449343108710912,,,NGC2548,122.94461153451414,-6.152364408265223,0.5332241,12.187479,0.1337465033424898,,,,,,,,,,,,False,False
3064451026735854336,,,NGC2548,122.95978915635528,-6.05973723226038,0.90897655,14.098394,0.1515519443759073,,,,,,,,,,,,False,False
3064451026735854464,,,NGC2548,122.9571359697283,-6.055907433370064,1.2312813,15.04464,0.1674098148301625,,,,,,,,,,,,False,False
3064451542131899008,,,NGC2548,123.03633630631144,-6.071302431846774,0.6173992,12.578733,0.1385673319621623,,,,,,,,,,,,False,False
3064455768380006144,,,NGC2548,123.46855868573935,-6.169879411751732,0.53687,12.116192,0.2211248198556905,,,,,,,,,,,,False,False
3064456416918560256,,,NGC2548,123.52957690679663,-6.115729673867234,0.39723969,11.605365,0.1814071602777759,225.12263,115.62806,0.5136225531835694,,,,,,,,,True,False
3064457520726649472,,,NGC2548,123.49050795994178,-6.086050623199922,0.6203327,12.541697,0.1977491372349542,,,,,,,,,,,,False,False
3064461231578657152,,,NGC2548,123.3310320403667,-6.060313107861573,0.99346447,14.394826,0.1570286060519435,,,,,,,,,,,,False,False
3064461472096580992,,,NGC2548,123.35186151395482,-6.031382279712904,0.8009653,13.579685,0.1473888017812749,,,,,,,,,,,,False,False
3064461850053696896,,,NGC2548,123.37078670800746,-6.014177162039853,0.58515453,12.068295,0.4360513174024116,,,,,,,,,,,,False,False
3064461953132905856,,,NGC2548,123.4031536831326,-6.001349189984324,1.0214567,14.027498,0.1929343553488599,,,,,,,,,,,,False,False
3064462090571837952,,,NGC2548,123.58491989846644,-6.10837052382576,1.2708263,15.088894,0.1704581374283566,,,,,,,,,,,,False,False
3064462399809489664,,,NGC2548,123.54514980805416,-6.096930033595089,1.3856058,15.41468,0.1708378358512751,,,,,,,,,,,,False,False
3064462983925025792,,,NGC2548,123.5966548837362,-6.045113990820846,0.6901207,12.802541,0.2526163486281782,,,,,,,,,,,,False,False
3064463013986699136,,,NGC2548,123.61716034792188,-6.0462672690897366,0.23654461,10.643604,0.1767439339888977,296.12048,76.748344,0.25917945290376404,,,,,,,,,True,False
3064464014717177984,,,NGC2548,123.57266713462938,-6.017834639348273,1.3109264,15.2512455,0.1689605749251742,,,,,,,,,,,,False,False
3064464152156124672,,,NGC2548,123.58584407797056,-5.989291038672509,1.362958,15.298713,0.1726374640919504,,,,,,,,,,,,False,False
3064464736271665024,,,NGC2548,123.64980999816358,-6.002162979971143,1.0640993,14.582183,0.1620209713516885,,,,,,,,,,,,False,False
3064466145020928640,,,NGC2548,123.68518417237976,-5.923882557071447,0.47987843,11.997645,0.1265925845862608,44.531487,31.542685,0.7083231916329226,,,,,,,,,True,False
3064467102797079680,,,NGC2548,123.53774434652956,-5.990616121632577,0.70059204,12.994943,0.1591866727904277,,,,,,,,,,,,False,False
3064467210172846080,,,NGC2548,123.54813587768923,-5.979329343893598,0.90516376,13.960592,0.1598772721658211,,,,,,,,,,,,False,False
3064467240236046208,,,NGC2548,123.55340599109124,-5.9772382506326585,2.111702,16.944239,0.1756520006967883,,,,,,,,,,,,False,False
3064467656849730688,,,NGC2548,123.44885529292952,-5.98580121947448,0.7421274,13.212672,0.1570288566639686,,,,,,,,,,,,False,False
3064468236668444928,,,NGC2548,123.51001752373786,-5.946337423387565,0.09759712,10.492665,0.044265849863619,,,,,,,,,,,,False,True
3064468271028183168,,,NGC2548,123.52250810993142,-5.942305909186135,0.12592602,10.765201,0.048482690054047,70.528625,22.243528,0.31538298102366236,,,,,,,,,True,False
3064468550202644224,,,NGC2548,123.50348205020757,-5.926201972211612,1.6839752,16.224306,0.1704967198313912,,,,,,,,,,,,False,False
3064468752064538496,,,NGC2548,123.57219621378024,-5.953197521831534,1.2473688,15.173039,0.1647563273349487,,,,,,,,,,,,False,False
3064469026942450560,,,NGC2548,123.54865101516256,-5.93125295742692,0.9507179,14.185511,0.1581819791728851,,,,,,,,,,,,False,False
3064469370539809536,,,NGC2548,123.6532338146917,-5.900796989557182,0.83222485,13.642834,0.1584889529088336,,,,,,,,,,,,False,False
3064469546635036160,,,NGC2548,123.58659822898932,-5.902274791763436,0.921855,14.11388,0.154442702618332,,,,,,,,,,,,False,False
3064471024103869184,,,NGC2548,123.26083286565644,-6.08739284062323,1.3179054,15.320263,0.1673756010307519,,,,,,,,,,,,False,False
3064471161542831744,,,NGC2548,123.21224937108802,-6.098214920201452,0.8681097,13.874979,0.1527983885555656,,,,,,,,,,,,False,False
3064472295414411008,,,NGC2548,123.148181173218,-6.059678817820984,1.1642685,14.915922,0.1636665941588523,,,,,,,,,,,,False,False
3064472604651834752,,,NGC2548,123.217413683155,-6.025324796442624,0.8460827,13.78542,0.150911237724435,,,,,,,,,,,,False,False
3064473223127104000,,,NGC2548,123.33578438350736,-6.017634708026441,0.74342537,13.11962,0.1875007389485531,,,,,,,,,,,,False,False
3064473394925806720,,,NGC2548,123.27439959658142,-6.015532255461621,1.5454855,15.584708,0.1791243295739515,,,,,,,,,,,,False,False
3064474283981526144,,,NGC2548,123.2822783652786,-5.988691391911801,0.6656761,12.877577,0.1240621170596084,,,,,,,,,,,,False,False
3064474455780216576,,,NGC2548,123.26136793045968,-5.983093900097847,0.38039875,11.671049,0.1181187628457789,,,,,,,,,,,,False,False
3064475009833494912,,,NGC2548,123.30761568141575,-5.943943684728962,0.116734505,10.549385,0.0596409089644173,231.52063,86.39749,0.3731740450084297,,,,,,,,,True,False
3064475284711045888,,,NGC2548,123.14822418967,-6.032284659891225,1.4954615,15.703862,0.1712716849852819,,,,,,,,,,,,False,False
3064475971905771264,,,NGC2548,123.212584297691,-5.982128964641912,0.63553905,12.718701,0.106512967976402,,,,,,,,,,,,False,False
3064476178064216960,,,NGC2548,123.16427612864727,-5.971962033486879,1.700077,15.151958,0.2164029148614201,,,,,,,,,,,,False,False
3064476899618732800,,,NGC2548,123.13964646319012,-5.970285160710076,0.65979576,12.889314,0.1024237159675941,,,,,,,,,,,,False,False
3064478441509854976,,,NGC2548,123.27066920468314,-5.884665815857439,0.1200819,9.863494,0.0746320781185077,214.74913,14.288034,0.06653360598014996,,,,,,,,,True,True
3064478583245881600,,,NGC2548,123.1887117863874,-5.929728887401321,0.71021366,13.073559,0.1490653572672128,,,,,,,,,,,,False,False
3064479545318520320,,,NGC2548,123.23464478086456,-5.845840174570037,0.9014435,14.035447,0.1531447546267709,,,,,,,,,,,,False,False
3064479751477376512,,,NGC2548,123.39425729098026,-5.95490672930959,1.5702553,15.811567,0.1737645825298511,,,,,,,,,,,,False,False
3064480369952647552,,,NGC2548,123.46715945609192,-5.90568004100745,0.20903969,10.459111,0.1564197727695214,290.21164,59.529808,0.20512550082415718,,,,,,,,,True,True
3064480537453897728,,,NGC2548,123.41773019801744,-5.905182017475568,0.3476019,11.479138,0.1515273096967596,296.64966,92.293076,0.31111809128653645,,,,,,,,,True,False
3064480850989006080,,,NGC2548,123.35519498317755,-5.910263312532703,1.1011038,14.45911,0.1759184630285162,,,,,,,,,,,,False,False
3064481400744808704,,,NGC2548,123.39761727913483,-5.883936948415005,1.0857658,8.758726,0.6933140760946185,12.145205,0.5776719,0.04756378340258563,,,,,,,,,True,False
3064481774404925952,,,NGC2548,123.38506954440008,-5.853186371803792,1.1570644,14.895065,0.1634769871212621,,,,,,,,,,,,False,False
3064481778701463680,,,NGC2548,123.39228474933398,-5.846939203923038,1.3722792,15.421786,0.1693657945805852,,,,,,,,,,,,False,False
3064481916140872192,,,NGC2548,123.46548159512383,-5.884500352772004,0.71763897,12.979956,0.2030941097131198,,,,,,,,,,,,False,False
3064481950500604160,,,NGC2548,123.48606682054002,-5.869901596590482,1.8281422,16.352238,0.1755004066096854,,,,,,,,,,,,False,False
3064482019220073984,,,NGC2548,123.51940415454362,-5.874368651983563,0.80426025,13.501079,0.1598508345570511,,,,,,,,,,,,False,False
3064482259738248576,,,NGC2548,123.48243511819616,-5.857701998630917,0.27181053,11.400858,0.069971577478569,49.443954,26.643381,0.5388602416384418,,,,,,,,,True,False
3064483015652037120,,,NGC2548,123.42234638109778,-5.848923863602254,0.12936687,10.900227,0.0324970350733281,35.928143,15.379772,0.4280703291567282,,,,,,,,,True,False
3064483290529942016,,,NGC2548,123.41424558590688,-5.826679900311414,1.1096144,13.2996025,0.5219707851453982,,,,,,,,,,,,False,False
3064483427968886016,,,NGC2548,123.43989396611865,-5.811718292760357,0.84743595,13.745822,0.155207992537671,,,,,,,,,,,,False,False
3064483427968888064,,,NGC2548,123.43426766059792,-5.813579271948304,0.05986309,9.112294,-0.0044265681385333,15.297222,3.828429,0.2502695587473333,,,,,,,,,True,True
3064483458032174976,,,NGC2548,123.44471909224016,-5.80818835337593,1.1357765,14.839336,0.1626316281102538,,,,,,,,,,,,False,False
3064483599767567488,,,NGC2548,123.48262550926869,-5.804772412317329,0.31955814,11.460622,0.1161923772306307,150.92688,59.989285,0.39747250456644967,,,,,,,,,True,False
3064483668487041408,,,NGC2548,123.52238808183274,-5.786995792612929,1.0596809,14.018973,0.2065684378115173,,,,,,,,,,,,False,False
3064483732910444544,,,NGC2548,123.50815784085007,-5.780848703354462,0.68020153,11.884241,0.7501004647660426,38.62353,98.401474,2.5477079386581183,,,,,,,,,True,False
3064483874645474048,,,NGC2548,123.4704709295408,-5.780825218416818,1.2725687,15.205876,0.1664230142570589,,,,,,,,,,,,False,False
3064484286962384128,,,NGC2548,123.33135834945136,-5.855489041225626,1.2027769,15.069375,0.1630809485706376,,,,,,,,,,,,False,False
3064484630559755904,,,NGC2548,123.36633542902092,-5.850341444308412,1.1942453,14.965455,0.1657534465170125,,,,,,,,,,,,False,False
3064484871077933312,,,NGC2548,123.3306596974585,-5.837734817842719,1.5747805,15.8891,0.1719162058560135,,,,,,,,,,,,False,False
3064484974157145856,,,NGC2548,123.32624981820086,-5.818517531537601,1.0104218,14.406455,0.1600936667461809,,,,,,,,,,,,False,False
3064485455193508736,,,NGC2548,123.25406663230724,-5.823395031489254,1.130929,14.834922,0.1621039836886774,,,,,,,,,,,,False,False
3064485867510333440,,,NGC2548,123.34416679824773,-5.799046906438051,1.1693621,14.892894,0.1652527342917352,,,,,,,,,,,,False,False
3064486417266120960,,,NGC2548,123.43208427425516,-5.784948790706568,0.6705599,12.802226,0.1840731944740307,,,,,,,,,,,,False,False
3064486451625864832,,,NGC2548,123.41519300159226,-5.787458433597089,0.19723606,9.663521,0.128930286752202,211.725,13.119729,0.06196589443854056,,,,,,,,,True,True
3064486485985600896,,,NGC2548,123.4207675164734,-5.782479613271397,0.22871113,10.828884,0.1524632909428284,294.05643,49.227734,0.16740913980354044,,,,,,,,,True,False
3064486657784299008,,,NGC2548,123.39259015015448,-5.780473179217426,1.7652836,16.148304,0.1771680743593574,,,,,,,,,,,,False,False
3064486692144033152,,,NGC2548,123.41108260472552,-5.780016400422403,1.1948366,14.991811,0.1648397232518747,,,,,,,,,,,,False,False
3064486726503776768,,,NGC2548,123.38425795075422,-5.770942728551456,1.4906683,15.68732,0.1713782385839675,,,,,,,,,,,,False,False
3064486795223240832,,,NGC2548,123.44830165135971,-5.784540651748285,1.059145,14.367963,0.1730130945489568,,,,,,,,,,,,False,False
3064486863942718208,,,NGC2548,123.43008610329476,-5.764883910749224,0.10320759,10.528302,0.0474604855059791,,,,,,,,,,,,False,False
3064486894006374144,,,NGC2548,123.44873564241486,-5.766876026190453,0.31050396,11.489864,0.0902923445769717,55.763226,16.647478,0.2985386462397279,,,,,,,,,True,False
3064487001381668224,,,NGC2548,123.44644357046256,-5.755442626337003,0.8746557,13.8737135,0.1555137021761127,,,,,,,,,,,,False,False
3064487035741401984,,,NGC2548,123.46923064112411,-5.740258872331619,0.32509804,11.391712,0.1488345288033137,12.2576475,11.348013,0.9257904504106519,,,,,,,,,True,False
3064487207540097920,,,NGC2548,123.44436988482266,-5.747903682036514,0.08986187,9.177788,0.0230308386140947,,,,,,,,,,,,False,True
3064487237603828096,,,NGC2548,123.45682906712923,-5.729566644806501,1.9072933,16.494894,0.1762004975182232,,,,,,,,,,,,False,False
3064487581200870272,,,NGC2548,123.38528273966936,-5.744703239663682,1.1442318,14.862844,0.1629258434458166,,,,,,,,,,,,False,False
3064487654216721920,,,NGC2548,123.34670398265492,-5.756441647691803,0.07176018,9.745138,0.0345226883878803,,,,,,,,,,,,False,True
3064487757295932160,,,NGC2548,123.35160220171936,-5.7414454860547774,0.45118332,11.7729225,0.2072402906865295,,,,,,,,,,,,False,False
3064487894734871168,,,NGC2548,123.40582547075992,-5.747646580292004,1.0310583,14.47994,0.1606460303887121,,,,,,,,,,,,False,False
3064488135253031936,,,NGC2548,123.4183196250787,-5.7055967534925145,0.14391899,10.051832,0.0974406517208153,141.33815,20.99326,0.1485321549772655,,,,,,,,,True,True
3064488375771204992,,,NGC2548,123.39686790143456,-5.697965296025058,1.1350565,14.8290615,0.1629302069727037,,,,,,,,,,,,False,False
3064489200405313408,,,NGC2548,122.759090362003,-6.205632077353759,2.0102406,16.876446,0.1728089077417458,,,,,,,,,,,,False,False
3064489750161165056,,,NGC2548,122.65819588272714,-6.202838984985953,1.0778818,14.709022,0.1589359499065926,,,,,,,,,,,,False,False
3064500470399319552,,,NGC2548,122.99979615962891,-5.9594345595921565,0.566802,12.420903,0.0161390373504267,,,,,,,,,,,,False,False
3064500951435695360,,,NGC2548,122.91814604777028,-5.968710963513934,0.5861597,12.41243,0.1468293003606413,,,,,,,,,,,,False,False
3064501191953839104,,,NGC2548,122.95846617780452,-5.942676174528888,0.3087082,11.46764,0.097031247762091,166.73166,126.530106,0.7588847013218725,,,,,,,,,True,False
3064505418201701504,,,NGC2548,122.82440875876767,-5.885623901339553,1.2013798,14.327927,0.2088216997499508,,,,,,,,,,,,False,False
3064515348166164224,,,NGC2548,122.68651231886264,-5.915382374585787,0.6622753,12.885972,0.1107132128262007,,,,,,,,,,,,False,False
3064517169232230016,,,NGC2548,122.8032815551168,-5.871207339738474,1.2889214,15.264669,0.1662197264180704,,,,,,,,,,,,False,False
3064519127737289344,,,NGC2548,122.79841885386932,-5.775178406063086,1.3811865,15.487523,0.1681483827683388,,,,,,,,,,,,False,False
3064524934533011200,,,NGC2548,123.0150354802185,-5.903074926151459,1.9127674,16.585295,0.1744185209509965,,,,,,,,,,,,False,False
3064525656087498240,,,NGC2548,123.02257306548243,-5.857168796727127,1.0353909,14.533323,0.1589640326352114,,,,,,,,,,,,False,False
3064526721239326720,,,NGC2548,123.14442168547669,-5.827754943346409,0.5937424,12.311351,0.3092227125806878,,,,,,,,,,,,False,False
3064527614593173760,,,NGC2548,123.15528017890573,-5.797877285992987,1.0074282,14.42197,0.158670764237917,,,,,,,,,,,,False,False
3064527889470422144,,,NGC2548,123.137539904365,-5.779696702290565,0.9018326,13.971167,0.1578646297645377,,,,,,,,,,,,False,False
3064527889470427136,,,NGC2548,123.13194245636012,-5.787685005787558,1.779005,16.31089,0.1738224026744573,,,,,,,,,,,,False,False
3064527889470427904,,,NGC2548,123.1282653717291,-5.784927819103793,1.8787346,16.540056,0.1737615003002957,,,,,,,,,,,,False,False
3064529779256118656,,,NGC2548,122.95238112299312,-5.79731025862557,0.69169044,12.957732,0.1553408344759757,,,,,,,,,,,,False,False
3064530500810593792,,,NGC2548,123.01873219729414,-5.803001824706547,1.3101044,15.330124,0.1662882768262626,,,,,,,,,,,,False,False
3064530810048196352,,,NGC2548,123.09766751723548,-5.768659133870015,0.5544281,12.265709,0.1453546414624658,,,,,,,,,,,,False,False
3064532493675347072,,,NGC2548,123.20916801401276,-5.812058018421984,1.5667639,15.865848,0.1719873929906268,,,,,,,,,,,,False,False
3064532695537263360,,,NGC2548,123.20101308554187,-5.805692161455962,1.1997261,14.507111,0.1920376237189087,,,,,,,,,,,,False,False
3064533039134680832,,,NGC2548,123.25591789533296,-5.780756458611037,1.1211071,14.758717,0.1637124386420854,,,,,,,,,,,,False,False
3064533180870078976,,,NGC2548,123.2724124511619,-5.750169594389699,0.08612728,9.429514,0.036625045364757,83.92938,11.576883,0.1379360004804039,,,,,,,,,True,True
3064534039863566336,G10095977546199,93709123.0,NGC2548,123.17592300848008,-5.724418961473082,0.7822304,12.626815,0.9587383032497664,,,,6022.3,26.95,4.331,0.039,0.046,0.023,-3.97181,0.10726,False,False
3064534623979076864,,,NGC2548,123.31075812986394,-5.744325042225801,0.86480236,13.879501,0.1511295559375406,,,,,,,,,,,,False,False
3064535105015410944,,,NGC2548,123.29745084548688,-5.700924522791615,0.8802452,13.94627,0.1520171772672,,,,,,,,,,,,False,False
3064535276814086912,,,NGC2548,123.34629889982688,-5.688124304148918,0.96132565,13.350586,0.3372251051765812,,,,,,,,,,,,False,False
3064535448612783232,,,NGC2548,123.32771071744077,-5.688954864828816,1.4332447,15.629372,0.168458690799372,,,,,,,,,,,,False,False
3064536028431334016,,,NGC2548,123.25756248792082,-5.675354899793636,0.6964092,12.981731,0.1556773894223723,,,,,,,,,,,,False,False
3064536135807562496,,,NGC2548,123.27022904039552,-5.663969559878116,1.2789621,15.16529,0.1685332663249218,,,,,,,,,,,,False,False
3064536268950231808,,,NGC2548,123.3157088558346,-5.671786058654666,2.0057468,16.687128,0.1765197322196014,,,,,,,,,,,,False,False
3064536341965986176,,,NGC2548,123.2990314859705,-5.665896042732179,1.354414,15.399555,0.1683952239736624,,,,,,,,,,,,False,False
3064536479404927104,,,NGC2548,123.32511272909773,-5.640664747630291,0.14133453,8.581821,-0.0190695782350405,,,,,,,,,,,,False,False
3064536612546883840,,,NGC2548,123.28563012334766,-5.643255169659641,0.09159279,9.152368,0.0221459195793566,138.42549,21.839586,0.15777141912230183,,,,,,,,,True,True
3064536857362125696,,,NGC2548,123.14139763469277,-5.74055210785561,0.6663418,12.838819,0.1460657904260078,,,,,,,,,,,,False,False
3064537437180609920,,,NGC2548,123.16227721227018,-5.697774514885362,0.29787445,11.44779,0.0889935029164422,29.061926,19.816816,0.6818824051785143,,,,,,,,,True,False
3064537647636773760,,,NGC2548,123.15516544205585,-5.680837059668195,1.1034822,8.525763,0.6638323379988731,8.975732,1.3711758,0.15276478843174016,,,,,,,,,True,False
3064537888154245888,,,NGC2548,123.17459481446232,-5.647285697604259,1.0106392,14.447742,0.1580811190467262,,,,,,,,,,,,False,False
3064538094312697344,,,NGC2548,123.1327375210904,-5.678738825759114,1.363019,15.417048,0.1686529066562092,,,,,,,,,,,,False,False
3064538197391935232,,,NGC2548,123.07323028260282,-5.68924967427808,0.7687254,13.381624,0.1506351247525179,,,,,,,,,,,,False,False
3064538437910089088,,,NGC2548,123.08861935312414,-5.653919479375752,0.7786007,13.452267,0.1479612262933335,,,,,,,,,,,,False,False
3064539503061934208,,,NGC2548,123.20996342861916,-5.630430547041498,1.0611458,14.499801,0.1655608046415517,,,,,,,,,,,,False,False
3064540362055388160,,,NGC2548,123.19899352593974,-5.589634566051846,1.3858242,15.411106,0.1709761025030495,,,,,,,,,,,,False,False
3064540465134622720,,,NGC2548,123.1451013194068,-5.599925232713226,0.8577471,13.091635,0.3885045809790299,,,,,,,,,,,,False,False
3064540529557052416,,,NGC2548,123.17978630746111,-5.58852694586863,0.33806992,11.543557,0.1097352695334124,,,,,,,,,,,,False,False
3064540602573566336,,,NGC2548,123.16731323869917,-5.587773119902747,0.6495056,12.708221,0.1760380303430288,,,,,,,,,,,,False,False
3064540911811182848,,,NGC2548,123.24474057892964,-5.555340518613222,0.92515373,13.914603,0.1713641566862634,,,,,,,,,,,,False,False
3064541186689093632,,,NGC2548,123.22332116854976,-5.539908189851508,0.5883522,12.353589,0.2319930228285343,,,,,,,,,,,,False,False
3064541358487979648,,,NGC2548,122.89157219966047,-5.798806961510079,1.7059574,16.212294,0.1720456019366044,,,,,,,,,,,,False,False
3064541908243763968,,,NGC2548,122.92690835732904,-5.763006154770448,1.6173153,15.920778,0.1739717252228112,,,,,,,,,,,,False,False
3064542629796185472,,,NGC2548,122.82104312970029,-5.759277363959071,1.2592697,15.214436,0.1647079454163663,,,,,,,,,,,,False,False
3064544725742284800,,,NGC2548,122.92694565352416,-5.68217058374756,1.1095209,14.694152,0.1646882491810122,,,,,,,,,,,,False,False
3064545000619984256,,,NGC2548,122.91036519575988,-5.661598551428148,0.79998875,13.577947,0.146976980404719,,,,,,,,,,,,False,False
3064545138059127680,,,NGC2548,122.94394772247443,-5.655756183544682,1.6239243,16.047607,0.1710738968072698,,,,,,,,,,,,False,False
3064545997052413696,,,NGC2548,122.76451878693676,-5.710241675757216,1.2485437,15.221253,0.1633425534348961,,,,,,,,,,,,False,False
3064547234003262336,,,NGC2548,122.74599920876642,-5.653207505382,0.9669733,14.305656,0.1555217462635813,,,,,,,,,,,,False,False
3064548058636699264,,,NGC2548,122.8923144896353,-5.63914394401207,1.916235,16.665543,0.1728772388929018,,,,,,,,,,,,False,False
3064549501745707264,,,NGC2548,122.88235439086594,-5.582222381410112,0.7383652,13.249169,0.1442720834223221,,,,,,,,,,,,False,False
3064550326379579520,,,NGC2548,123.03693408781425,-5.635265410754577,0.8296604,12.920475,0.5281743896855275,,,,,,,,,,,,False,False
3064551288452245376,,,NGC2548,123.04009119101786,-5.60746690104544,1.5471087,15.782746,0.1729029228783269,,,,,,,,,,,,False,False
3064551872567634176,,,NGC2548,123.05647624874108,-5.562761201495765,0.119880676,10.210783,0.0761645743553558,236.46205,25.315107,0.10705780060690501,,,,,,,,,True,True
3064552314947311744,,,NGC2548,123.1385243060107,-5.576800876830878,0.38806534,11.52678,0.1971634874628897,209.25436,101.9073,0.487002039049509,,,,,,,,,True,False
3064552628481999360,,,NGC2548,123.13319323104945,-5.551994226976915,0.9029398,13.935607,0.1611392925633757,,,,,,,,,,,,False,False
3064552692905289472,,,NGC2548,123.11678070512308,-5.549138514873508,1.7846069,16.347834,0.1732591708662273,,,,,,,,,,,,False,False
3064554002871392640,,,NGC2548,123.1511475144823,-5.503624372153098,1.2097511,15.053593,0.1644654016509806,,,,,,,,,,,,False,False
3064554380828514176,,,NGC2548,123.13147396142864,-5.4580674195539,0.6993561,12.980073,0.1628493539996908,,,,,,,,,,,,False,False
3064554449548023296,,,NGC2548,122.97339132745697,-5.590670850516435,1.2219849,15.147865,0.1627348644910677,,,,,,,,,,,,False,False
3064555274181737856,,,NGC2548,122.99246960741888,-5.53550323721013,0.77494144,13.252777,0.1855999326702959,,,,,,,,,,,,False,False
3064555549059653760,,,NGC2548,122.92962956288386,-5.552589919650989,0.9255438,14.114689,0.1554787932647725,,,,,,,,,,,,False,False
3064556236254409088,,,NGC2548,122.98337157367688,-5.490313388753895,0.22058582,11.217017,0.0656342972102593,42.167225,22.899355,0.5430605167876236,,,,,,,,,True,False
3064557163967330432,,,NGC2548,123.0850437094514,-5.48495199273421,0.10849953,10.08018,0.066977718150768,11.02316,4.9696517,0.45083730073771944,,,,,,,,,True,True
3064558366555647616,,,NGC2548,123.05406275136752,-5.426341269442305,0.18489361,10.835956,0.1035698098938286,214.5536,60.180256,0.2804905440878177,,,,,,,,,True,False
3064560153264690176,,,NGC2548,123.7311118407696,-5.892292501671285,1.0600796,14.562387,0.1622177665812363,,,,,,,,,,,,False,False
3064561695155356160,,,NGC2548,123.89750948904054,-5.837609959478235,1.79743,16.410223,0.1725205647295303,,,,,,,,,,,,False,False
3064562180489242624,,,NGC2548,123.78279110488468,-5.846504365289655,0.786643,13.509829,0.1462313548186839,,,,,,,,,,,,False,False
3064563486159339136,,,NGC2548,123.64401738301706,-5.8770635317029,0.9280691,14.044814,0.1610603693055263,,,,,,,,,,,,False,False
3064563623597151104,,,NGC2548,123.66321364513344,-5.863176882779793,0.1301775,10.757625,0.0539833066284419,,,,,,,,,,,,False,False
3064565685182557952,,,NGC2548,123.73727396373172,-5.799571065350009,0.61164665,12.536703,0.1518491861296748,,,,,,,,,,,,False,False
3064565891340985984,,,NGC2548,123.73738613567524,-5.7720991545244,1.0970049,14.699334,0.1624247505531912,,,,,,,,,,,,False,False
3064566578535759104,,,NGC2548,123.69595957725458,-5.779248503298085,0.34247303,11.549147,0.1143285166055536,62.414433,41.974556,0.6725136155606829,,,,,,,,,True,False
3064566853413667712,,,NGC2548,123.66870562487507,-5.757064656432025,0.34723282,11.393868,0.1794632951844927,201.56432,110.46026,0.5480149462960509,,,,,,,,,True,False
3064567540608421376,,,NGC2548,123.7390131799378,-5.695274040484442,0.85468006,13.1996355,0.3057044738806561,,,,,,,,,,,,False,False
3064571491978298112,,,NGC2548,124.02097712332233,-5.655004522118217,0.13759232,10.82313,0.0535000220982895,106.447395,68.214745,0.6408305717580031,,,,,,,,,True,False
3064571869935420288,,,NGC2548,124.00526095260976,-5.634007978242474,0.2711296,11.377514,0.0779886241566047,116.15512,51.992603,0.4476135274966786,,,,,,,,,True,False
3064573381763938816,,,NGC2548,123.77440039640176,-5.6844050545180576,1.1667376,14.811034,0.1683192562972466,,,,,,,,,,,,False,False
3064576847800717312,,,NGC2548,123.57821844858636,-5.776278917338743,0.46421337,11.9591055,0.1124108893607428,89.58483,36.70133,0.40968242056160625,,,,,,,,,True,False
3064577264414415488,,,NGC2548,123.60528013001296,-5.75736393668732,0.2290678,11.243859,0.0680165945251403,62.41154,27.883125,0.4467623295307246,,,,,,,,,True,False
3064577504932429184,,,NGC2548,123.53437165517612,-5.781780413145628,1.4530001,15.622487,0.1702644496828393,,,,,,,,,,,,False,False
3064577504932431488,,,NGC2548,123.52210849182082,-5.784515942215593,0.81956387,13.655491,0.1500528297630989,,,,,,,,,,,,False,False
3064577603714961152,,,NGC2548,123.52763446749172,-5.767251207982515,0.44225693,11.873248,0.1213090338688425,,,,,,,,,,,,False,False
3064577642371373440,,,NGC2548,123.55708893680732,-5.762727135293274,1.1370668,14.826744,0.1633141030034,,,,,,,,,,,,False,False
3064577951609017216,,,NGC2548,123.53993150271764,-5.72799503778745,1.0612335,14.497026,0.1657256817339011,,,,,,,,,,,,False,False
3064578020328494976,,,NGC2548,123.53664828866688,-5.728197415801917,0.9627514,13.338296,0.3454381179086067,,,,,,,,,,,,False,False
3064578260846644736,,,NGC2548,123.59383708204832,-5.716073436813031,1.358181,15.388508,0.169103697068922,,,,,,,,,,,,False,False
3064578260846646272,,,NGC2548,123.5924758076384,-5.718154732728046,1.2388868,15.101134,0.1662516520872965,,,,,,,,,,,,False,False
3064578295206380800,,,NGC2548,123.5947872301098,-5.705147638533063,0.3430643,11.410139,0.1685017961973565,250.01057,57.90733,0.2316195271263931,,,,,,,,,True,False
3064578398285614336,,,NGC2548,123.5345669064309,-5.713230175328655,0.2325306,11.255501,0.0687261274419965,51.128643,35.656006,0.6973782973273904,,,,,,,,,True,False
3064578398285614720,,,NGC2548,123.53798747427628,-5.718658252577713,1.3531837,15.38011,0.1688970354448142,,,,,,,,,,,,False,False
3064578570084290176,G10096249493141,93709061.0,NGC2548,123.57841135037845,-5.692466143306666,0.76227856,12.638587,0.8271633800187665,,,,6090.82,27.27,4.439,0.039,-0.034,0.024,-4.38704,,False,False
3064579325998680448,,,NGC2548,123.73487883424248,-5.675807214122698,0.27429962,11.141295,0.1515504824015142,250.0587,86.16103,0.3445632165567525,,,,,,,,,True,False
3064579360358421888,,,NGC2548,123.71423196777867,-5.680353070321997,1.5055695,15.6695175,0.1730825796136002,,,,,,,,,,,,False,False
3064579703955646976,,,NGC2548,123.617184461722,-5.704481667298743,1.1772966,8.52768,0.71741426676655,8.644752,1.1126895,0.12871271495122127,,,,,,,,,True,False
3064580116272502912,,,NGC2548,123.61435479936848,-5.669417707114196,1.3909979,15.423594,0.1710469851338909,,,,,,,,,,,,False,False
3064580184991981184,,,NGC2548,123.60432404500106,-5.664849919168127,1.5668468,15.724014,0.1761621707300499,,,,,,,,,,,,False,False
3064581078345227264,,,NGC2548,123.45882737308192,-5.725844207416369,0.9727087,14.279226,0.1583329121757825,,,,,,,,,,,,False,False
3064581078345228160,,,NGC2548,123.45801568219473,-5.727112541186671,1.5896921,15.183862,0.2020283805959008,,,,,,,,,,,,False,False
3064581215784171392,,,NGC2548,123.49318946391654,-5.709278979719851,0.8259325,12.97087,0.4519020246893743,,,,,,,,,,,,False,False
3064581245847224448,,,NGC2548,123.49826347886288,-5.6974596846848575,0.2983141,11.505996,0.0639894891477813,67.380806,31.876242,0.47307599733965777,,,,,,,,,True,False
3064581383286178048,,,NGC2548,123.54112433986442,-5.702462379775604,0.49088383,12.035308,0.1277697450406086,45.36884,32.216362,0.710098869620647,,,,,,,,,True,False
3064581421942594048,,,NGC2548,123.5133139605172,-5.695704733819706,0.05538559,10.158598,0.0190762628999809,11.683813,7.2876697,0.6237407000608448,,,,,,,,,True,True
3064581834259447680,,,NGC2548,123.51967977204848,-5.667473186631632,1.5687017,15.824262,0.1732867284313253,,,,,,,,,,,,False,False
3064581971698426752,,,NGC2548,123.43077974119724,-5.6926858134077705,0.06052208,9.971392,0.0264753535183123,163.74141,15.470517,0.09448139600117038,,,,,,,,,True,True
3064582006058163968,,,NGC2548,123.43338271216372,-5.688855956677331,1.2800455,15.23072,0.1663973458807153,,,,,,,,,,,,False,False
3064582418375016320,,,NGC2548,123.44383559204084,-5.648138933233375,0.8105402,13.603749,0.1504985075163687,,,,,,,,,,,,False,False
3064582792035554560,,,NGC2548,123.45499070583246,-5.638439493150472,1.8009663,16.54274,0.1698993431308337,,,,,,,,,,,,False,False
3064582865051599104,,,NGC2548,123.48900217777152,-5.625721723777025,0.37120247,11.594474,0.1413139847824318,125.9781,81.37415,0.6459388576268416,,,,,,,,,True,False
3064583036850271232,,,NGC2548,123.5845152070636,-5.665949405877236,0.086398125,10.495895,0.0328680475698509,24.405327,10.337689,0.4235833021208853,,,,,,,,,True,True
3064583792764489984,,,NGC2548,123.63732618063965,-5.589195220201186,1.214077,15.003256,0.1668456867498184,,,,,,,,,,,,False,False
3064584514319024256,,,NGC2548,123.5322260103884,-5.60175735051877,0.9053354,13.767173,0.1800319836165643,,,,,,,,,,,,False,False
3064584819259987840,,,NGC2548,123.60516973585808,-5.564036086633006,0.6433048,12.708781,0.1480442266027716,,,,,,,,,,,,False,False
3064585029715085184,,,NGC2548,123.55152990644751,-5.548798975866394,0.9873457,14.31072,0.1600777749270267,,,,,,,,,,,,False,False
3064585510751392000,,,NGC2548,123.73452698983282,-5.640785523764476,0.68233013,12.753296,0.2711510630532035,,,,,,,,,,,,False,False
3064586541543538432,,,NGC2548,123.73191316253748,-5.5941078592694815,0.87545204,13.869504,0.1561871508458743,,,,,,,,,,,,False,False
3064586541543539584,,,NGC2548,123.72905765092425,-5.597405074964788,0.95771503,14.153111,0.1622164258142235,,,,,,,,,,,,False,False
3064587915933040000,,,NGC2548,123.83086352858936,-5.539282926682401,1.5193214,15.6943035,0.1734099109570653,,,,,,,,,,,,False,False
3064590286755010560,,,NGC2548,123.73515774007066,-5.536675958038417,0.7462101,13.169136,0.1745770924211808,,,,,,,,,,,,False,False
3064590561632921088,,,NGC2548,123.70609893642369,-5.512921521649862,0.8834858,13.18715,0.351456029076533,,,,,,,,,,,,False,False
3064591145748488960,,,NGC2548,123.62537811853458,-5.5107035980794405,1.2343044,15.059837,0.1672080973493698,,,,,,,,,,,,False,False
3064593512274042880,,,NGC2548,123.73830858257656,-5.43551714679614,1.219183,14.997417,0.1677159643610275,,,,,,,,,,,,False,False
3064595990471740160,,,NGC2548,124.07807748608028,-5.567361419810963,1.2948551,15.194954,0.1692217585370275,,,,,,,,,,,,False,False
3064598670531343872,,,NGC2548,123.99079968952518,-5.568972751492515,1.5705843,15.831754,0.1732086136730527,,,,,,,,,,,,False,False
3064599666963751936,,,NGC2548,124.00206744529328,-5.524043216769478,1.286128,15.222312,0.1673268562585799,,,,,,,,,,,,False,False
3064602175224400512,,,NGC2548,124.04173141618531,-5.432602593534048,1.1760015,14.902923,0.1657643485912091,,,,,,,,,,,,False,False
3064603274736249216,,,NGC2548,124.26498991813938,-5.471451318911846,1.9489632,16.63609,0.1750206257140575,,,,,,,,,,,,False,False
3064615919119742208,,,NGC2548,123.99295247430686,-5.322202254258209,1.4207525,15.563155,0.1693324999062293,,,,,,,,,,,,False,False
3064621034423452800,,,NGC2548,124.15342833002708,-5.312836809477486,0.5148659,11.903088,0.2978259991745951,42.43604,23.754326,0.5597677351609622,,,,,,,,,True,False
3064621107440193792,,,NGC2548,124.17275722766708,-5.302415969466329,0.9730797,14.223807,0.1617309437520364,,,,,,,,,,,,False,False
3064621107440193920,,,NGC2548,124.17191391544031,-5.3017126897554805,1.7454433,15.487888,0.2005492513691996,,,,,,,,,,,,False,False
3064625402407508224,,,NGC2548,124.04531158466796,-5.243742821128526,1.6326799,15.934083,0.1746424861946451,,,,,,,,,,,,False,False
3064629388137370752,,,NGC2548,123.41509319370786,-5.643107437683599,1.0275135,14.461405,0.160854121367933,,,,,,,,,,,,False,False
3064629491216768384,,,NGC2548,123.38537552091614,-5.647220235847039,1.6786642,15.935254,0.1777154644155505,,,,,,,,,,,,False,False
3064629589998912640,,,NGC2548,123.40182228102309,-5.6349154343162144,1.6857185,15.1507015,0.2148757500106707,,,,,,,,,,,,False,False
3064629972252905472,,,NGC2548,123.45707848367012,-5.596947122193599,1.2759533,15.228771,0.1660264869393649,,,,,,,,,,,,False,False
3064630139755052032,,,NGC2548,123.43834574335948,-5.595816242551058,1.4559994,15.568689,0.1721446882919,,,,,,,,,,,,False,False
3064630212771077120,,,NGC2548,123.4400237641142,-5.584261295901325,0.8586235,12.479217,1.7540655153135891,,,,,,,,,,,,False,False
3064630556368487424,,,NGC2548,123.33445759014704,-5.612683116773163,1.6216011,15.213751,0.2036976921576343,,,,,,,,,,,,False,False
3064630796886646784,,,NGC2548,123.35903823489122,-5.574624969719429,0.73946,13.106472,0.1862404969443888,,,,,,,,,,,,False,False
3064631552800848896,,,NGC2548,123.51380035329396,-5.568866985201472,1.0551538,14.570832,0.1609217216816973,,,,,,,,,,,,False,False
3064632239995609984,,,NGC2548,123.512375464859,-5.529410467225463,0.84587574,13.271289,0.2588374983609941,,,,,,,,,,,,False,False
3064632613656242304,,,NGC2548,123.46194238607812,-5.537772773135589,1.5575848,15.849695,0.171780308991641,,,,,,,,,,,,False,False
3064632721031958656,,,NGC2548,123.46369422782864,-5.517927525033594,2.075676,16.131735,0.1963985484422028,,,,,,,,,,,,False,False
3064633957982586368,,,NGC2548,123.2961464369621,-5.556987864891011,0.823616,13.668636,0.1508960803974923,,,,,,,,,,,,False,False
3064634331642798976,,,NGC2548,123.36578088356022,-5.530591670778155,0.48588085,12.033455,0.1124683059400132,57.93124,19.709631,0.3402245662271341,,,,,,,,,True,False
3064634473378653440,,,NGC2548,123.32426030455323,-5.530182481196041,0.24316978,11.120172,0.1191454796259579,242.35428,44.96382,0.1855293003284283,,,,,,,,,True,False
3064635882127901824,,,NGC2548,123.400139294696,-5.495242421586196,1.7739544,16.327274,0.1731597393242288,,,,,,,,,,,,False,False
3064637497035596288,,,NGC2548,123.39079865210029,-5.4301088437916105,1.4902897,15.819984,0.1677432274222642,,,,,,,,,,,,False,False
3064637497035601408,,,NGC2548,123.37960554048937,-5.4379332218040375,0.76002026,13.315861,0.1543256178519985,,,,,,,,,,,,False,False
3064637703194236288,,,NGC2548,123.36817091074737,-5.4252989971048535,0.43245506,11.544444,0.2627820510860618,132.06575,35.18045,0.2663858721886636,,,,,,,,,True,False
3064638317372623232,,,NGC2548,123.536233720625,-5.493646950574896,0.4876585,12.034205,0.1178045745164693,31.482155,19.911854,0.6324806545168208,,,,,,,,,True,False
3064640623771714176,,,NGC2548,123.67162770718578,-5.39590228011053,0.29744148,11.473432,0.0775082880394835,58.883026,32.10792,0.5452831177528138,,,,,,,,,True,False
3064640658131457920,,,NGC2548,123.651069907731,-5.407106296673802,1.4657431,15.623754,0.1712659036142641,,,,,,,,,,,,False,False
3064642376118420096,,,NGC2548,123.48888325067604,-5.4469534005799485,0.7181673,13.069779,0.1642086589269287,,,,,,,,,,,,False,False
3064642612339915392,,,NGC2548,123.51084275955664,-5.404715387018437,0.21592808,10.835761,0.1376393052459504,244.2941,109.60575,0.44866310729567355,,,,,,,,,True,False
3064642749779139072,,,NGC2548,123.46478426408297,-5.408926769700373,1.1705008,14.941178,0.1635548484821015,,,,,,,,,,,,False,False
3064644162824793984,,,NGC2548,123.51183893417983,-5.3517537192820015,1.1135836,14.667894,0.1665739743859377,,,,,,,,,,,,False,False
3064646293128551936,,,NGC2548,123.56310454003396,-5.282055464002078,0.2810173,11.136973,0.1606114082167844,85.25989,52.141224,0.6115563132910447,,,,,,,,,True,False
3064646980323430784,,,NGC2548,123.2311837167448,-5.495403421487082,0.14002895,10.937599,0.0378535327240411,141.58351,52.99899,0.3743302450970456,,,,,,,,,True,False
3064647289560802304,,,NGC2548,123.21383390470012,-5.462346242045154,0.99005127,14.333932,0.1594214420430154,,,,,,,,,,,,False,False
3064647560142067456,,,NGC2548,123.28963136618256,-5.450319060196504,0.12653351,10.508192,0.0722318820025937,211.76042,34.415928,0.16252294928391245,,,,,,,,,True,False
3064647701877657984,,,NGC2548,123.24798084012858,-5.441649176564892,1.0977688,14.733983,0.1611014051185943,,,,,,,,,,,,False,False
3064648212977096704,,,NGC2548,123.15191667565604,-5.457665582748583,0.38247776,11.721065,0.0914498636387089,84.906784,36.178432,0.4260958935860767,,,,,,,,,True,False
3064648389072430592,,,NGC2548,123.1849579584432,-5.423446060710202,0.9987097,14.39091,0.1583630071330785,,,,,,,,,,,,False,False
3064649454224306944,,,NGC2548,123.30185924605776,-5.390799090181688,0.9981775,14.339494,0.1609837389910491,,,,,,,,,,,,False,False
3064649591663511040,,,NGC2548,123.338923259215,-5.402157824744822,1.1377516,14.820218,0.1636755072500114,,,,,,,,,,,,False,False
3064650966052795392,,,NGC2548,123.27246323699902,-5.345982699043966,0.7287245,13.179018,0.147899690157805,,,,,,,,,,,,False,False
3064651683310670464,,,NGC2548,123.13091888845202,-5.39309904723828,0.3198948,11.422266,0.1310089406018487,18.87256,98.32626,5.210011784304832,,,,,,,,,True,False
3064654913126208512,,,NGC2548,123.18995571551898,-5.280770574434023,1.0985441,14.708082,0.1623004601108022,,,,,,,,,,,,False,False
3064656429251178240,,,NGC2548,123.43033572281703,-5.308749246626042,1.1943598,14.99533,0.1646498057530439,,,,,,,,,,,,False,False
3064656910287518976,,,NGC2548,123.3709834627548,-5.297894443663001,0.73817825,13.196048,0.1561710582441023,,,,,,,,,,,,False,False
3064656979006998528,,,NGC2548,123.34710233047215,-5.304206362817698,0.6043844,12.53653,0.1086395141659694,,,,,,,,,,,,False,False
3064660067086828672,,,NGC2548,123.3169361132114,-5.279691525027527,0.91403484,14.104292,0.1527112869900197,,,,,,,,,,,,False,False
3064660105743188864,,,NGC2548,123.33888781064393,-5.280018748067633,1.6162367,15.963683,0.1727315678599776,,,,,,,,,,,,False,False
3064661926809320064,,,NGC2548,123.30384734884088,-5.18701952583633,1.1210833,14.742745,0.1643902795097673,,,,,,,,,,,,False,False
3064663610436497920,,,NGC2548,123.3203245832714,-5.153814435910303,1.0143433,14.248592,0.1706390455718474,,,,,,,,,,,,False,False
3064663954033866624,,,NGC2548,123.42019031689324,-5.122630561945809,0.78912354,13.517262,0.1470282666332522,,,,,,,,,,,,False,False
3064664366350901888,,,NGC2548,123.74730331883272,-5.363828104889068,0.6840677,12.894166,0.1675057119062704,,,,,,,,,,,,False,False
3064665564645140992,,,NGC2548,123.7068890647736,-5.311580010469584,0.40520477,11.802937,0.0828724795795135,50.79561,25.822346,0.5083578285603815,,,,,,,,,True,False
3064670649886411136,,,NGC2548,123.68199592580504,-5.186009344034344,0.11364937,10.773415,0.0342061298599379,16.733646,10.164418,0.6074239887708871,,,,,,,,,True,False
3064676323539742592,G10096303983046,93612006.0,NGC2548,124.06650174362557,-5.068917953589951,0.78330135,13.377366,0.1643563619833304,,,,5969.77,43.58,4.373,0.065,-0.037,0.043,-4.21972,0.14785,False,False
3064681748083281664,,,NGC2548,123.8937586724496,-4.972002453633647,1.9200401,16.619934,0.1740131093526441,,,,,,,,,,,,False,False
3064682611371781632,,,NGC2548,123.61625297916926,-5.158575637046407,0.58751774,12.213321,0.3606617710968398,,,,,,,,,,,,False,False
3064684153263587456,,,NGC2548,123.6614162030173,-5.153295483644781,0.4503746,11.894792,0.1263164087831768,21.38269,16.845512,0.7878107010857848,,,,,,,,,True,False
3064686459662492672,,,NGC2548,123.48637922136244,-5.131639796718659,1.5646648,15.800188,0.1736878478228006,,,,,,,,,,,,False,False
3064687971490978816,,,NGC2548,123.4440763671816,-5.047246700765109,0.10285473,10.6625805,0.035552522177239,150.38565,42.759243,0.28433060601194327,,,,,,,,,True,False
3064693159811424768,,,NGC2548,123.85166744029875,-4.973514168190491,0.09933376,11.146332,-0.0607431357398416,28.093933,70.02217,2.49243030514809,,,,,,,,,True,False
3066120360263999232,,,NGC2548,124.56231344985255,-5.11506104298034,1.0647888,14.460129,0.1684826132580927,,,,,,,,,,,,False,False
3066140701229087360,,,NGC2548,124.51543832727768,-4.845307891525511,0.3219204,11.405773,0.1396532144872794,55.116302,75.64998,1.372551808718952,,,,,,,,,True,False
3066182860627935744,G10096353058311,93812037.0,NGC2548,123.95155803148428,-4.950417451958173,0.7415056,13.252418,0.1472299749914332,,,,6085.78,24.96,4.368,0.036,-0.001,0.022,-4.57297,,False,False
3067522340668715392,,,NGC2548,122.27369488446304,-5.752604657931241,0.90574455,14.0671425,0.1524726719364829,,,,,,,,,,,,False,False
3067525604843772928,,,NGC2548,122.59788394119713,-5.718076160097995,0.061318398,9.2247715,0.0059722034796436,,,,,,,,,,,,False,True
3067526120239836032,,,NGC2548,122.6251777617726,-5.691368354900686,1.0002241,14.34599,0.161089058272023,,,,,,,,,,,,False,False
3067529728012385792,,,NGC2548,122.5260153416122,-5.664142066503482,1.2040567,15.220012,0.1586182585317258,,,,,,,,,,,,False,False
3067536462521218688,,,NGC2548,122.1136735988862,-5.724711375391113,0.6858978,13.12817,0.0968175550433207,,,,,,,,,,,,False,False
3067552886476174976,,,NGC2548,122.73655324266764,-5.543240799141009,1.1579237,14.83703,0.1659141875482078,,,,,,,,,,,,False,False
3067552955195430272,,,NGC2548,122.7730567921363,-5.534825619564835,0.9582815,14.255655,0.1560714169547833,,,,,,,,,,,,False,False
3067553161353876864,,,NGC2548,122.71576113014967,-5.519509634759187,1.2113972,14.997793,0.1667159372590077,,,,,,,,,,,,False,False
3067558521472996096,,,NGC2548,122.88889009649895,-5.482217452389376,1.127306,14.813145,0.1624259480370579,,,,,,,,,,,,False,False
3067559311747247488,,,NGC2548,122.8986406706874,-5.438741257499638,1.0235071,14.534599,0.1566625204589419,,,,,,,,,,,,False,False
3067562335403902208,,,NGC2548,122.97709316884392,-5.341279091330231,0.5618782,12.295483,0.1494278358063861,,,,,,,,,,,,False,False
3067565560922778624,,,NGC2548,122.93157888988128,-5.317203395314913,0.13403416,9.71991,0.0823363289239903,214.77856,15.968734,0.07434975818815434,,,,,,,,,True,True
3067570513021770112,,,NGC2548,122.58099244161303,-5.393840070840878,0.6655073,12.989395,0.0862438393366958,,,,,,,,,,,,False,False
3067600577792615040,,,NGC2548,122.16525575943784,-5.315530292560421,0.78927135,13.547225,0.1435809117720571,,,,,,,,,,,,False,False
3067620025404799872,,,NGC2548,122.38312970182471,-5.3418186749579695,0.046729088,10.698336,-0.0276129702690054,67.066795,41.322533,0.6161399691158643,,,,,,,,,True,False
3067622769890664576,,,NGC2548,122.5104672083032,-5.226009670187907,0.9895706,14.220316,0.1662543715510324,,,,,,,,,,,,False,False
3067655690813135232,,,NGC2548,123.08847774906802,-5.319300551521978,0.80030346,13.558954,0.1493799574263869,,,,,,,,,,,,False,False
3067656343648193792,,,NGC2548,123.0068074025081,-5.30140222032822,1.2203712,15.057415,0.1656145728003785,,,,,,,,,,,,False,False
3067660947853150080,G10096014237250,93207158.0,NGC2548,122.91363794370278,-5.221436859828964,0.6766434,13.022951,0.1012423127392362,,,,6302.73,54.85,4.317,0.084,-0.105,0.056,-4.51237,,False,False
3067664624345019008,,,NGC2548,123.28694928251473,-5.1529912766787564,1.0246553,14.223202,0.175181177521056,,,,,,,,,,,,False,False
3067664933582698112,,,NGC2548,123.17914336997536,-5.18997499270856,0.92370605,13.995943,0.1634524906764728,,,,,,,,,,,,False,False
3067666475474643456,,,NGC2548,123.32636947880786,-5.094856828354852,0.6285763,12.45555,0.3568750267751567,,,,,,,,,,,,False,False
3067667231388348032,,,NGC2548,123.2644256635366,-5.08670449300819,1.2956915,15.130481,0.1717243716596887,,,,,,,,,,,,False,False
3067669984464224128,,,NGC2548,123.13793160402776,-5.051521799630641,0.65740776,12.190364,0.6934486889633016,,,,,,,,,,,,False,False
3067670499860283648,,,NGC2548,123.21331691680726,-5.067939212146396,0.8192816,13.623917,0.1533349555661688,,,,,,,,,,,,False,False
3067691596739614848,,,NGC2548,123.32859607174278,-5.015724274533189,1.5072803,15.733284,0.1713351350550924,,,,,,,,,,,,False,False
3067694998353714048,G10096151159057,93307226.0,NGC2548,123.28798468037162,-4.960341629558831,0.76594543,13.386948,0.1473216835494961,,,,5997.49,42.2,4.316,0.061,0.035,0.037,-4.56598,,False,False
3067697025578254080,,,NGC2548,123.41173508287842,-4.890684826411817,1.437067,14.828779,0.2067797794280491,,,,,,,,,,,,False,False
3067725578520754560,,,NGC2548,122.72960318149563,-5.044203587445176,1.7230015,16.187841,0.1736332675334229,,,,,,,,,,,,False,False
3067728189860822656,,,NGC2548,122.83232185177351,-4.950999035726469,0.9987545,14.36389,0.159780357544627,,,,,,,,,,,,False,False
3067735749003232384,,,NGC2548,122.84042264776726,-4.836703571652774,1.3276834,15.209588,0.1722441646461931,,,,,,,,,,,,False,False
3067737157752435584,,,NGC2548,123.0116139776574,-4.774554755711141,0.68250465,12.903043,0.1584998447862448,,,,,,,,,,,,False,False
3069221494153338496,,,NGC2548,123.62576791869292,-4.55855601762315,1.4737453,15.658522,0.170881832148305,,,,,,,,,,,,False,False
658436014239681536,,,NGC2632,130.32400512695312,17.055683135986328,3.1211987,15.989344,0.1912112149906048,,,,,,,,,,,,False,False
658482051992944512,,,NGC2632,129.98576354980472,17.175962448120114,3.4501800000000005,18.055685,0.1768647255245871,,,,,,,,,,,,False,False
658506344327926784,,,NGC2632,130.00010681152344,17.368322372436527,3.1902008,16.882845,0.1817101922608575,,,,,,,,,,,,False,False
658530400441951744,,,NGC2632,130.61679077148438,17.246749877929688,2.7556171000000003,15.622185,0.184845925000044,,,,,,,,,,,,False,False
658570601334852352,,,NGC2632,130.95503234863278,17.659242630004886,3.5464973,17.480452,0.1836767853533359,,,,,,,,,,,,False,False
658570974996041344,,,NGC2632,130.96559143066406,17.655542373657227,2.744709,15.684624,0.1835701144588404,,,,,,,,,,,,False,False
658587467670294784,,,NGC2632,130.31198120117188,17.460107803344727,3.137724,16.690496,0.1824808175617752,,,,,,,,,,,,False,False
658594167819428864,,,NGC2632,130.70796203613278,17.64130401611328,3.0489368,17.858670999999998,0.1706677694935323,,,,,,,,,,,,False,False
658600459948416256,,,NGC2632,130.27384948730472,17.541038513183597,2.530282,14.627648,0.1937911894564477,,,,,,,,,,,,False,False
658602070559194496,,,NGC2632,130.28843688964844,17.571321487426758,3.1472034,16.667642999999998,0.1829793460510997,,,,,,,,,,,,False,False
658607950370340608,,,NGC2632,130.41020202636722,17.639972686767578,1.9485092,13.531448,0.186967423329475,,,,,,,,,,,,False,False
658615440793299712,,,NGC2632,130.35879516601562,17.8034725189209,2.7911463,15.31994,0.1910435497270506,,,,,,,,,,,,False,False
658628905514597376,,,NGC2632,131.0496826171875,17.90213394165039,0.62058353,9.432242,0.1010310451780569,20.203716,1.832245,0.09068851492468019,,,,,,,,,True,False
658642000872094464,,,NGC2632,130.57293701171878,17.987455368041992,2.8266563,15.425571,0.1905087863663246,,,,,,,,,,,,False,False
658927736456077568,,,NGC2632,128.70527648925778,17.429983139038086,2.630168,14.786370000000002,0.194922860393545,,,,,,,,,,,,False,False
659660316141171968,,,NGC2632,129.0968017578125,18.54504013061523,3.1530056,17.922047,0.1722483551114596,,,,,,,,,,,,False,False
659665096441437184,G16326261690850,379307014.0,NGC2632,129.38764953613278,18.654279708862305,0.75100136,10.077238,0.1193549644322828,,,,6081.31,31.78,4.438,0.041,0.239,0.027,-4.41845,0.05127,False,False
659668635494494848,,,NGC2632,129.26544189453122,18.66730117797852,1.6067114,12.729268,0.1821522650098485,,,,,,,,,,,,False,False
659671624791715840,,,NGC2632,129.36260986328122,18.810901641845703,2.915245,16.118225,0.1831533106673455,,,,,,,,,,,,False,False
659674197475355392,,,NGC2632,129.83055114746094,18.639545440673828,3.314993,17.692951,0.1770546898046978,,,,,,,,,,,,False,False
659674506713145984,,,NGC2632,129.81996154785156,18.672258377075195,3.2984028,18.297314,0.1725117117314202,,,,,,,,,,,,False,False
659674614089017984,,,NGC2632,129.84765625,18.666423797607425,2.226698,14.153616,0.1888903428434322,,,,,,,,,,,,False,False
659674614089018112,,,NGC2632,129.84724426269528,18.66552734375,3.0428677000000004,16.362925,0.1837730372586182,,,,,,,,,,,,False,False
659680072990872704,,,NGC2632,129.74049377441406,18.77518081665039,2.8375025000000003,15.269399,0.1937392320029589,,,,,,,,,,,,False,False
659684264879024128,,,NGC2632,129.91680908203122,18.846961975097656,3.1572838,16.865602,0.1810889987337884,,,,,,,,,,,,False,False
659685231248166784,,,NGC2632,129.82856750488278,18.81008529663086,2.832264,15.411938,0.190950770014648,,,,,,,,,,,,False,False
659685540485811072,,,NGC2632,129.8587646484375,18.80467414855957,3.1826458,16.853788,0.1818323160654333,,,,,,,,,,,,False,False
659687498990893056,G16333818905875,331102080.0,NGC2632,129.89790344238278,18.876819610595703,0.74888515,10.127614,0.1075843327389285,10.35433,3.8899705,0.3756853895906351,6061.25,25.31,4.403,0.034,0.2,0.018,-4.29506,0.03312,True,False
659689109602230272,,,NGC2632,129.87779235839844,18.94809913635254,2.9568272,16.541006,0.1794001262202531,,,,,,,,,,,,False,False
659689865516277632,,,NGC2632,129.53353881835938,18.741588592529297,3.1592789,16.600128,0.1840691978126442,,,,,,,,,,,,False,False
659691656519169920,,,NGC2632,129.634521484375,18.781293869018555,2.5387564,14.94798,0.1876701996168932,,,,,,,,,,,,False,False
659696982278606080,,,NGC2632,129.60557556152344,18.941633224487305,2.606389,14.236724,0.2078748334048787,,,,,,,,,,,,False,False
659698219229186688,,,NGC2632,129.73704528808594,18.858083724975582,2.7295256,14.6638365,0.2023665589164272,,,,,,,,,,,,False,False
659703957305493632,,,NGC2632,129.56883239746094,18.99125289916992,2.546174,14.980773,0.1873839007002254,,,,,,,,,,,,False,False
659705984528609024,,,NGC2632,129.67842102050778,19.06064987182617,3.178831,17.527582000000002,0.1755899087609139,,,,,,,,,,,,False,False
659713303154300288,,,NGC2632,128.91712951660156,18.70782470703125,2.7942028,14.963448,0.1982269079856356,,,,,,,,,,,,False,False
659713818550364160,,,NGC2632,129.05010986328122,18.735456466674805,3.0349817000000003,15.639655,0.1941531744375843,,,,,,,,,,,,False,False
659714024708794240,,,NGC2632,129.03582763671878,18.7474308013916,1.8634634,13.292022,0.1874401968037059,,,,,,,,,,,,False,False
659716601689157760,,,NGC2632,129.22528076171878,18.756807327270508,1.1506577,11.762989,0.1539020566138426,,,,,,,,,,,,False,False
659719419187699712,,,NGC2632,129.21493530273438,18.8386344909668,3.0522099,16.168331,0.186546068570842,,,,,,,,,,,,False,False
659726669092428160,,,NGC2632,128.86302185058594,18.81471824645996,2.9382048,15.448266,0.1941686099837427,,,,,,,,,,,,False,False
659729417871499392,,,NGC2632,128.77580261230472,18.823474884033203,2.878828,15.561098,0.1900834914779645,,,,,,,,,,,,False,False
659732132290823296,,,NGC2632,128.89096069335938,18.9298038482666,1.9581718,13.525738,0.1878396766881382,,,,,,,,,,,,False,False
659734125155723008,,,NGC2632,129.07907104492188,18.91897964477539,2.5103178,14.756545,0.190119802164152,,,,,,,,,,,,False,False
659738179604773248,,,NGC2632,128.93569946289062,18.96058464050293,3.0712528,16.218845,0.1864221190130666,,,,,,,,,,,,False,False
659739072957970176,,,NGC2632,128.89862060546878,18.995668411254886,2.0104685,13.694381,0.1869081546213891,,,,,,,,,,,,False,False
659741233329151744,,,NGC2632,129.00987243652344,19.07396697998047,3.2343254,17.009539999999998,0.1814556868091435,,,,,,,,,,,,False,False
659742367196651392,,,NGC2632,129.38410949707028,18.88392639160156,2.329008,14.357551999999998,0.1897775571591136,,,,,,,,,,,,False,False
659744295638254336,,,NGC2632,129.36256408691406,18.97661781311035,2.5537395,14.900679,0.1892050420945787,,,,,,,,,,,,False,False
659744978536843264,,,NGC2632,129.48966979980472,18.973068237304688,3.5811749,16.828585,0.1919131139054073,,,,,,,,,,,,False,False
659750892708009088,,,NGC2632,129.35980224609378,19.132080078125,1.8238258,13.192012,0.1872719960147826,,,,,,,,,,,,False,False
659753126090987776,,,NGC2632,129.55580139160156,19.14156913757324,3.0535088,16.325083,0.1845398793273522,,,,,,,,,,,,False,False
659755630055476992,,,NGC2632,129.44729614257812,19.1068172454834,1.0697498,11.405766,0.1524240102081151,9.800439,8.619948,0.8795471304907873,,,,,,,,,True,False
659757283619334656,,,NGC2632,129.4453125,19.182132720947266,2.3544188,14.651727,0.1849494721704379,,,,,,,,,,,,False,False
659758967246506880,G16334014074589,331102165.0,NGC2632,129.48747253417972,19.236160278320312,0.94846725,11.083295,0.134312960753177,7.13503,4.6476426,0.6513837503135936,5490.9,27.24,4.602,0.035,0.305,0.019,-4.38112,0.04346,True,False
659760650873719040,,,NGC2632,129.21498107910156,19.07634353637696,1.4641523,12.540646,0.1725688047877707,,,,,,,,,,,,False,False
659765220718853504,,,NGC2632,129.15156555175778,19.18515396118164,1.7850847,13.150421,0.1852424436715579,,,,,,,,,,,,False,False
659765598675979904,,,NGC2632,129.03713989257812,19.15852737426757,2.6406765,14.907248,0.1928391334998767,,,,,,,,,,,,False,False
659766114072052608,,,NGC2632,129.09437561035156,19.1914291381836,1.088026,11.495761,0.1523322656514634,,,,,,,,,,,,False,False
659768102641215744,,,NGC2632,129.20188903808594,19.257354736328125,1.5215758999999998,12.548702,0.1791502058960415,,,,,,,,,,,,False,False
659770340319909760,,,NGC2632,129.40084838867188,19.26501846313477,1.3775654,12.326109,0.1690800728921128,,,,,,,,,,,,False,False
659772195745778688,,,NGC2632,129.39030456542972,19.310935974121097,2.4987602000000004,14.4778385,0.1957087701871441,,,,,,,,,,,,False,False
659774394768991744,,,NGC2632,129.20381164550778,19.316421508789062,2.4397955,14.32866,0.1963222773186076,,,,,,,,,,,,False,False
659228074929597440,,,NGC2632,129.4544677734375,17.25495719909668,1.9728622,13.508582999999998,0.1894227491605461,,,,,,,,,,,,False,False
659230166577197056,,,NGC2632,129.52944946289062,17.310529708862305,2.1953268,14.025757999999998,0.1901731870725785,,,,,,,,,,,,False,False
659777074828577024,,,NGC2632,129.35066223144528,19.416948318481445,2.349534,13.85115,0.2047197213549084,,,,,,,,,,,,False,False
659248858275152128,,,NGC2632,129.30751037597656,17.513484954833984,1.4538412,12.463806,0.1740165361654518,,,,,,,,,,,,False,False
659253638574908672,G16344622854046,400307138.0,NGC2632,129.81918334960938,17.462873458862305,0.91055393,10.960934,0.1276046143657141,10.0840225,5.541501,0.549532788130927,5564.39,33.49,4.566,0.045,0.236,0.025,-4.4487,0.10073,True,False
659254394489166848,,,NGC2632,129.63679504394528,17.39387321472168,3.0626106,16.640327,0.1811029102446795,,,,,,,,,,,,False,False
659257551288578304,,,NGC2632,129.66291809082028,17.49677848815918,3.2492485,16.821894,0.1838150912379021,,,,,,,,,,,,False,False
659284390540626816,,,NGC2632,129.75752258300778,17.855730056762695,2.2201128,13.9930525,0.1925025190410531,,,,,,,,,,,,False,False
659321499058103424,,,NGC2632,129.344970703125,17.687519073486328,2.9531994,15.729656,0.1898872717864687,,,,,,,,,,,,False,False
659324694514337408,,,NGC2632,129.24591064453122,17.701723098754886,3.562006,17.465557,0.1841501819522608,,,,,,,,,,,,False,False
659331875699052544,,,NGC2632,129.66629028320312,17.90581703186035,3.0030403,16.606573,0.1799187951093463,,,,,,,,,,,,False,False
659332764755294976,,,NGC2632,129.66764831542972,17.933170318603516,3.2773438,17.530722,0.1776076214172327,,,,,,,,,,,,False,False
659343111333443968,,,NGC2632,129.04997253417972,17.879600524902344,3.0965443,16.306097,0.1859959755553357,,,,,,,,,,,,False,False
659354450047069824,,,NGC2632,129.33001708984378,18.148202896118164,1.7084150000000002,13.025857,0.1822845996245687,,,,,,,,,,,,False,False
659364448730632448,,,NGC2632,130.2572021484375,17.814268112182614,2.9827213,16.27962,0.1831008882991899,,,,,,,,,,,,False,False
659370461684793216,,,NGC2632,130.15089416503906,17.950077056884766,2.770465,15.163096,0.1931501029963584,,,,,,,,,,,,False,False
659380666527013248,,,NGC2632,129.87754821777344,17.980846405029297,2.952816,16.20828,0.1831235961264597,,,,,,,,,,,,False,False
659388466187693440,,,NGC2632,130.04081726074222,18.097171783447266,1.3926468,12.28388,0.1727495232007659,,,,,,,,,,,,False,False
659388947224025856,,,NGC2632,130.09217834472656,18.12348365783692,2.0135565,13.669119,0.1877986712501175,,,,,,,,,,,,False,False
659393929386140288,,,NGC2632,130.46766662597656,18.05185508728028,1.8954258,13.376785,0.187423059556953,,,,,,,,,,,,False,False
659879531271861504,,,NGC2632,131.7802734375,17.750490188598633,3.2383003,17.899681,0.1740198772369889,,,,,,,,,,,,False,False
659409764929410048,,,NGC2632,130.26084899902344,18.16849136352539,3.078743,16.789824,0.1799355896244169,,,,,,,,,,,,False,False
659411796450014464,,,NGC2632,130.3505859375,18.23404312133789,2.1716251,13.7991495,0.1947903119708801,,,,,,,,,,,,False,False
659413750659083776,,,NGC2632,130.07994079589844,18.211355209350582,3.0743542,17.311995,0.1750817541043712,,,,,,,,,,,,False,False
659414785747258880,,,NGC2632,130.23274230957028,18.24611473083496,3.0343150000000003,15.475548000000002,0.19713233443537,,,,,,,,,,,,False,False
659415129344636544,,,NGC2632,130.29365539550778,18.26858711242676,2.4332685,14.389117,0.1944907518727222,,,,,,,,,,,,False,False
659416705596732032,,,NGC2632,130.42625427246094,18.213287353515625,3.2749596000000003,17.286379,0.1796976300750692,,,,,,,,,,,,False,False
659426605497226880,,,NGC2632,129.68072509765622,17.937950134277344,3.119625,16.86993,0.1801266541353694,,,,,,,,,,,,False,False
659427464490677632,,,NGC2632,129.71168518066406,18.01451873779297,2.753337,15.511004000000002,0.1864580838870383,,,,,,,,,,,,False,False
659428731504648960,,,NGC2632,129.84526062011722,18.07592391967773,3.6630592000000006,17.568673999999998,0.1852202142129685,,,,,,,,,,,,False,False
659436153207801344,G16326293235645,400306191.0,NGC2632,129.90614318847656,18.170345306396484,1.0518522,11.437575,0.1462959971584942,6.062746,11.558562,1.9064895675985767,5294.15,39.94,4.735,0.054,0.323,0.03,-4.24789,0.05315,True,False
659439078082230016,G16326291784032,879214110.0,NGC2632,129.79551696777344,18.17593574523925,0.6931361999999999,9.692779,0.1558024683284429,8.039582,2.4047585,0.2991148669172104,6273.5,17.07,4.308,0.021,0.285,0.01,-4.24992,0.0185,True,False
659440138937561344,,,NGC2632,129.73526000976562,18.21652030944824,3.081478,17.062023,0.1773795891460544,,,,,,,,,,,,False,False
659441242745739648,,,NGC2632,129.86424255371094,18.24873733520508,2.9322863,15.977807,0.1855338192445382,,,,,,,,,,,,False,False
659445743871414528,,,NGC2632,129.64292907714844,18.18802070617676,2.0975924,13.800177,0.1899145468589627,,,,,,,,,,,,False,False
659452272221698432,G16326290270485,400306197.0,NGC2632,129.70703125,18.265810012817383,1.1154976,11.6734915,0.1504602612631555,,,,5023.94,37.29,4.703,0.051,0.245,0.03,-4.38314,0.06312,False,False
659462855021155840,,,NGC2632,130.07939147949222,18.36189651489257,2.507616,14.917885,0.1868886291172556,,,,,,,,,,,,False,False
659463881517438720,,,NGC2632,130.22456359863278,18.38234519958496,3.2223911,17.512043,0.1766193570390532,,,,,,,,,,,,False,False
659464122035016320,,,NGC2632,130.14218139648438,18.3591251373291,3.0122852000000004,16.239779000000002,0.1844460322787231,,,,,,,,,,,,False,False
659466222275521792,,,NGC2632,129.95648193359378,18.34737777709961,0.46977615,8.733015,0.0602899814538366,,,,,,,,,,,,False,False
659467871542951552,,,NGC2632,130.12928771972656,18.43221473693848,2.4790363,14.775864000000002,0.1883153467512777,,,,,,,,,,,,False,False
659472235229782912,G16344513094797,331102103.0,NGC2632,130.38124084472656,18.500560760498047,0.700469,9.832489,0.1121704922359718,15.18485,4.814277,0.3170447518414735,6239.03,21.67,4.357,0.028,0.204,0.013,-4.25778,0.01913,True,False
659477217391773696,,,NGC2632,130.23030090332028,18.5830078125,1.7072964,13.0258255,0.182181650077912,,,,,,,,,,,,False,False
659485807326329600,,,NGC2632,129.91897583007812,18.616254806518555,3.076355,15.774384,0.1932341420704152,,,,,,,,,,,,False,False
659487039980639872,,,NGC2632,129.90048217773438,18.68022918701172,3.226532,16.841542999999998,0.1830392863436192,,,,,,,,,,,,False,False
659488349947010176,,,NGC2632,130.07095336914062,18.60822868347168,2.9229488,16.015116,0.1847367981002556,,,,,,,,,,,,False,False
659488826687020672,,,NGC2632,130.07986450195312,18.63399314880371,3.280672,17.231920000000002,0.1803330721491914,,,,,,,,,,,,False,False
659489518178180864,G16326260274290,400306063.0,NGC2632,130.184814453125,18.65646743774414,1.226963,11.935357000000002,0.1609618537352508,,,,4768.69,50.73,4.652,0.07,0.088,0.041,-4.40506,0.07593,False,False
659522430511553792,,,NGC2632,128.70199584960938,17.932918548583984,3.268261,16.751945000000003,0.1850857519351724,,,,,,,,,,,,False,False
659524805629742592,,,NGC2632,128.7242431640625,18.01811790466309,3.1455688,16.549625,0.1843058469996742,,,,,,,,,,,,False,False
659532399131904768,,,NGC2632,129.00181579589844,17.97589111328125,2.40938,14.383175,0.1933901661784683,,,,,,,,,,,,False,False
659539236719824768,G16326456218520,379301197.0,NGC2632,128.97712707519528,18.1492977142334,0.76028156,10.274084,0.0978044217545747,5.7687163,4.1711483,0.7230635176148287,6011.27,21.33,4.424,0.027,0.201,0.014,-4.36755,0.04361,True,False
659547998453087488,,,NGC2632,129.17097473144528,18.30725479125977,2.3278666,14.348002,0.1899332216782375,,,,,,,,,,,,False,False
659550884671134336,,,NGC2632,128.94659423828122,18.141584396362305,2.7830591,15.295356,0.1911777339528391,,,,,,,,,,,,False,False
659558993569374848,,,NGC2632,128.9964599609375,18.30817985534668,2.4105425,14.615846,0.1883256689662238,,,,,,,,,,,,False,False
659559027929113728,,,NGC2632,128.97024536132812,18.31408309936523,2.5005836,14.6592865,0.1916932408202327,,,,,,,,,,,,False,False
659559783843349120,,,NGC2632,129.13111877441406,18.31522560119629,3.1012144,15.76286,0.1942479548502318,,,,,,,,,,,,False,False
659561604909477632,,,NGC2632,129.09744262695312,18.40579032897949,2.1864424,14.102225,0.187792265933488,,,,,,,,,,,,False,False
659595994711604352,,,NGC2632,128.35494995117188,18.34619140625,2.954527,16.96762,0.1752355728715213,,,,,,,,,,,,False,False
659596784985602816,,,NGC2632,128.390869140625,18.408292770385746,2.9563274,16.993692000000003,0.175052780624747,,,,,,,,,,,,False,False
659612285523485056,,,NGC2632,128.84022521972656,18.49277687072754,2.484686,14.70035,0.1900885414085699,,,,,,,,,,,,False,False
659621287774882176,,,NGC2632,128.57498168945312,18.47091484069824,3.0906448,16.341717000000003,0.1853716982399444,,,,,,,,,,,,False,False
659636406059748608,,,NGC2632,128.642822265625,18.79899978637696,2.6100779,14.86366,0.1923969375916754,,,,,,,,,,,,False,False
659645030354241536,L16326493855002,379307235.0,NGC2632,129.40910339355472,18.4824275970459,1.2801456,12.0323515,0.1659467354246247,,,,4626.3,37.48,4.628,0.053,0.064,0.032,-4.37127,0.06469,False,False
659649424103955200,,,NGC2632,129.67349243164062,18.57117080688477,3.3207722,17.63796,0.1776134480654823,,,,,,,,,,,,False,False
659651004652040064,,,NGC2632,129.42294311523438,18.513246536254886,3.2686749,17.529410000000002,0.1774387623491689,,,,,,,,,,,,False,False
659656094190005376,,,NGC2632,129.22377014160156,18.495800018310547,1.5309429,12.656209,0.1763685981705416,,,,,,,,,,,,False,False
660066349465717504,,,NGC2632,131.49992370605472,17.827404022216797,3.0385036,15.837025,0.1909801216216736,,,,,,,,,,,,False,False
660088610279891584,,,NGC2632,131.53385925292972,18.040870666503903,3.2013817,16.632535999999998,0.1847824060042499,,,,,,,,,,,,False,False
660089366194194176,,,NGC2632,131.5653076171875,18.0971622467041,3.2501450000000003,17.158943,0.1803436385151048,,,,,,,,,,,,False,False
660098888137931008,,,NGC2632,131.73164367675778,18.033540725708008,3.2523155,17.761497,0.1752860249087934,,,,,,,,,,,,False,False
660114418739656576,,,NGC2632,131.78781127929688,18.19365501403809,2.5350895,14.846748000000002,0.1894344221739397,,,,,,,,,,,,False,False
660118473188717824,G16353353044255,48514023.0,NGC2632,131.63963317871094,18.23594665527344,1.3240128,12.110549,0.169681838647707,,,,4461.16,38.75,4.585,0.053,0.074,0.032,-4.45838,0.05375,False,False
660134446170679040,G16353323623990,431805157.0,NGC2632,131.08447265625,18.0498104095459,1.2251091,11.941752,0.1603833949936027,,,,4724.01,44.6,4.701,0.059,0.186,0.033,-4.49703,0.06417,False,False
660141769090278784,,,NGC2632,131.34248352050778,18.23093032836914,2.974369,18.385262,0.1664309800712291,,,,,,,,,,,,False,False
660158674082552320,,,NGC2632,131.2349853515625,18.37132453918457,2.2302694,13.902157999999998,0.1956060148836894,,,,,,,,,,,,False,False
660160976185029120,,,NGC2632,131.09397888183594,18.385852813720703,2.9350967,15.571426,0.1918792285250766,,,,,,,,,,,,False,False
660161349846373760,,,NGC2632,130.98623657226562,18.35593605041504,3.2869759,17.230576,0.1804862170784983,,,,,,,,,,,,False,False
660191934309271424,,,NGC2632,131.42013549804688,18.58255195617676,3.3036022000000003,16.842089,0.1849243877916129,,,,,,,,,,,,False,False
660194820527281792,,,NGC2632,131.575927734375,18.719139099121097,2.9499264,15.878773,0.1874999972436388,,,,,,,,,,,,False,False
660197019550544256,,,NGC2632,131.40347290039062,18.723575592041016,3.031145,16.369768,0.1833636769751521,,,,,,,,,,,,False,False
660225160177145600,,,NGC2632,131.95343017578122,18.60537338256836,2.988389,15.439723,0.1961517319908829,,,,,,,,,,,,False,False
660225916090501376,G16353250287960,48516217.0,NGC2632,132.00706481933594,18.67707061767578,0.84861183,9.740855,0.449468827022074,,,,5853.35,17.46,4.384,0.021,0.27,0.01,-4.11237,0.01243,False,False
660230348496832128,,,NGC2632,132.09373474121094,18.61238670349121,2.460785,14.699503,0.1889955813633606,,,,,,,,,,,,False,False
660295357121694080,,,NGC2632,131.63748168945312,18.90665435791016,1.3105669,12.150211,0.1660417166018057,13.364772,11.789246,0.8821135145440566,,,,,,,,,True,False
660297796663113344,,,NGC2632,131.77052307128906,18.928449630737305,3.0550156000000004,16.203062,0.186161485611025,,,,,,,,,,,,False,False
660302538307005312,,,NGC2632,131.77168273925778,19.03602409362793,3.247799,17.151787,0.1803592510386098,,,,,,,,,,,,False,False
660302744465435904,,,NGC2632,131.72360229492188,19.049070358276367,3.1184769,16.372795,0.1857516039993199,,,,,,,,,,,,False,False
660317068180478336,,,NGC2632,132.49723815917972,19.166887283325195,2.9557076,15.599004999999998,0.1921254877973642,,,,,,,,,,,,False,False
660325795553877376,,,NGC2632,132.10588073730472,19.16089057922364,2.9847698,16.368528,0.1820897095032984,,,,,,,,,,,,False,False
660326310950043648,,,NGC2632,132.04238891601562,19.14990425109864,3.1445503,17.932535,0.1720200545110407,,,,,,,,,,,,False,False
660327685339473152,,,NGC2632,131.97416687011722,19.13143920898437,2.987545,16.174522,0.1845664468821997,,,,,,,,,,,,False,False
660327960217390848,,,NGC2632,131.96035766601562,19.15302085876465,2.9971352,16.122276,0.1855381399027932,,,,,,,,,,,,False,False
660627753231184128,,,NGC2632,132.74935913085938,19.00985336303711,3.0647507000000003,16.40498,0.1838656098461268,,,,,,,,,,,,False,False
660725571110046080,,,NGC2632,132.55679321289062,19.68997573852539,3.3220348,17.681463,0.1772871297831479,,,,,,,,,,,,False,False
660733095892705792,,,NGC2632,132.73680114746094,19.616039276123047,2.6923828,15.214151,0.1891300610855246,,,,,,,,,,,,False,False
660751581432060800,,,NGC2632,132.70750427246094,19.810094833374023,2.891179,15.271506,0.1957590799466935,,,,,,,,,,,,False,False
660909812323424768,,,NGC2632,130.69377136230472,18.43853187561035,3.4588528,17.208652,0.1845445367258778,,,,,,,,,,,,False,False
660913179577777152,,,NGC2632,130.91371154785156,18.425519943237305,2.6417093,15.076295000000002,0.1895989032988599,,,,,,,,,,,,False,False
660917921221670400,,,NGC2632,130.80364990234378,18.530717849731445,2.4865246,14.695301,0.1902781104045088,,,,,,,,,,,,False,False
660921868295373312,,,NGC2632,130.64012145996094,18.45801544189453,3.1343765,17.700954,0.1733919639896586,,,,,,,,,,,,False,False
660923105246007552,,,NGC2632,130.68569946289062,18.466611862182617,3.0271053,16.448857999999998,0.1823137322915414,,,,,,,,,,,,False,False
660924582714941184,,,NGC2632,130.65945434570312,18.5410213470459,3.2539768,17.850864,0.1746652996194989,,,,,,,,,,,,False,False
660928259206807808,,,NGC2632,130.63339233398438,18.59106063842773,2.2052784,14.047558,0.1902201549852668,,,,,,,,,,,,False,False
660933073866203264,,,NGC2632,130.8494873046875,18.67912673950196,2.3704329,14.467723,0.189474190000267,,,,,,,,,,,,False,False
660933310088402688,,,NGC2632,130.79998779296878,18.695804595947266,3.0824528,16.731256,0.1806368786663209,,,,,,,,,,,,False,False
660939258619177984,,,NGC2632,131.150390625,18.5991439819336,1.9590635,12.749116,0.2191628430983381,,,,,,,,,,,,False,False
660947122703009536,,,NGC2632,131.14521789550778,18.812150955200195,2.9786854,18.146029,0.1677058010554767,,,,,,,,,,,,False,False
660948123431659648,,,NGC2632,131.31204223632812,18.761043548583984,2.9053745,16.043867000000002,0.1838175642167596,,,,,,,,,,,,False,False
660950593036567296,,,NGC2632,131.33755493164062,18.8256950378418,3.1443539,17.108719,0.178403953176104,,,,,,,,,,,,False,False
660953998946909952,,,NGC2632,131.33799743652344,18.884227752685547,3.0237274,16.242546,0.184739968183478,,,,,,,,,,,,False,False
660953998946910720,,,NGC2632,131.33535766601562,18.87534141540528,0.3504038,8.166572,0.0708544095988348,126.10248,2.2525744,0.01786304599243409,,,,,,,,,True,True
660954067666386944,,,NGC2632,131.32484436035156,18.890316009521484,0.57432175,9.154241,0.1098752127049952,,,,,,,,,,,,False,False
660957400560960256,,,NGC2632,130.89404296875,18.753772735595703,3.062601,16.030466,0.1887948592259513,,,,,,,,,,,,False,False
660957980380034688,,,NGC2632,130.95045471191406,18.80069732666016,0.6399956,9.585445,0.0778478363154528,8.838362,2.3741684,0.26862085983805595,,,,,,,,,True,False
660962863759344768,G16339191582276,331102051.0,NGC2632,130.97763061523438,18.89352798461914,1.1549339,11.737743,0.1558011913101722,,,,4925.6,41.22,4.688,0.056,0.239,0.032,-4.35099,0.05051,False,False
660964405651410304,,,NGC2632,130.97447204589844,18.95050048828125,3.0956688,17.99154,0.1707305337325117,,,,,,,,,,,,False,False
660965097142415872,,,NGC2632,131.11322021484378,18.872373580932617,3.0493832000000003,16.394993,0.1835632594123449,,,,,,,,,,,,False,False
660966849490060928,,,NGC2632,131.11518859863278,18.96925926208496,2.7751408,15.462088,0.1880229829158232,,,,,,,,,,,,False,False
660966883848803072,,,NGC2632,131.13688659667972,18.9639892578125,2.685936,14.952835,0.193849142284205,,,,,,,,,,,,False,False
660975847444352512,,,NGC2632,130.53036499023438,18.621288299560547,3.2576637,17.712965,0.1757570683864478,,,,,,,,,,,,False,False
660976676374207616,,,NGC2632,130.55282592773438,18.683555603027344,2.88159,16.168322,0.1815350548788609,,,,,,,,,,,,False,False
660977737230203648,,,NGC2632,130.496337890625,18.718563079833984,3.1031647,18.128319,0.170053042043548,,,,,,,,,,,,False,False
660978669238963200,,,NGC2632,130.3846435546875,18.66959381103516,2.6700058,15.415539,0.1849380662360239,,,,,,,,,,,,False,False
660981349298550272,,,NGC2632,130.39854431152344,18.742996215820312,2.579134,14.786623,0.1926172248883031,,,,,,,,,,,,False,False
660981619879849728,,,NGC2632,130.37063598632812,18.7596378326416,3.2468014,17.066534,0.1811724925200946,,,,,,,,,,,,False,False
660983750184396672,,,NGC2632,130.59162902832028,18.76822090148925,3.2286644,16.840914,0.183098494279603,,,,,,,,,,,,False,False
660983891919259776,,,NGC2632,130.54269409179688,18.76669692993164,3.0765934,16.497028,0.1830885503490847,,,,,,,,,,,,False,False
660989973592859264,,,NGC2632,130.64541625976562,18.929332733154297,2.9277449,15.916935999999998,0.1862448072815672,,,,,,,,,,,,False,False
660990484692472448,,,NGC2632,130.53866577148438,18.93025016784668,2.8994465,17.869139999999998,0.1677354087232883,,,,,,,,,,,,False,False
660992344414836992,,,NGC2632,130.22174072265622,18.748254776000977,3.1297073,16.455784,0.1850187053978281,,,,,,,,,,,,False,False
660995230632845184,L16331616608808,431803170.0,NGC2632,130.37777709960938,18.87181282043457,1.2351226999999998,11.809652,0.1680591016664673,,,,4919.6,51.46,4.459,0.073,0.146,0.045,-4.01769,0.04542,False,False
660996020906770560,,,NGC2632,130.16450500488278,18.81822395324707,1.5961456,12.797183,0.1786724406357809,,,,,,,,,,,,False,False
660996295785836416,,,NGC2632,130.23199462890622,18.82611656188965,2.839468,16.074053,0.181436574609242,,,,,,,,,,,,False,False
660996330144479616,,,NGC2632,130.24336242675778,18.846134185791016,2.878518,15.737924,0.1872733159316812,,,,,,,,,,,,False,False
660999491240341888,,,NGC2632,130.26289367675778,18.931888580322266,2.8262596,15.662725,0.1866550978346528,,,,,,,,,,,,False,False
661001243587055616,,,NGC2632,130.40240478515622,18.904237747192383,2.7117758,14.962376999999998,0.1947510304271947,,,,,,,,,,,,False,False
661004400386393984,G16331616206602,400313053.0,NGC2632,130.34390258789062,18.933818817138672,1.2216587,11.96533,0.1588695162647327,,,,4709.47,50.52,4.625,0.074,0.091,0.046,-4.43338,0.06454,False,False
661004713920630656,,,NGC2632,130.33457946777344,18.96184539794922,2.9007664,15.820438,0.1867754324469119,,,,,,,,,,,,False,False
661008527851529728,,,NGC2632,130.39979553222656,19.10702133178711,1.5926857,12.780002,0.1788844207795973,,,,,,,,,,,,False,False
661010069743524480,,,NGC2632,130.77305603027344,18.918270111083984,3.0183506,17.174025,0.1749646192194401,,,,,,,,,,,,False,False
661017216569202432,,,NGC2632,130.81593322753906,19.1091365814209,2.953804,15.992115,0.1860010874929175,,,,,,,,,,,,False,False
661018835773136512,,,NGC2632,130.93620300292972,19.06624221801757,2.2064734,14.129193,0.1883118779849385,,,,,,,,,,,,False,False
661024024093555840,,,NGC2632,130.84317016601562,19.20015525817871,2.7321825,15.192727,0.1910781393000585,,,,,,,,,,,,False,False
661026012662301568,,,NGC2632,130.98591613769528,19.271617889404297,3.110588,17.5272,0.1741769378811618,,,,,,,,,,,,False,False
661026738512909440,,,NGC2632,130.57997131347656,19.037384033203125,2.5198270000000003,14.972607,0.1864181807215502,,,,,,,,,,,,False,False
661028284701128576,,,NGC2632,130.62791442871094,19.11598014831543,3.1188679,16.38788,0.1855707076386318,,,,,,,,,,,,False,False
661031480156796544,,,NGC2632,130.58352661132812,19.151525497436523,1.4022284,12.321145,0.1726181053333831,,,,,,,,,,,,False,False
661034155919816960,,,NGC2632,130.55125427246094,19.213462829589844,1.4516087,12.462534,0.1737830569187556,,,,,,,,,,,,False,False
661036840275967744,,,NGC2632,130.78085327148438,19.238630294799805,2.9076872,15.278457,0.19625533741568,,,,,,,,,,,,False,False
661036840275967872,,,NGC2632,130.78074645996094,19.23747634887696,2.4569473,14.576521,0.1913908971102695,,,,,,,,,,,,False,False
661043506065199488,,,NGC2632,130.77546691894528,19.414447784423828,2.8227243,15.392320000000002,0.1909425624465781,,,,,,,,,,,,False,False
661046765943861632,,,NGC2632,131.63307189941406,18.97373390197754,3.2537193,17.575802,0.1767514940807977,,,,,,,,,,,,False,False
661048694385684224,,,NGC2632,131.38389587402344,18.96443748474121,2.7267952,15.462098999999998,0.1862754479728728,,,,,,,,,,,,False,False
661049690818095488,,,NGC2632,131.36897277832028,18.99666213989257,3.1420784,17.165937,0.1778312445318003,,,,,,,,,,,,False,False
661049862616788992,,,NGC2632,131.32972717285156,19.00296401977539,1.5122604,12.62105,0.1754535167811421,,,,,,,,,,,,False,False
661060479775918592,,,NGC2632,131.61404418945312,19.20901298522949,3.1540813,16.789042000000002,0.1818174502067133,,,,,,,,,,,,False,False
661061098251203968,,,NGC2632,131.64509582519528,19.25717735290528,2.77242,15.450921,0.1881073164099915,,,,,,,,,,,,False,False
661066664529794688,,,NGC2632,131.28544616699222,19.1522274017334,2.9672184,16.3771,0.1815023120155639,,,,,,,,,,,,False,False
661068932271565696,,,NGC2632,131.36082458496094,19.236814498901367,3.1276912999999995,15.790499,0.1946457934441461,,,,,,,,,,,,False,False
661075490685321344,,,NGC2632,131.46981811523438,19.31678771972656,2.377883,14.453742000000002,0.19015720399975,,,,,,,,,,,,False,False
661078896595610240,,,NGC2632,131.46405029296878,19.42419052124023,2.5064154,14.597674,0.1933163912035631,,,,,,,,,,,,False,False
661079652509975936,,,NGC2632,131.83064270019528,19.214405059814453,2.9462748,15.819705,0.1882629947570445,,,,,,,,,,,,False,False
661091609698913024,,,NGC2632,132.02047729492188,19.4704704284668,2.5830908,14.971642499999998,0.1891129459765763,,,,,,,,,,,,False,False
661098550366013696,,,NGC2632,131.67820739746094,19.426156997680664,2.890315,15.749291,0.1874930078680424,,,,,,,,,,,,False,False
661105525392825856,,,NGC2632,131.662109375,19.619043350219727,2.807991,15.479191,0.1889258943886204,,,,,,,,,,,,False,False
661111538347104512,G16339309364707,184610236.0,NGC2632,131.69700622558594,19.644672393798828,0.7495508000000001,10.134828,0.1070637313058958,12.510981,5.3541117,0.4279529878592254,6052.21,18.73,4.384,0.023,0.196,0.011,-4.30694,0.0251,True,False
661116241335005056,,,NGC2632,131.15147399902344,19.288219451904297,3.0722218,17.487478,0.173674662899795,,,,,,,,,,,,False,False
661117134688210560,,,NGC2632,131.2744140625,19.299259185791016,2.9389668,16.22934,0.1824623579271044,,,,,,,,,,,,False,False
661117272127169280,,,NGC2632,131.30131530761722,19.30681610107422,3.1690502,16.691682999999998,0.1832666642528707,,,,,,,,,,,,False,False
661120162641349248,,,NGC2632,130.99679565429688,19.31607437133789,2.472291,14.603984,0.1915360953867054,,,,,,,,,,,,False,False
661131393979861120,,,NGC2632,131.31004333496094,19.5556640625,3.3480453000000003,16.833138,0.1861196280995866,,,,,,,,,,,,False,False
661136964553408896,,,NGC2632,130.89773559570312,19.45649147033692,3.0747185,16.367481,0.1846028616520712,,,,,,,,,,,,False,False
661137789187132288,,,NGC2632,130.78480529785156,19.468311309814453,2.9638834,15.061173000000002,0.2031151958685347,,,,,,,,,,,,False,False
661138712604101760,,,NGC2632,130.99125671386722,19.51638603210449,3.3034172,17.351463,0.1797213089421109,,,,,,,,,,,,False,False
661142393392058752,,,NGC2632,131.13258361816406,19.55475616455078,2.8315945,15.605957,0.1877145193524825,,,,,,,,,,,,False,False
661150124333238656,,,NGC2632,131.54190063476562,19.528791427612305,1.9116945,13.442624,0.1867449811247964,,,,,,,,,,,,False,False
661150154396988032,,,NGC2632,131.51310729980472,19.52971267700196,2.6492405,15.033779,0.1907068616871149,,,,,,,,,,,,False,False
661152735673342976,,,NGC2632,131.62660217285156,19.648651123046875,3.178049,16.118107000000002,0.1909827595023426,,,,,,,,,,,,False,False
661154522379748480,,,NGC2632,131.44967651367188,19.605159759521484,3.0986557,15.759525,0.1942204506670495,,,,,,,,,,,,False,False
661156858841945856,,,NGC2632,131.56425476074222,19.7091007232666,0.32738018,8.115634,0.0590771535491632,156.00749,5.0472918,0.0323528812623035,,,,,,,,,True,True
661166513928414464,,,NGC2632,131.60787963867188,19.893129348754886,3.1225185,18.091352,0.1706226294497602,,,,,,,,,,,,False,False
661167785238757376,,,NGC2632,131.35835266113278,19.69839859008789,2.4000425,14.519704,0.1898306508708926,,,,,,,,,,,,False,False
661173317156579328,,,NGC2632,131.23834228515622,19.8154354095459,2.8825026,15.641089,0.1889101094200526,,,,,,,,,,,,False,False
661179158312129024,,,NGC2632,131.59934997558594,19.96778678894043,2.7298174,15.181045,0.1912007599452782,,,,,,,,,,,,False,False
661185755383916160,,,NGC2632,130.11746215820312,18.93575668334961,2.1281166,13.9208145,0.1887181114378629,,,,,,,,,,,,False,False
661186202060520704,,,NGC2632,130.01612854003906,18.932531356811523,3.1986828,17.075360999999997,0.1799710876405039,,,,,,,,,,,,False,False
661186683096853248,,,NGC2632,130.05928039550778,18.95867156982422,1.4954529,12.52172,0.1770163211570641,,,,,,,,,,,,False,False
661190015991474688,G16333821621632,331102138.0,NGC2632,130.00692749023438,18.99978446960449,0.8121109000000001,9.548475,0.5880306750353912,,,,5984.68,37.46,4.148,0.055,0.287,0.032,-3.95293,0.01577,False,False
661190153430426880,,,NGC2632,130.02365112304688,19.025129318237305,1.2839317,11.587568,0.1917236804712943,,,,,,,,,,,,False,False
661190290869387776,,,NGC2632,129.94035339355472,18.976062774658203,2.6748524,15.06809,0.1911094197351918,,,,,,,,,,,,False,False
661194310958749696,,,NGC2632,130.31410217285156,19.086153030395508,2.480483,14.638469,0.1911868495895866,,,,,,,,,,,,False,False
661194856416193024,,,NGC2632,130.22547912597656,19.081939697265625,3.3831425000000004,17.42314,0.1807732389681,,,,,,,,,,,,False,False
661195788427497472,,,NGC2632,130.33189392089844,19.098358154296875,3.1082973,16.8348,0.180206516210727,,,,,,,,,,,,False,False
661195955927826944,,,NGC2632,130.35618591308594,19.12731170654297,2.936926,16.772776,0.1765686230423672,,,,,,,,,,,,False,False
661199911596105600,,,NGC2632,130.13716125488278,19.194265365600582,0.38850307,8.344441999999999,0.0678627117445599,,,,,,,,,,,,False,False
661200388334089856,,,NGC2632,130.22425842285156,19.1870059967041,3.905756,17.907053,0.1866602712695288,,,,,,,,,,,,False,False
661200663212002304,,,NGC2632,130.29220581054688,19.20361518859864,3.2770157,16.83952,0.1843009137681618,,,,,,,,,,,,False,False
661201389066412928,,,NGC2632,130.24528503417972,19.237913131713867,3.4991608,16.971633999999998,0.1881331274944993,,,,,,,,,,,,False,False
661202282418030080,,,NGC2632,130.262939453125,19.30249786376953,3.273407,17.000866000000002,0.1824653190870445,,,,,,,,,,,,False,False
661204167906246784,,,NGC2632,129.91500854492188,19.11556434631348,3.2220554,16.93694,0.18191240458574,,,,,,,,,,,,False,False
661206577385260800,,,NGC2632,129.99177551269528,19.201574325561523,0.5555601,9.030169,0.1166341974296713,,,,,,,,,,,,False,False
661207024061875456,G16333814097346,379307195.0,NGC2632,129.80055236816406,19.11555862426757,0.7262715999999999,10.003979,0.1050260890232481,10.129678,5.117467,0.5051954267450555,6152.86,18.19,4.369,0.023,0.212,0.012,-4.2736,0.04385,True,False
661209566682500736,,,NGC2632,129.94386291503906,19.21773147583008,1.9978609,13.633833,0.1876675529109621,,,,,,,,,,,,False,False
661210666194127360,G16333793881246,78903113.0,NGC2632,129.90162658691406,19.260440826416016,1.6865377,12.90402,0.1842270450816562,,,,3986.36,58.92,4.546,0.089,-0.112,0.057,-4.55995,0.05697,False,False
661210734913600000,,,NGC2632,129.93592834472656,19.27515983581543,0.26599312,7.450721000000001,0.0841736960564056,214.73802,4.357582,0.020292549963904855,,,,,,,,,True,True
661211142934329088,,,NGC2632,130.08857727050778,19.18109130859375,1.9351997,13.476928,0.187533738029973,,,,,,,,,,,,False,False
661211147230556160,,,NGC2632,130.08872985839844,19.18175888061523,1.7677984,13.0039015,0.1885691973917712,,,,,,,,,,,,False,False
661211727047722752,,,NGC2632,130.10919189453122,19.21936798095703,1.2305174,11.869166,0.1644119281539917,,,,,,,,,,,,False,False
661212933936844416,G16331654561294,331102035.0,NGC2632,130.11415100097656,19.277982711791992,0.8173590000000001,10.519734,0.1141516810034056,8.465037,4.353999,0.5143508528078494,5855.75,27.41,4.498,0.037,0.266,0.02,-4.4417,0.10312,True,False
661214136527890944,,,NGC2632,130.19184875488278,19.309541702270508,0.5584154,9.103741,0.089880443540365,,,,,,,,,,,,False,False
661215751435494144,,,NGC2632,130.01022338867188,19.27765464782715,2.8205214,15.740832,0.1853030561839734,,,,,,,,,,,,False,False
661216743570426240,,,NGC2632,129.9678955078125,19.312578201293945,0.6705103,9.700335,0.1022578693000551,14.933937,3.498274,0.23424995029776807,,,,,,,,,True,False
661216747867811328,,,NGC2632,129.96379089355472,19.3055419921875,2.8497887000000004,16.002338,0.1826577072972893,,,,,,,,,,,,False,False
661216885306765824,,,NGC2632,129.92713928222656,19.30794143676757,2.9525185,15.396097,0.1956649031333854,,,,,,,,,,,,False,False
661216949728995584,,,NGC2632,129.91860961914062,19.314905166625977,2.8728514,15.8491125,0.1854595496822464,,,,,,,,,,,,False,False
661219290488437632,,,NGC2632,130.01718139648438,19.41390037536621,2.8492307999999995,15.564151,0.188996158450367,,,,,,,,,,,,False,False
661220974115692416,,,NGC2632,130.47212219238278,19.265411376953125,3.0167904,16.656848999999998,0.1797447519947749,,,,,,,,,,,,False,False
661222073627319296,,,NGC2632,130.43269348144528,19.302217483520508,2.0162573,13.723632,0.1865318999555103,,,,,,,,,,,,False,False
661222962682863616,,,NGC2632,130.55451965332028,19.314598083496097,3.213873,17.36896,0.1776334597464484,,,,,,,,,,,,False,False
661221764391246080,,,NGC2632,130.43937683105472,19.267230987548828,0.6677741999999999,9.632183,0.1271420223302946,11.649458,2.8293858,0.24287703342078232,,,,,,,,,True,False
661221828810801408,,,NGC2632,130.41244506835938,19.265724182128903,1.2674036,12.049022,0.1632141372125355,,,,,,,,,,,,False,False
661224581888230400,,,NGC2632,130.32649230957028,19.260936737060547,0.2928481,7.772139999999999,0.0961973383965362,,,,,,,,,,,,False,True
661229701489213824,,,NGC2632,130.66415405273438,19.41435813903809,2.9709167,16.142378,0.1844946910582912,,,,,,,,,,,,False,False
661229976367125504,,,NGC2632,130.59910583496094,19.386734008789062,3.0757275,16.219795,0.186538985043618,,,,,,,,,,,,False,False
661228739416624384,,,NGC2632,130.62350463867188,19.331193923950195,3.1580105,16.881227,0.1809451607522878,,,,,,,,,,,,False,False
661231625634645504,,,NGC2632,130.7718505859375,19.46511650085449,1.9722347,13.592593,0.1869849547180097,,,,,,,,,,,,False,False
661233137463057152,,,NGC2632,130.52690124511722,19.41120338439941,0.27593184,7.738602999999999,0.0846291547875155,153.69246,3.721407,0.024213334863662145,,,,,,,,,True,True
661233584139655040,,,NGC2632,130.50650024414062,19.446069717407227,2.850463,15.880397,0.184305145703343,,,,,,,,,,,,False,False
661234679353175296,,,NGC2632,130.46060180664062,19.494245529174805,3.0934048,16.91188,0.1790741611343066,,,,,,,,,,,,False,False
661235439565517568,,,NGC2632,130.6280517578125,19.49188232421875,2.7720814,15.771870000000002,0.1832621781150712,,,,,,,,,,,,False,False
661235985023722496,,,NGC2632,130.67057800292972,19.532861709594727,2.9878864,16.828741,0.1773038685310385,,,,,,,,,,,,False,False
661235989321322240,,,NGC2632,130.66949462890622,19.543127059936523,0.59187317,9.299872,0.0838958243965191,47.082863,3.9011965,0.08285809849753614,,,,,,,,,True,False
661238635021126656,,,NGC2632,130.22407531738278,19.37883377075196,2.1307478,13.856455,0.1905553443006137,,,,,,,,,,,,False,False
661239390935360512,,,NGC2632,130.28001403808594,19.446861267089844,1.0922326999999998,11.545835,0.1509291129128047,16.20207,16.598173,1.0244476785990926,,,,,,,,,True,False
661239390935361024,,,NGC2632,130.27854919433594,19.44354057312012,2.7409992,15.411095,0.1876142035667141,,,,,,,,,,,,False,False
661239631450927488,,,NGC2632,130.24261474609378,19.447885513305664,3.073557,17.430128,0.1741362163484366,,,,,,,,,,,,False,False
661242895630246016,G16331656448427,379306201.0,NGC2632,130.21868896484378,19.483158111572266,0.67320347,9.760421,0.0857217370239209,9.161749,3.9339988,0.42939386355159914,6272.46,57.86,4.219,0.089,0.161,0.056,-4.34609,0.02513,True,False
661243273585807872,,,NGC2632,130.094482421875,19.46470832824707,0.74009514,10.094837,0.1037902264864156,,,,,,,,,,,,False,False
661243307945543936,,,NGC2632,130.10624694824222,19.475706100463867,0.612957,9.364058,0.1163604280901533,,,,,,,,,,,,False,False
661244270018200192,,,NGC2632,130.29159545898438,19.50885391235352,0.65646076,9.580269,0.125055378566039,21.178589,2.5865645,0.12213110609021216,,,,,,,,,True,False
661244647975316736,,,NGC2632,130.29693603515622,19.52958297729492,2.5127249,14.310502,0.2006842636114244,,,,,,,,,,,,False,False
661246022364851072,,,NGC2632,130.23439025878906,19.58028030395508,0.23989916,6.5779777,0.0060493021632351,191.88594,2.9030786,0.015129188725343816,,,,,,,,,True,True
661246675199973504,,,NGC2632,130.40570068359378,19.52048110961914,1.4193277,12.373594,0.1729159516705652,,,,,,,,,,,,False,False
661247602912908032,,,NGC2632,130.38961791992188,19.549999237060547,3.0059376,16.399202,0.1823147995527614,,,,,,,,,,,,False,False
661247671632285312,,,NGC2632,130.36224365234378,19.54240798950196,0.6100025,9.340509,0.1205513798455077,13.799577,3.243573,0.23504872649357297,,,,,,,,,True,False
661249595777725568,,,NGC2632,130.47312927246094,19.60842704772949,3.0032272,16.361746,0.1826836401152412,,,,,,,,,,,,False,False
661249694558990848,,,NGC2632,130.47802734375,19.616811752319336,3.2198029,17.490804999999998,0.1767383505331506,,,,,,,,,,,,False,False
661250145533531008,,,NGC2632,130.51939392089844,19.633501052856445,3.2465649,18.152346,0.1724965539036569,,,,,,,,,,,,False,False
661251210685333120,,,NGC2632,130.33502197265622,19.62284469604492,2.1513004,13.9762745,0.1887537707938266,,,,,,,,,,,,False,False
661251966599576576,G16331835815978,78915058.0,NGC2632,130.33283996582028,19.63458633422852,1.4040613000000002,12.382252,0.1705876999570653,,,,4350.4,35.15,4.604,0.05,-0.001,0.032,-4.54489,0.04238,False,False
661253027453650432,,,NGC2632,130.45838928222656,19.659557342529297,2.257454,14.167236,0.1903083383982473,,,,,,,,,,,,False,False
661253272269624576,,,NGC2632,130.41322326660156,19.6744384765625,2.6076088,14.795727,0.193706162891299,,,,,,,,,,,,False,False
661253478428045568,G16331866421660,379306102.0,NGC2632,130.48262023925778,19.689620971679688,0.8140564,10.4059725,0.1238774005503422,7.268798,4.074726,0.5605776911120656,5901.72,21.55,4.497,0.028,0.29,0.015,-4.34031,0.06112,True,False
661254303061774976,,,NGC2632,130.3695068359375,19.71352195739746,3.0983315,16.724375,0.1811111125868458,,,,,,,,,,,,False,False
661257154920147072,,,NGC2632,129.7301025390625,19.283769607543945,2.2123613,13.99735,0.1919215975101458,,,,,,,,,,,,False,False
661257704675956480,,,NGC2632,129.81343078613278,19.28647422790528,2.389886,14.515759,0.1894119156735958,,,,,,,,,,,,False,False
661258872906952320,,,NGC2632,129.75932312011722,19.326187133789062,1.1008692,11.485772,0.1559197032479354,7.3463573,12.839731,1.7477683803917352,,,,,,,,,True,False
661258937329286400,,,NGC2632,129.81390380859378,19.32452392578125,3.1888523,16.759829,0.1830041011094598,,,,,,,,,,,,False,False
661259040408504064,,,NGC2632,129.81536865234378,19.33399200439453,3.0970993,16.952328,0.1787708613446856,,,,,,,,,,,,False,False
661259384005904256,,,NGC2632,129.82691955566406,19.378910064697266,3.2690697,16.988757999999997,0.1824895495579113,,,,,,,,,,,,False,False
661259525741991808,,,NGC2632,129.65596008300778,19.25793075561523,2.7394457,14.950156,0.196185159683414,,,,,,,,,,,,False,False
661262652478166528,,,NGC2632,129.76268005371094,19.4043025970459,2.9853477,16.082957999999998,0.1857151406041989,,,,,,,,,,,,False,False
661263305313199360,,,NGC2632,129.67257690429688,19.42168617248535,1.7522106,13.0872345,0.1843341746898635,,,,,,,,,,,,False,False
661263408392412928,,,NGC2632,129.71116638183594,19.41500473022461,2.543744,14.772754,0.1913066144641309,,,,,,,,,,,,False,False
661264439184662016,G16333780413256,379306214.0,NGC2632,129.94044494628906,19.36692810058593,0.7423172,10.066867,0.1115226875128949,9.045295,5.2646775,0.5820349142841666,6089.98,23.96,4.366,0.03,0.221,0.014,-4.2891,0.04,True,False
661264679702825344,,,NGC2632,129.97134399414062,19.40097999572754,2.7853022000000003,15.580155,0.1865088558193904,,,,,,,,,,,,False,False
661265229458645120,,,NGC2632,129.88214111328122,19.40482521057129,2.7388306,15.3061695,0.1893049714154913,,,,,,,,,,,,False,False
661265951013145344,,,NGC2632,129.90968322753906,19.44080352783203,1.1659985000000002,11.676241,0.1608672069832979,,,,,,,,,,,,False,False
661268253115601792,,,NGC2632,129.99053955078122,19.54141998291016,0.31195307,7.293408,0.0992546756082859,,,,,,,,,,,,False,True
661268940310277888,G16333777792229,379306020.0,NGC2632,129.85391235351562,19.459287643432617,0.7643175,9.86649,0.204976678388541,,,,6098.15,27.08,4.346,0.036,0.23,0.02,-4.25086,0.03759,False,False
661269043386545536,G16333778240320,331102194.0,NGC2632,129.86892700195312,19.473594665527344,1.07234,10.759586,0.2180038326942388,27.532217,14.997067,0.5447097485829057,5203.9,28.59,4.756,0.038,0.275,0.023,-4.37156,0.03897,True,False
661270245980335104,,,NGC2632,129.80284118652344,19.50462532043457,3.112236,17.611553,0.1735875454301037,,,,,,,,,,,,False,False
661270486498500352,,,NGC2632,129.90171813964844,19.48546028137207,1.9080505,13.465227,0.1858211175934749,,,,,,,,,,,,False,False
661271238116475648,G16331647335715,379306008.0,NGC2632,129.96165466308594,19.550519943237305,0.95038795,11.064226,0.1360539714676839,,,,5538.6,34.09,4.593,0.047,0.298,0.027,-4.33106,0.12893,False,False
661277461525418752,G16334003443739,400313237.0,NGC2632,129.44404602050778,19.43828582763672,0.7378235,10.0554,0.1085672798294135,10.882989,3.984755,0.366145274979144,6100.3,23.57,4.394,0.031,0.201,0.016,-4.31613,0.05779,True,False
661277908202012672,,,NGC2632,129.48788452148438,19.46380424499512,2.76651,15.344347,0.189686709851583,,,,,,,,,,,,False,False
661278767195471360,,,NGC2632,129.47854614257812,19.48596954345703,2.8124619,15.461262,0.1893857278751071,,,,,,,,,,,,False,False
661279042073291776,,,NGC2632,129.45745849609378,19.51405334472656,2.1576824,13.962742,0.1894831906428718,,,,,,,,,,,,False,False
661281206736808064,,,NGC2632,129.52801513671878,19.571571350097656,2.9176483,16.08265,0.1836825523591935,,,,,,,,,,,,False,False
661281756489774464,,,NGC2632,129.70881652832028,19.504138946533203,3.1094150000000003,18.404581,0.1686424837931051,,,,,,,,,,,,False,False
661281756492696448,,,NGC2632,129.69544982910156,19.500864028930664,0.43794727,8.640412,0.0397047436974133,,,,,,,,,,,,False,False
661282031370596608,,,NGC2632,129.76698303222656,19.52263259887696,1.4716988000000002,12.52634,0.1739739853486598,,,,,,,,,,,,False,False
661283057865715456,,,NGC2632,129.67314147949222,19.57163619995117,2.9890652,16.715876,0.1784324820289562,,,,,,,,,,,,False,False
661283199601699328,,,NGC2632,129.722900390625,19.571319580078125,1.6187018999999998,12.787073,0.1813774221187064,,,,,,,,,,,,False,False
661285707862587520,,,NGC2632,129.79209899902344,19.678369522094727,0.5471029000000001,8.978461,0.1177832428941508,,,,,,,,,,,,False,False
661289105178505344,,,NGC2632,129.76161193847656,19.72466087341309,0.63884926,8.787346000000001,0.3637804452795846,,,,,,,,,,,,False,False
661288628440350080,,,NGC2632,129.77528381347656,19.6767578125,0.36486673,7.1392407,0.1069854800612049,,,,,,,,,,,,False,True
661290758744228224,,,NGC2632,130.07522583007812,19.53193664550781,0.19776106,7.378975,0.0332675453485401,67.4523,1.7717505,0.0262667173691631,,,,,,,,,True,True
661291136701346304,,,NGC2632,130.11236572265622,19.54475784301757,0.22134113,6.117872,-0.0444890083470827,,,,,,,,,,,,False,False
661292511090872960,G16331837555847,379306224.0,NGC2632,130.17683410644528,19.565948486328125,0.8596144,10.663594,0.1255801864632013,,,,5728.41,25.06,4.514,0.032,0.299,0.016,-4.45497,0.05929,False,False
661292953470107392,,,NGC2632,130.15809631347656,19.607866287231445,3.032812,17.838776,0.1704815166607936,,,,,,,,,,,,False,False
661293812462666240,,,NGC2632,130.13926696777344,19.633533477783203,1.040906,11.363196,0.1471186093193596,8.341402,6.3940754,0.7665468466811695,,,,,,,,,True,False
661294052980833792,G16331846600053,331110171.0,NGC2632,130.11447143554688,19.65543365478516,1.2920246000000002,12.1407995,0.1635853980575209,,,,4529.28,40.89,4.609,0.057,0.063,0.034,-4.51973,0.08375,False,False
661294705815866240,,,NGC2632,129.999755859375,19.577857971191406,1.1838741000000002,11.895272,0.1549391684936324,,,,,,,,,,,,False,False
661295324291154816,G16331834585882,331110165.0,NGC2632,130.04017639160156,19.62135887145996,0.975317,11.22191,0.1356794384081792,,,,5421.24,30.87,4.611,0.039,0.288,0.02,-4.33768,0.03814,False,False
661295672186702336,,,NGC2632,130.04812622070312,19.653215408325195,2.8629475,14.67869,0.2082392677623443,,,,,,,,,,,,False,False
661296565539900544,,,NGC2632,130.01019287109378,19.67643547058105,2.7494478,15.369391,0.1886208910334198,,,,,,,,,,,,False,False
661297080936069632,,,NGC2632,130.09185791015622,19.66987419128418,1.1328448999999998,5.5287657,0.0532458291760467,10.0322485,0.37389332,0.03726914459903979,,,,,,,,,True,False
661297321454333312,,,NGC2632,130.08628845214844,19.68667793273925,0.23564339,7.508721400000001,0.0628062804566282,7.3981047,2.141852,0.28951361015477384,,,,,,,,,True,True
661297493252924416,,,NGC2632,130.10874938964844,19.686420440673828,0.55206585,8.930046,0.1474727563539023,83.65758,6.7435613,0.08060908885961081,,,,,,,,,True,False
661298004351199104,,,NGC2632,130.04466247558594,19.680463790893555,3.3531914,17.519077,0.1792815038783277,,,,,,,,,,,,False,False
661298451027341056,,,NGC2632,130.020263671875,19.72920227050781,0.61112213,9.303516,0.1461783777554748,,,,,,,,,,,,False,False
661298833282624000,,,NGC2632,130.05726623535156,19.748836517333984,2.212986,14.103912,0.1892898584146582,,,,,,,,,,,,False,False
661298897704486912,,,NGC2632,130.05433654785156,19.763824462890625,3.223198,17.104813,0.1802511055743092,,,,,,,,,,,,False,False
661300551269631360,,,NGC2632,130.17985534667972,19.7192611694336,0.27323246,6.621073,0.0195338845928124,94.08405,1.5165197,0.01611877571171734,,,,,,,,,True,True
661300993647979776,G16331843996817,331110175.0,NGC2632,130.23605346679688,19.73472023010254,1.0265741,11.376409,0.1426862352399718,11.726692,8.777393,0.7484969333210082,5299.28,53.26,4.68,0.077,0.336,0.047,-4.38706,0.09505,True,False
661303471844671104,,,NGC2632,130.1640625,19.71537399291992,2.772254,15.184651,0.1928085004486443,,,,,,,,,,,,False,False
661305838371084288,,,NGC2632,130.29432678222656,19.829479217529297,0.4742527,8.648869,0.099882263816742,,,,,,,,,,,,False,False
661308935045711872,,,NGC2632,129.94459533691406,19.73677062988281,2.984623,16.330633,0.1825357838605281,,,,,,,,,,,,False,False
661310756111835392,,,NGC2632,130.05589294433594,19.778749465942383,1.2996044,12.117836,0.1656157454385526,,,,,,,,,,,,False,False
661311443306610688,,,NGC2632,129.92755126953122,19.778396606445312,0.349576,6.3758082,0.0144572443037242,142.45901,2.2635832,0.01588936494785412,,,,,,,,,True,True
661311752544249088,,,NGC2632,130.00242614746094,19.80649948120117,0.6687708,9.754804,0.0788034001976642,21.188625,2.366752,0.11169917821472607,,,,,,,,,True,False
661313569312788096,,,NGC2632,129.77882385253906,19.7855167388916,3.2845402000000004,17.166388,0.181050396746652,,,,,,,,,,,,False,False
661313917207778304,,,NGC2632,129.81979370117188,19.795116424560547,2.3254108,14.411247,0.1884035027886187,,,,,,,,,,,,False,False
661314570042801280,,,NGC2632,129.90461730957028,19.81604385375977,1.9538555,13.503534,0.1881588163920473,,,,,,,,,,,,False,False
661314638762274176,G16331779294723,331110161.0,NGC2632,129.94595336914062,19.82756423950196,1.1531754,11.788461,0.1533683541370952,,,,4922.96,53.52,4.706,0.073,0.216,0.042,-4.40265,0.06517,False,False
661313367453547904,,,NGC2632,129.77114868164062,19.75729751586914,2.8952808,15.820868,0.1865911681436381,,,,,,,,,,,,False,False
661315837054947840,,,NGC2632,129.84088134765622,19.86113929748535,1.1103916,11.644432,0.1505944730766935,7.811635,8.199539,1.0496572100462962,,,,,,,,,True,False
661317250102374528,G16331843448098,400313190.0,NGC2632,130.13186645507812,19.85022735595703,0.9111614,10.892189,0.1321325460195048,8.246671,5.745933,0.6967578796340973,5588.18,31.27,4.581,0.041,0.335,0.023,-4.43636,0.07734,True,False
661319483485360000,G16331874128262,379306186.0,NGC2632,130.20118713378906,19.92186546325684,0.8030529000000001,10.38515,0.1184571581909404,8.74968,4.785291,0.5469104012946759,5897.69,23.25,4.431,0.029,0.259,0.014,-4.30448,0.0342,True,False
661319547906688896,G16331873993674,331110216.0,NGC2632,130.22846984863278,19.935115814208984,1.0172558,11.281311,0.144889593714668,11.043117,23.916683,2.1657547411659226,5314.35,37.17,4.65,0.048,0.298,0.026,-4.34142,0.04268,True,False
661319552204833024,,,NGC2632,130.237060546875,19.934795379638672,0.40669632,8.390786,0.0776628425293164,,,,,,,,,,,,False,False
661319620924311296,,,NGC2632,130.2159423828125,19.94167137145996,2.4754372000000004,14.808514,0.1875226175865834,,,,,,,,,,,,False,False
661320067600915328,,,NGC2632,130.12727355957028,19.93294334411621,2.5644674,14.859592999999998,0.1904754957050411,,,,,,,,,,,,False,False
661321304551503616,,,NGC2632,130.01509094238278,19.916473388671875,2.8837223,15.042538,0.2002328424089158,,,,,,,,,,,,False,False
661322060465742336,,,NGC2632,130.04754638671878,19.9710750579834,0.020564556,6.5722966,-0.0556058519785735,,,,,,,,,,,,False,False
661323641013704832,,,NGC2632,130.06378173828122,19.994245529174805,0.41988468,8.482422,0.0674163758650289,,,,,,,,,,,,False,False
661324431287688448,,,NGC2632,130.02658081054688,20.00773429870605,1.0998583,5.520271,0.0458705704910157,7.448408,0.36803797,0.049411628632588335,,,,,,,,,True,False
661325393360354688,,,NGC2632,130.06317138671878,20.0871524810791,3.1031713,15.463206,0.1998566683726386,,,,,,,,,,,,False,False
661326011834490496,,,NGC2632,130.82666015625,19.518787384033203,2.6155834,15.155579,0.1871258265099168,,,,,,,,,,,,False,False
661327248785037184,,,NGC2632,130.80256652832028,19.574657440185547,3.0151463,16.120335,0.18610028716822,,,,,,,,,,,,False,False
661331028356266752,,,NGC2632,130.6416015625,19.60335159301757,2.7159681,14.613725,0.2029949721690897,,,,,,,,,,,,False,False
661332948204741504,,,NGC2632,130.79290771484378,19.7103214263916,3.1361504,17.640669,0.1738607214303855,,,,,,,,,,,,False,False
661333704119506944,,,NGC2632,130.78761291503906,19.719913482666016,3.2899628,17.75274,0.1760926558821028,,,,,,,,,,,,False,False
661340614723243392,,,NGC2632,130.86480712890622,19.827861785888672,2.84441,15.506142,0.1897816055227801,,,,,,,,,,,,False,False
661342710667273856,,,NGC2632,130.96572875976562,19.913545608520508,1.6346388,12.83746,0.1812934048373443,,,,,,,,,,,,False,False
661344188136057984,,,NGC2632,130.56437683105472,19.68759536743164,0.61588,9.392172,0.109272940805911,18.782938,3.3596418,0.17886668209201348,,,,,,,,,True,False
661347727189029504,,,NGC2632,130.49711608886722,19.745792388916016,2.2512197,14.151309,0.1903390687685694,,,,,,,,,,,,False,False
661348517463001216,,,NGC2632,130.56439208984378,19.815948486328125,2.6160593,15.074979,0.1885742716071428,,,,,,,,,,,,False,False
661350750845994240,,,NGC2632,130.55665588378906,19.835681915283203,2.308076,14.35896,0.1886460191421758,,,,,,,,,,,,False,False
661353770206306560,,,NGC2632,130.75762939453122,19.90120887756348,3.1814327,16.844963,0.1818961829649708,,,,,,,,,,,,False,False
661358241268943616,,,NGC2632,130.65657043457028,19.98852729797364,3.033966,16.079193,0.1872303472161921,,,,,,,,,,,,False,False
661359061606102016,,,NGC2632,130.80509948730472,20.004419326782227,3.3121223,17.146425,0.1818734007792639,,,,,,,,,,,,False,False
661356488922418944,,,NGC2632,130.71026611328122,19.91763496398925,2.6464252,15.148766,0.1884752568643233,,,,,,,,,,,,False,False
661362055200029056,,,NGC2632,131.07142639160156,19.86532211303711,1.7171706999999998,13.040434,0.1826315963031432,,,,,,,,,,,,False,False
661365697332234112,,,NGC2632,131.08833312988278,19.93655586242676,3.0071526,15.951572,0.1882369123349285,,,,,,,,,,,,False,False
661383731898310016,,,NGC2632,130.833740234375,20.073806762695312,3.1033955,16.69209,0.1815876010624728,,,,,,,,,,,,False,False
661383770554619136,,,NGC2632,130.83439636230472,20.079269409179688,2.9377766,16.267805,0.1819622327337939,,,,,,,,,,,,False,False
661387756285499136,,,NGC2632,131.20741271972656,20.1776123046875,3.3741646,18.044071,0.1755489167074382,,,,,,,,,,,,False,False
661387992505550080,,,NGC2632,131.16963195800778,20.193578720092773,1.692482,12.944854,0.1834192653058048,,,,,,,,,,,,False,False
661391157898332160,,,NGC2632,131.20278930664062,20.29050064086914,1.2382135,11.905504,0.1641894464097323,6.9953,13.047262,1.865146884336626,,,,,,,,,True,False
661391982532062848,,,NGC2632,131.09652709960938,20.232074737548828,2.972723,16.098791000000002,0.1851233042742386,,,,,,,,,,,,False,False
661394525152691840,,,NGC2632,131.14353942871094,20.341482162475582,2.8025932,15.80327,0.1838272973687706,,,,,,,,,,,,False,False
661396140060387456,,,NGC2632,130.42373657226562,19.832557678222656,2.8130894,16.210905,0.179035434705138,,,,,,,,,,,,False,False
661397308291492608,,,NGC2632,130.36148071289062,19.87677001953125,3.2351742000000003,16.537878,0.1868260750368841,,,,,,,,,,,,False,False
661401122222444288,G16331876246994,379306189.0,NGC2632,130.35751342773438,19.94351387023925,0.7516241,10.12277,0.111310731905791,8.603511,4.6075444,0.5355423384708872,6078.45,26.77,4.413,0.036,0.252,0.021,-4.29742,0.07924,True,False
661401225301656192,G16331819748481,379306198.0,NGC2632,130.39079284667972,19.96902847290039,0.92942333,10.959602,0.1348762248535114,,,,5560.07,35.15,4.625,0.046,0.336,0.024,-4.40601,0.05192,False,False
661401358444641152,,,NGC2632,130.30722045898438,19.921937942504886,0.28129864,8.095226,0.0169006833053789,129.58498,4.7743583,0.03684345438800083,,,,,,,,,True,True
661401431460014720,,,NGC2632,130.29367065429688,19.93512916564941,2.7044954,14.503118,0.2053603501185781,,,,,,,,,,,,False,False
661401431460014976,G16331876826360,92005185.0,NGC2632,130.2906494140625,19.935291290283203,1.4395313,12.413293,0.1740629404106624,,,,4347.25,42.92,4.498,0.063,-0.179,0.041,-4.2743,0.05274,False,False
661402084295115904,,,NGC2632,130.35826110839844,19.98746109008789,2.8233128,15.603331,0.1874691267864723,,,,,,,,,,,,False,False
661402664114086912,,,NGC2632,130.44952392578122,19.99716758728028,3.2010517000000003,17.403126,0.1770683113094086,,,,,,,,,,,,False,False
661404764354696448,,,NGC2632,130.62432861328122,19.975418090820312,3.1691303,16.549543,0.1849306632282119,,,,,,,,,,,,False,False
661406546764571392,,,NGC2632,130.5877685546875,20.05573463439941,2.8794003,15.951637,0.1842461720440469,,,,,,,,,,,,False,False
661407375694800000,,,NGC2632,130.73628234863278,20.071638107299805,2.8399467,15.475431,0.190138414297089,,,,,,,,,,,,False,False
661408818803811200,,,NGC2632,130.65399169921878,20.142114639282227,1.5593233,12.643685,0.1800161735869828,,,,,,,,,,,,False,False
661409609077800960,,,NGC2632,130.56919860839844,20.09231185913086,1.6396636999999998,12.8238,0.1822784136299325,,,,,,,,,,,,False,False
661410360695218048,G16331828876216,331103040.0,NGC2632,130.49501037597656,20.10746192932129,1.3156576,12.130836,0.1675712985283297,,,,4502.73,44.1,4.596,0.064,0.065,0.041,-4.51117,0.07304,False,False
661412495295816960,,,NGC2632,130.58987426757812,20.181591033935547,0.5195503,8.800689,0.1286329929398394,,,,,,,,,,,,False,False
661413800965826688,,,NGC2632,130.22454833984378,19.99862670898437,2.6200504,15.352819,0.1840630458707413,,,,,,,,,,,,False,False
661413800965826816,,,NGC2632,130.22396850585938,19.99888229370117,2.8855295,15.182517,0.1973218763165679,,,,,,,,,,,,False,False
661414213282680960,,,NGC2632,130.31407165527344,20.03769874572754,1.6525706999999998,12.868636,0.1820524370383597,,,,,,,,,,,,False,False
661416274866976384,,,NGC2632,130.38531494140622,20.10181999206543,2.9769459,16.350557000000002,0.1820836434806562,,,,,,,,,,,,False,False
661418405170762368,,,NGC2632,130.22471618652344,20.09005355834961,2.6376,15.369998999999998,0.184450362191632,,,,,,,,,,,,False,False
661419264165477504,G16331791735206,400312205.0,NGC2632,130.09280395507812,20.106698989868164,0.6573,9.554463,0.141967324179772,22.568836,2.7880101,0.12353362397599947,6364.72,19.36,4.248,0.026,0.194,0.013,-4.19048,0.01957,True,False
661421939927520384,,,NGC2632,130.24180603027344,20.21392822265625,3.3080273,16.887363,0.1845207984465371,,,,,,,,,,,,False,False
661422764560767360,,,NGC2632,130.47123718261722,20.159379959106445,0.4053688,8.210652,0.1201334590451,228.39986,4.823649,0.021119316798180174,,,,,,,,,True,True
661424143247274624,,,NGC2632,130.40553283691406,20.210176467895508,2.9026566000000003,15.895472,0.1857551783737096,,,,,,,,,,,,False,False
661429292911672320,,,NGC2632,130.42376708984378,20.318958282470703,3.3028297,17.206179000000002,0.1810747832916849,,,,,,,,,,,,False,False
661429675164926464,,,NGC2632,130.46614074707028,20.34659004211425,2.3698559,14.518337,0.1883641917385762,,,,,,,,,,,,False,False
661424074528836480,G16331818596883,415505088.0,NGC2632,130.43238830566406,20.22681427001953,0.7185935999999999,9.913274,0.1167531854674464,8.98445,2.875229,0.3200228172008303,6141.44,24.55,4.36,0.032,0.189,0.019,-4.32559,0.03235,True,False
661430705957076096,,,NGC2632,130.44947814941406,20.38958549499512,3.3211079,17.027820000000002,0.183302377484323,,,,,,,,,,,,False,False
661438913637806208,G16331707436274,331103006.0,NGC2632,130.75210571289062,20.33774375915528,0.88248634,10.735025,0.1311073131243765,6.5720916,3.8807433,0.5904883157745396,5666.21,36.54,4.556,0.047,0.329,0.024,-4.41445,0.06632,True,False
661438982357836544,,,NGC2632,130.7103271484375,20.33435440063477,3.2926998,16.89183,0.1840994667521963,,,,,,,,,,,,False,False
661458915303531136,,,NGC2632,130.73599243164062,20.51163482666016,2.9748116,16.154087,0.1844573183573871,,,,,,,,,,,,False,False
661458979725746304,,,NGC2632,130.72953796386722,20.52056884765625,3.3486977,17.677507000000002,0.1778530688243811,,,,,,,,,,,,False,False
661459774295767936,,,NGC2632,130.90335083007812,20.54005622863769,2.7302628,15.125347,0.1922670772230976,,,,,,,,,,,,False,False
661459774295768960,,,NGC2632,130.90353393554688,20.53716278076172,2.2670803,14.252327,0.1888468426945642,,,,,,,,,,,,False,False
661460083533415040,,,NGC2632,130.85404968261722,20.56531524658203,1.9205971,13.45515,0.1870604102972451,,,,,,,,,,,,False,False
661463446491712384,,,NGC2632,130.68893432617188,20.59258079528809,3.3015175,16.868778,0.1845711388110669,,,,,,,,,,,,False,False
661470460174102144,G16340140074444,126003045.0,NGC2632,132.27778625488278,19.68644905090332,0.96162224,11.153337,0.134885598698827,7.2442765,5.8822775,0.811989644514535,5434.08,30.84,4.609,0.042,0.296,0.024,-4.41303,0.08264,True,False
661479045812908032,,,NGC2632,132.4642333984375,19.833158493041992,3.6230564,17.289328,0.1873140332446224,,,,,,,,,,,,False,False
661485337940766208,,,NGC2632,131.97512817382812,19.73269271850586,3.161253,16.277155,0.1882189160073454,,,,,,,,,,,,False,False
661486158278348160,,,NGC2632,132.12724304199222,19.75194549560547,3.0852833,17.59218,0.1731779677537578,,,,,,,,,,,,False,False
661488052360088704,,,NGC2632,132.09806823730472,19.83655166625977,2.7372808,15.33682,0.1887188244198038,,,,,,,,,,,,False,False
661490693763838976,,,NGC2632,132.00518798828122,19.82748985290528,2.9807662999999995,16.18555,0.184225688916358,,,,,,,,,,,,False,False
661492274311844352,,,NGC2632,132.0308837890625,19.91638946533203,2.9320488,16.099873000000002,0.1838911079167887,,,,,,,,,,,,False,False
661527600419858816,,,NGC2632,132.35005187988278,20.235071182250977,3.1696663,16.217717999999998,0.1892881500468995,,,,,,,,,,,,False,False
661528184534528896,,,NGC2632,132.54257202148438,20.14854621887207,1.889823,13.315793,0.188844764359243,,,,,,,,,,,,False,False
661541374377652992,,,NGC2632,131.74755859375,19.916460037231445,3.335001,17.433163,0.1796594757030694,,,,,,,,,,,,False,False
661573603812920192,,,NGC2632,132.20126342773438,20.229427337646484,3.2158394,17.870337,0.1737949026230206,,,,,,,,,,,,False,False
661573608108602752,,,NGC2632,132.20457458496094,20.224205017089844,2.197033,14.077194,0.1890067934628857,,,,,,,,,,,,False,False
661588004838893568,,,NGC2632,132.39108276367188,20.508028030395508,0.5337,8.893361,0.1218399381306596,96.09324,2.8354812,0.029507603240352807,,,,,,,,,True,False
661598175321463936,,,NGC2632,132.20809936523438,20.443273544311523,2.2154245,14.100478,0.1895142151314572,,,,,,,,,,,,False,False
661699566613242880,,,NGC2632,132.24945068359378,20.69873809814453,3.4204769999999995,16.56353,0.1913925067126899,,,,,,,,,,,,False,False
665129291274749696,G16332422661510,331114098.0,NGC2632,130.15080261230472,21.561655044555664,0.9148216,10.996941,0.1271849994913534,,,,5557.51,36.4,4.572,0.049,0.269,0.027,-4.36527,0.0583,False,False
665141141087298688,,,NGC2632,130.22500610351562,21.756629943847656,2.817255,17.058323,0.171273500898436,,,,,,,,,,,,False,False
665149662302408576,,,NGC2632,129.89865112304688,21.739208221435547,3.2406216,17.513697,0.176985403107767,,,,,,,,,,,,False,False
665196876879610752,,,NGC2632,129.69927978515622,21.759183883666992,3.1499157,16.408022,0.1861706072893843,,,,,,,,,,,,False,False
665203233431193344,,,NGC2632,129.73384094238278,21.94079971313477,3.1967945,17.103281,0.1796592238792586,,,,,,,,,,,,False,False
665212510560536960,,,NGC2632,129.838623046875,22.08896446228028,2.8215723,15.624431,0.1870811599659977,,,,,,,,,,,,False,False
665417157162598144,G16334272873803,379315115.0,NGC2632,128.09764099121094,20.995744705200195,1.2052212,11.878293,0.1594385147269225,13.525954,12.687414,0.9380051122456871,4793.96,37.32,4.685,0.052,0.158,0.031,-4.3914,0.07896,True,False
665431927553215872,,,NGC2632,127.80815887451172,21.13740539550781,3.0713596,16.756327,0.180095899887786,,,,,,,,,,,,False,False
665440934101454720,,,NGC2632,127.91838073730467,21.27339744567871,2.985117,16.286747000000002,0.1830816392576835,,,,,,,,,,,,False,False
665450383029558016,,,NGC2632,128.31915283203122,21.33893585205078,2.8181114,14.870095999999998,0.2013769538794741,,,,,,,,,,,,False,False
665454368759275520,,,NGC2632,128.55769348144528,21.397789001464844,2.9121695,15.982614000000002,0.1848447842818294,,,,,,,,,,,,False,False
665458595007014912,,,NGC2632,128.44552612304688,21.440942764282227,1.7956637999999998,13.111095,0.1874515718673682,,,,,,,,,,,,False,False
662600689408917888,,,NGC2632,127.92888641357422,18.485088348388672,2.9510384,16.036137,0.1853113091032186,,,,,,,,,,,,False,False
662603575626986368,,,NGC2632,128.22102355957028,18.50811195373535,2.462985,14.613260999999998,0.1908902448523932,,,,,,,,,,,,False,False
662612440439438848,,,NGC2632,127.92024993896484,18.495237350463867,2.6945982,15.596305,0.1831144714078984,,,,,,,,,,,,False,False
662625978176332160,,,NGC2632,127.97595977783205,18.76001739501953,3.0101814,16.36448,0.1828444953416174,,,,,,,,,,,,False,False
662632540886348928,,,NGC2632,128.26190185546878,18.682580947875977,1.3542347,12.231134,0.1693699537588047,,,,,,,,,,,,False,False
662633228081183872,,,NGC2632,128.20700073242188,18.701698303222656,1.3877535,11.621056,0.2117851000204988,26.04364,8.645655,0.331967996793075,,,,,,,,,True,False
662633743477189632,G16334633963572,379301158.0,NGC2632,128.23176574707028,18.73277473449707,1.2734823,12.043404,0.164417139098865,10.992384,11.398049,1.0369041874810778,4593.06,41.33,4.665,0.058,0.104,0.034,-4.50935,0.06859,True,False
662634430672023680,,,NGC2632,128.36737060546878,18.726709365844727,3.0712337000000005,16.727575,0.1803922024305613,,,,,,,,,,,,False,False
662640615424927744,,,NGC2632,128.43295288085938,18.79741096496582,2.5599594,14.996733,0.1876733520297209,,,,,,,,,,,,False,False
662644326276577664,,,NGC2632,128.50187683105472,18.92667007446289,2.7289830000000004,15.071741,0.1932561008091212,,,,,,,,,,,,False,False
662645284052268416,,,NGC2632,128.14669799804688,18.735963821411133,3.1618862,16.750668,0.1824285273034625,,,,,,,,,,,,False,False
662655183953995392,,,NGC2632,128.2730712890625,18.930139541625977,2.6342468,14.662775,0.197909219570313,,,,,,,,,,,,False,False
662655974227886720,,,NGC2632,128.40827941894528,18.954833984375,2.5367498,14.912349,0.1882481670074179,,,,,,,,,,,,False,False
662658443832602752,,,NGC2632,128.2095947265625,18.961153030395508,3.0271397,18.408772,0.1672187906349196,,,,,,,,,,,,False,False
662661364410221696,,,NGC2632,128.2738037109375,19.04108428955078,3.17309,17.495703,0.1757218878949588,,,,,,,,,,,,False,False
662677758301970688,,,NGC2632,127.71403503417967,18.897600173950195,2.8919277,16.01664,0.1837653340664304,,,,,,,,,,,,False,False
665555175934680320,,,NGC2632,128.728759765625,21.64843368530273,3.0206833,16.003645000000002,0.1878989662401624,,,,,,,,,,,,False,False
665558165231918208,,,NGC2632,128.86158752441406,21.650447845458984,3.2064438,16.559872,0.1857914016610001,,,,,,,,,,,,False,False
662701741399303040,,,NGC2632,128.07856750488278,19.052358627319336,2.6904688,15.363574,0.1865211208395713,,,,,,,,,,,,False,False
662740739702048512,,,NGC2632,128.64561462402344,19.073013305664062,3.0279732000000004,16.075117000000002,0.1871067593801809,,,,,,,,,,,,False,False
662741564335762560,,,NGC2632,128.66523742675778,19.136831283569336,2.8222103,15.390169,0.1909612873318031,,,,,,,,,,,,False,False
662744210035689728,,,NGC2632,128.91513061523438,19.12671089172364,2.6610956000000003,14.844846,0.1950382937478166,,,,,,,,,,,,False,False
662748569425476224,,,NGC2632,128.81669616699222,19.202131271362305,2.978592,16.122799,0.1849795339149815,,,,,,,,,,,,False,False
662750222989808512,,,NGC2632,128.81138610839844,19.275434494018555,2.6110926,14.583489000000002,0.1987013450335752,,,,,,,,,,,,False,False
662768914687563776,,,NGC2632,129.0372314453125,19.229951858520508,2.3365946,14.365360999999998,0.1899997177329893,,,,,,,,,,,,False,False
662769911119972224,,,NGC2632,129.04110717773438,19.28789520263672,3.110733,17.618767000000002,0.1735047292857859,,,,,,,,,,,,False,False
662775266942252544,,,NGC2632,129.067138671875,19.37789726257324,3.157259,16.500154000000002,0.1852159639975377,,,,,,,,,,,,False,False
662776439470251136,,,NGC2632,129.05934143066406,19.425010681152344,2.7242537,14.446317,0.20794224868636,,,,,,,,,,,,False,False
662776576909207168,,,NGC2632,129.013671875,19.424598693847656,2.9824677000000004,16.31269,0.182691017630406,,,,,,,,,,,,False,False
662780047242755712,,,NGC2632,129.32437133789062,19.488014221191406,3.1781635,17.301003,0.1774436878886298,,,,,,,,,,,,False,False
662786743094868224,,,NGC2632,128.813232421875,19.37539863586425,3.2803726,17.195013,0.1806788339772906,,,,,,,,,,,,False,False
662787468946178176,,,NGC2632,128.85110473632812,19.42888641357422,3.0002708,17.710657,0.1706568673848879,,,,,,,,,,,,False,False
662792790408901504,,,NGC2632,128.90037536621094,19.532787322998047,3.2437400000000003,17.194765,0.1798581436403723,,,,,,,,,,,,False,False
662794169095142912,,,NGC2632,128.83085632324222,19.59000968933105,0.84907436,5.903957,0.0595822738682844,,,,,,,,,,,,False,False
662794787570424448,,,NGC2632,128.99928283691406,19.52547073364257,1.3367577,12.100826,0.1720753460300189,15.306933,17.129726,1.1190828365159762,,,,,,,,,True,False
662796814795084160,,,NGC2632,129.12992858886722,19.592548370361328,2.7833633,15.587606,0.1863266787693662,,,,,,,,,,,,False,False
662797806930496256,,,NGC2632,129.05857849121094,19.62143898010254,1.1228657,11.673087,0.1520153077380129,,,,,,,,,,,,False,False
662799009521584640,,,NGC2632,128.94692993164062,19.589555740356445,2.9693565,16.119713,0.1847454269578549,,,,,,,,,,,,False,False
662800456927247744,,,NGC2632,128.93798828125,19.640531539916992,1.2094258999999998,11.945309,0.1575354267057726,,,,,,,,,,,,False,False
662801827020165504,,,NGC2632,129.04495239257812,19.69474983215332,3.0277672000000004,16.948788,0.1771491252478849,,,,,,,,,,,,False,False
662805061132155008,,,NGC2632,128.32475280761722,19.27570533752441,2.9694605,15.523538,0.1939272449109841,,,,,,,,,,,,False,False
662811653905586176,,,NGC2632,128.32325744628906,19.430633544921875,1.49615,12.545275,0.1762383749310417,,,,,,,,,,,,False,False
662813990368040832,,,NGC2632,128.46748352050778,19.43655776977539,3.271595,17.090304999999997,0.1815078218782868,,,,,,,,,,,,False,False
662823993347982208,,,NGC2632,128.29556274414062,19.48942947387696,3.0945482,15.641423,0.1961604179186635,,,,,,,,,,,,False,False
662828838071658880,,,NGC2632,128.07426452636722,19.547021865844727,2.876318,15.619448,0.1890439333413255,,,,,,,,,,,,False,False
662841379375655936,G16334735512905,379308159.0,NGC2632,128.82402038574222,19.63613510131836,0.9429083,11.076325,0.1328052817445724,7.025769,4.7378206,0.6743490427880563,5491.61,51.69,4.612,0.078,0.314,0.049,-4.45279,0.0851,True,False
662849209099669120,,,NGC2632,128.83041381835938,19.76139068603516,2.9643497,16.03195,0.1857744928933073,,,,,,,,,,,,False,False
662849900590743936,,,NGC2632,128.93763732910156,19.77110290527344,0.19997072,7.320773,0.0332511097510365,115.14642,2.9523757,0.025640186642363696,,,,,,,,,True,True
662855810465648000,,,NGC2632,128.82046508789062,19.91476058959961,2.4636755,14.659242,0.1899550593968667,,,,,,,,,,,,False,False
662859104704260224,G16334745829988,400309171.0,NGC2632,128.600341796875,19.793359756469727,1.2957468,12.141679,0.1641184363238421,,,,4518.32,39.97,4.566,0.056,0.039,0.033,-4.48609,0.06587,False,False
662859654460073984,,,NGC2632,128.51463317871094,19.79522705078125,1.3484001,12.226595,0.1687041554509936,,,,,,,,,,,,False,False
662859693116109312,,,NGC2632,128.54249572753906,19.80489158630371,1.541008,12.71944,0.1753637600731793,,,,,,,,,,,,False,False
662861136225126016,,,NGC2632,128.46134948730472,19.78289222717285,2.0691643,13.856293,0.1866208555733312,,,,,,,,,,,,False,False
662867866437640704,,,NGC2632,128.77621459960938,19.94658851623535,3.3132706,17.024296,0.1831560894409576,,,,,,,,,,,,False,False
662912813272290688,,,NGC2632,127.71243286132812,19.352407455444336,1.8143492,13.188447,0.1865726167687591,,,,,,,,,,,,False,False
662915940008482304,,,NGC2632,127.67726135253906,19.375185012817383,3.1077023,16.51124,0.1837546162908429,,,,,,,,,,,,False,False
662917726714872960,,,NGC2632,127.82037353515624,19.35521125793457,2.419345,14.268867000000002,0.1967462924923207,,,,,,,,,,,,False,False
662919066744669568,,,NGC2632,127.75069427490234,19.404417037963867,3.1904526,16.824092999999998,0.1823412412417923,,,,,,,,,,,,False,False
662925629454594944,G16334803416861,400304026.0,NGC2632,127.7309112548828,19.5554428100586,0.77725124,10.181075,0.1267695229330845,7.243132,5.385099,0.7434765789164135,6024.31,17.47,4.417,0.022,0.226,0.01,-4.26663,0.01695,True,False
662930091923625216,,,NGC2632,127.49440002441406,19.482988357543945,3.1502953,17.563992000000002,0.1747192760653777,,,,,,,,,,,,False,False
663044514149509888,,,NGC2632,128.00767517089844,19.97970962524414,2.9277296,15.834039,0.1874478190282083,,,,,,,,,,,,False,False
663050527103803136,,,NGC2632,128.3524169921875,19.88266372680664,2.9858313,15.450999,0.1958459304727295,,,,,,,,,,,,False,False
663052962348209664,,,NGC2632,128.39353942871094,19.95155143737793,3.0776272,17.142649,0.1765747585708994,,,,,,,,,,,,False,False
663055818503513088,,,NGC2632,128.21748352050778,19.976598739624023,1.2638149,12.021325,0.1637237826981015,,,,,,,,,,,,False,False
663063068408290944,,,NGC2632,128.39126586914062,20.073713302612305,2.5849714,14.987048,0.1889034693625316,,,,,,,,,,,,False,False
663067638253511552,,,NGC2632,128.19482421875,19.997669219970703,2.7846518,15.484946,0.1879931762324165,,,,,,,,,,,,False,False
663069150081902592,G16334785574448,379304134.0,NGC2632,128.13906860351562,20.08004379272461,1.3261862,12.122559,0.1695207533363335,6.720224,10.308106,1.5338932154642464,4456.01,43.45,4.556,0.061,0.039,0.036,-4.44745,0.061,True,False
663070352672827136,,,NGC2632,128.28091430664062,20.13000869750977,1.5873318,12.7173605,0.1804756372078289,,,,,,,,,,,,False,False
663070971148025728,,,NGC2632,128.24810791015622,20.12074089050293,3.1236095,16.701988,0.1819944417869953,,,,,,,,,,,,False,False
663078530290541952,,,NGC2632,128.4278564453125,20.24441337585449,1.495575,12.594752,0.1744286416296818,,,,,,,,,,,,False,False
663082653459050752,,,NGC2632,128.34771728515622,20.30087280273437,3.3212605,17.101945999999998,0.1825330391170193,,,,,,,,,,,,False,False
663140102941534720,,,NGC2632,127.8996124267578,20.40528678894043,3.484951,17.151007,0.1857526226113312,,,,,,,,,,,,False,False
663140171661012480,,,NGC2632,127.87430572509766,20.410364151000977,2.0302038,12.98056,0.2143405780382109,,,,,,,,,,,,False,False
663154740190053504,,,NGC2632,127.9890365600586,20.705909729003903,3.0847988,17.839363,0.1714815968359492,,,,,,,,,,,,False,False
664281018054115968,,,NGC2632,129.35978698730472,19.4868392944336,1.5036154,12.551774,0.1768939434573475,,,,,,,,,,,,False,False
664281396011231744,,,NGC2632,129.38496398925778,19.5216064453125,2.3143559,14.15884,0.193736718625865,,,,,,,,,,,,False,False
664281494793527936,,,NGC2632,129.41944885253906,19.51836204528809,0.32019138,7.9965906,0.0792415546942693,161.77408,2.3714027,0.014658730867145095,,,,,,,,,True,True
664281911407300480,,,NGC2632,129.41905212402344,19.55081558227539,2.769724,15.342001000000002,0.1898480017292526,,,,,,,,,,,,False,False
664283526315590656,,,NGC2632,129.44320678710938,19.599241256713867,1.0757818,11.468743,0.1507069856270058,10.937963,11.4588175,1.0476189670782394,,,,,,,,,True,False
664286446892777472,,,NGC2632,129.23307800292972,19.59910774230957,2.569909,14.862395,0.190658891392959,,,,,,,,,,,,False,False
664286721770683136,,,NGC2632,129.22499084472656,19.617094039916992,3.114643,16.554375,0.183431523637378,,,,,,,,,,,,False,False
664288748995228160,G16333879477971,331110199.0,NGC2632,129.3260498046875,19.698938369750977,0.8847513000000001,10.762269,0.1300123353045013,,,,5657.06,29.48,4.537,0.038,0.312,0.02,-4.42379,0.0627,False,False
664290948018472064,,,NGC2632,129.51533508300778,19.69750595092773,2.5658064,14.961722,0.1885662777858039,,,,,,,,,,,,False,False
664292459846946560,,,NGC2632,129.63665771484378,19.773717880249023,2.2655897,14.293822,0.1878300085886813,,,,,,,,,,,,False,False
664293387559886592,,,NGC2632,129.55787658691406,19.78966522216797,2.2057447,14.069112,0.1897145221542258,,,,,,,,,,,,False,False
664297064051880832,,,NGC2632,129.62330627441406,19.8624267578125,1.5581284,12.684726,0.178417092607498,,,,,,,,,,,,False,False
664301427738676992,,,NGC2632,129.35191345214844,19.78660011291504,2.9545975,16.191338000000002,0.183387797324834,,,,,,,,,,,,False,False
664302424170984576,G16333894605344,331110177.0,NGC2632,129.29769897460938,19.803625106811523,0.85213184,10.630629,0.1244204317724985,11.622787,5.883947,0.5062423496188995,5747.71,43.12,4.53,0.064,0.276,0.038,-4.43826,0.06591,True,False
664305104230586240,,,NGC2632,129.11285400390622,19.865121841430664,2.2421541,13.491456,0.2100562437872651,,,,,,,,,,,,False,False
664305890208150528,,,NGC2632,129.25880432128906,19.86865425109864,2.908598,18.271927,0.1658291632887207,,,,,,,,,,,,False,False
664309296118640128,,,NGC2632,129.36607360839844,19.903459548950195,2.696456,15.081557,0.1917358321931303,,,,,,,,,,,,False,False
664310601788795392,,,NGC2632,129.50459289550778,19.97855758666992,3.0700808,15.600125,0.1960690621480616,,,,,,,,,,,,False,False
664311250327154432,,,NGC2632,129.455322265625,19.962833404541016,2.7756596,17.252598000000003,0.1689498334073355,,,,,,,,,,,,False,False
664311392062657920,G16333840070343,379308057.0,NGC2632,129.46685791015622,19.98712539672852,0.83186054,10.604079,0.1155131349253809,,,,5794.47,20.27,4.494,0.026,0.221,0.013,-4.35442,0.03755,False,False
664313384927507968,,,NGC2632,129.28172302246094,19.95756721496582,3.013876,16.30211,0.183708082510428,,,,,,,,,,,,False,False
664316546023530368,,,NGC2632,129.73097229003906,19.842527389526367,3.0762444,16.207645,0.1867171605992149,,,,,,,,,,,,False,False
664316614743007360,,,NGC2632,129.71246337890622,19.850488662719727,2.7702398,14.919412,0.1981724425834438,,,,,,,,,,,,False,False
664316644805338624,,,NGC2632,129.72566223144528,19.8623046875,3.321333,17.099281,0.1825620610933899,,,,,,,,,,,,False,False
664319118706857088,,,NGC2632,129.88203430175778,19.95456314086914,3.3274326000000003,16.933687,0.1844725855073109,,,,,,,,,,,,False,False
664319329162317568,,,NGC2632,129.87876892089844,19.96712303161621,3.0605707000000004,15.420409,0.1991625086915828,,,,,,,,,,,,False,False
664320497393421952,,,NGC2632,129.81036376953122,20.02192497253418,2.1790476,13.992845,0.1900228708445407,,,,,,,,,,,,False,False
664322421538783104,,,NGC2632,129.65757751464844,19.989688873291016,0.27281237,7.929701299999999,0.0463495254359683,82.61835,1.1880445,0.014379910758324269,,,,,,,,,True,True
664323280532234240,,,NGC2632,129.76478576660156,19.999691009521484,0.28923416,8.086355000000001,0.027211097492285,71.36414,2.2285972,0.0312285301833666,,,,,,,,,True,True
664323761568567808,,,NGC2632,129.76321411132812,20.04370880126953,1.6967401999999998,12.944175,0.1838542008728053,,,,,,,,,,,,False,False
664323825990708352,,,NGC2632,129.67182922363278,19.996362686157227,3.3602123,17.279425,0.1816383468891932,,,,,,,,,,,,False,False
664324684984105728,G16331808999749,379306090.0,NGC2632,129.70819091796878,20.067588806152344,0.75547886,10.198242,0.1031771863865673,7.7058196,3.4484348,0.4475104504133473,6032.27,49.24,4.394,0.075,0.139,0.046,-4.43859,0.03859,True,False
664325170317925120,,,NGC2632,129.92079162597656,19.99127960205078,2.0750647,13.594326,0.1942832097182044,,,,,,,,,,,,False,False
664325616994522880,,,NGC2632,129.96965026855472,20.01803970336914,2.6605663,15.190094,0.1883058235856093,,,,,,,,,,,,False,False
664325857512593920,,,NGC2632,129.92376708984378,20.028148651123047,2.0941696,13.926872,0.1864554422427209,,,,,,,,,,,,False,False
664327438061177344,,,NGC2632,129.97926330566406,20.06497001647949,0.6352024000000001,9.601538,0.058025958236342,9.48385,3.563671,0.37576205865761264,,,,,,,,,True,False
664328915529295232,,,NGC2632,130.00523376464844,20.135570526123047,0.5806627,9.205545,0.1019531292381894,26.33117,2.609391,0.09909893863432578,,,,,,,,,True,False
664329190407201280,,,NGC2632,129.99305725097656,20.158185958862305,0.4309969,8.553708,0.0601910119995922,108.757256,2.0214097,0.01858643528115494,,,,,,,,,True,False
664330839674663296,,,NGC2632,129.77163696289062,20.11710929870605,0.53958416,8.952789,0.1110670417583648,,,,,,,,,,,,False,False
664329946321463168,,,NGC2632,129.84335327148438,20.081817626953125,2.5154772000000003,14.92068,0.1871758762267356,,,,,,,,,,,,False,False
664335684397673472,,,NGC2632,129.53321838378906,20.063989639282227,2.9587688,16.152699,0.1840021198600019,,,,,,,,,,,,False,False
664337123209519872,,,NGC2632,129.59097290039062,20.09321403503418,3.2842407,16.87855,0.1840414289147123,,,,,,,,,,,,False,False
664337230586013312,G16331754857821,379308059.0,NGC2632,129.60107421875,20.10600471496582,0.73941326,9.959279,0.1335268148713833,15.78333,2.787289,0.1765970172327386,6128.12,37.09,4.399,0.053,0.285,0.032,-4.3136,0.02741,True,False
664337539824225152,,,NGC2632,129.58943176269528,20.13732147216797,3.2629986,16.491688,0.18816326698196,,,,,,,,,,,,False,False
664339910645611776,,,NGC2632,129.47720336914062,20.13668632507324,2.2135372,14.067892,0.190202224434066,,,,,,,,,,,,False,False
664340426041558272,,,NGC2632,129.5517578125,20.133983612060547,3.1284256,16.774597,0.1813323203091381,,,,,,,,,,,,False,False
664340696622352512,,,NGC2632,129.52787780761722,20.16230773925781,3.1264534,16.759817,0.1814404919311695,,,,,,,,,,,,False,False
664343896375336320,,,NGC2632,129.66256713867188,20.170711517333984,2.7015753,14.843955,0.1968462835566215,,,,,,,,,,,,False,False
664344274332354304,,,NGC2632,129.72970581054688,20.219066619873047,2.728324,15.08303,0.1930074257942996,,,,,,,,,,,,False,False
664348427565316352,,,NGC2632,129.59382629394528,20.274518966674805,2.9372158,18.222458,0.1665735847135811,,,,,,,,,,,,False,False
664352245791631488,,,NGC2632,129.04743957519528,19.877796173095703,2.0248308,13.780856,0.1856356234684395,,,,,,,,,,,,False,False
664352692468240896,,,NGC2632,128.95924377441406,19.84996032714844,2.9291801,16.226164,0.1822183908518824,,,,,,,,,,,,False,False
664353379662996224,,,NGC2632,129.01829528808594,19.920223236083984,1.8042765,13.134767000000002,0.187432430945036,,,,,,,,,,,,False,False
664353757620108544,,,NGC2632,129.13893127441406,19.9150447845459,2.3084173,14.331437,0.1892780934300887,,,,,,,,,,,,False,False
664353757620109440,,,NGC2632,129.12692260742188,19.92048454284668,3.1762924,16.723791000000002,0.1830893657369017,,,,,,,,,,,,False,False
664353860699329920,,,NGC2632,129.07965087890622,19.898513793945312,2.64042,15.070154999999998,0.1896597972726416,,,,,,,,,,,,False,False
664349874969575680,,,NGC2632,129.77850341796878,20.34834671020508,2.249671,14.195434,0.1892016037643241,,,,,,,,,,,,False,False
664354994570694400,,,NGC2632,129.03562927246094,19.95699119567871,3.2018242000000003,15.981726,0.1938251321415235,,,,,,,,,,,,False,False
664356502102864512,,,NGC2632,129.00654602050778,19.95865821838379,3.2286662999999995,17.246057999999998,0.1790455534658364,,,,,,,,,,,,False,False
664363099173064448,,,NGC2632,129.35511779785156,20.10964584350586,3.2661915,17.619646,0.1766550788294505,,,,,,,,,,,,False,False
664365852247875840,,,NGC2632,129.09320068359378,20.11854362487793,2.9105434,16.120066,0.1829899196533042,,,,,,,,,,,,False,False
664365852247876864,,,NGC2632,129.08479309082028,20.1166934967041,2.741498,15.425759,0.1873927527468605,,,,,,,,,,,,False,False
664366024046570112,,,NGC2632,129.06608581542972,20.12018775939941,2.0742397,13.887813,0.1861623652748866,,,,,,,,,,,,False,False
664366779961036288,G16333828803917,331110120.0,NGC2632,129.19033813476562,20.12388801574707,0.9149208,10.934117,0.1309026383460955,9.654116,6.4787645,0.6710883212921824,5576.66,31.91,4.578,0.042,0.306,0.023,-4.39569,0.06635,True,False
664367020479085568,,,NGC2632,129.18740844726562,20.145999908447266,3.0826187000000003,16.450668,0.1838018179511418,,,,,,,,,,,,False,False
664374613981190656,,,NGC2632,128.72952270507812,20.10542297363281,2.1831312,14.112485,0.1873603835040254,,,,,,,,,,,,False,False
664379974100333568,,,NGC2632,129.09072875976562,20.205411911010746,2.4686565,14.571581,0.1920677306511875,,,,,,,,,,,,False,False
664380111539399552,,,NGC2632,129.11776733398438,20.228534698486328,1.1290455,11.704664,0.151972600074091,,,,,,,,,,,,False,False
664380695654828160,,,NGC2632,129.17143249511722,20.277700424194336,2.8074694,15.755872,0.1846541154855434,,,,,,,,,,,,False,False
664380695654828416,,,NGC2632,129.17555236816406,20.27298355102539,2.9957943,16.221731,0.1842000411299148,,,,,,,,,,,,False,False
664380867453522432,,,NGC2632,129.14529418945312,20.27513122558593,2.4961758,14.585073,0.1931032497524719,,,,,,,,,,,,False,False
664385059341602560,,,NGC2632,129.072509765625,20.34144592285156,0.16437674,7.3411694,0.0111686799129995,76.02895,1.5500364,0.02038744978064277,,,,,,,,,True,True
664387808120781440,G16333830633273,331110115.0,NGC2632,129.34243774414062,20.176952362060547,0.8550234,10.746064,0.1171782392551809,6.840114,4.9199576,0.719280058782646,5710.21,28.34,4.506,0.037,0.217,0.02,-4.3773,0.05622,True,False
664394439550157312,,,NGC2632,129.3548583984375,20.355466842651367,2.1000462000000004,13.765962,0.1910078414858025,,,,,,,,,,,,False,False
664396294976119680,,,NGC2632,129.60556030273438,20.35576629638672,3.1752815,16.800085,0.1822251742468861,,,,,,,,,,,,False,False
664399078114921600,,,NGC2632,129.58897399902344,20.44804954528809,1.9913015,13.595594,0.188263775760113,,,,,,,,,,,,False,False
664401960036152960,G16332501306389,379308097.0,NGC2632,129.53350830078122,20.43947982788086,0.93311596,10.970187,0.1355924254989557,7.095617,16.245832,2.289558751550429,5527.41,30.22,4.599,0.04,0.334,0.022,-4.39352,0.06102,True,False
664401964332947584,,,NGC2632,129.53390502929688,20.446088790893555,2.3484755,14.345189,0.1910854370518922,,,,,,,,,,,,False,False
664402170491377920,,,NGC2632,129.53025817871094,20.448745727539062,2.3828487000000003,14.389129999999998,0.1918707820348874,,,,,,,,,,,,False,False
664403506224429184,,,NGC2632,129.50547790527344,20.54146385192871,3.3879738,16.83385,0.1870930658631405,,,,,,,,,,,,False,False
664406087501474048,,,NGC2632,129.16429138183594,20.3759708404541,2.8882866000000003,15.357582,0.1940054417863208,,,,,,,,,,,,False,False
664407427531262464,,,NGC2632,129.24937438964844,20.40645408630371,1.8587799,13.293867,0.1870002955555548,,,,,,,,,,,,False,False
664409175581692288,G16334167067588,379308046.0,NGC2632,129.174072265625,20.411039352416992,1.1868505,11.919379,0.1545723504840378,,,,4872.44,39.33,4.732,0.054,0.194,0.032,-4.31595,0.07602,False,False
664417494934591488,,,NGC2632,129.30238342285156,20.544776916503903,1.8058596,13.204417,0.1853446279826858,,,,,,,,,,,,False,False
664419556518886272,,,NGC2632,129.368408203125,20.60786247253418,2.0983753,13.699581,0.1927729986492065,,,,,,,,,,,,False,False
664420381152602496,,,NGC2632,129.38758850097656,20.669395446777344,2.9401379,16.293308,0.1817252535132366,,,,,,,,,,,,False,False
664422683254834304,G16331797341439,331103227.0,NGC2632,130.13250732421878,20.201610565185547,0.8950434000000002,10.812229,0.1309180504956676,,,,5633.59,31.48,4.562,0.041,0.302,0.022,-4.34398,0.06588,False,False
664423297433229312,,,NGC2632,130.03378295898438,20.218448638916016,3.5060158,16.823648000000002,0.1901255559855096,,,,,,,,,,,,False,False
664424641759918720,,,NGC2632,130.21849060058594,20.266462326049805,0.35930443,8.190776,0.0745302367406657,200.03279,2.9489954,0.014742559957295,,,,,,,,,True,True
664425054076741120,,,NGC2632,130.11054992675778,20.25359344482422,2.4053144,14.531724,0.189832851347476,,,,,,,,,,,,False,False
664429005446645376,,,NGC2632,130.15768432617188,20.33824157714844,1.8912868000000005,13.41542,0.1859633429402804,,,,,,,,,,,,False,False
664429585265395328,,,NGC2632,130.04402160644528,20.347291946411133,3.434597,17.565046,0.180558160813343,,,,,,,,,,,,False,False
664431204469943808,,,NGC2632,130.3367919921875,20.34650039672852,2.3825693,14.610549,0.1870929677243145,,,,,,,,,,,,False,False
664431548067327616,,,NGC2632,130.29592895507812,20.37729263305664,2.2269240000000003,14.079112,0.1907084645017608,,,,,,,,,,,,False,False
664437286143573760,G16332505617987,331103088.0,NGC2632,130.26075744628906,20.45764923095703,1.0695887,11.469791,0.1491460781429865,11.259061,7.399795,0.6572302077411251,5222.12,41.56,4.733,0.056,0.336,0.031,-4.30704,0.05126,True,False
664437320503310336,,,NGC2632,130.27198791503906,20.473419189453125,1.8880434,13.445854999999998,0.1848476799058445,,,,,,,,,,,,False,False
664437561021480192,,,NGC2632,130.23945617675778,20.47811508178711,3.300928,17.101847,0.1820666653217139,,,,,,,,,,,,False,False
664438248216250880,,,NGC2632,130.19892883300778,20.479900360107425,2.6499052000000005,14.78213,0.1959062336652989,,,,,,,,,,,,False,False
664439416447387392,,,NGC2632,129.92497253417972,20.29580879211425,3.0078678,15.793821,0.190670937586476,,,,,,,,,,,,False,False
664441615470632064,,,NGC2632,130.00543212890622,20.37287139892578,3.1140823,17.006851,0.1786529504346229,,,,,,,,,,,,False,False
664442233945917440,,,NGC2632,130.04159545898438,20.41889190673828,2.238781,13.585366,0.2063001477878905,,,,,,,,,,,,False,False
664444639127529728,,,NGC2632,129.86094665527344,20.431150436401367,2.7684793,15.16001,0.1931305494189469,,,,,,,,,,,,False,False
664444914005442304,,,NGC2632,129.79217529296878,20.40832138061523,1.6837988000000002,12.874062,0.1850011932504359,,,,,,,,,,,,False,False
664446666352164224,,,NGC2632,129.96916198730472,20.512826919555664,2.6649284,15.023167,0.1915623259595677,,,,,,,,,,,,False,False
664446700711823616,,,NGC2632,129.9315185546875,20.49427604675293,2.7341022,15.303055,0.1891794888469531,,,,,,,,,,,,False,False
664447800224050944,,,NGC2632,129.88221740722656,20.53578186035156,3.4877224,17.8547,0.179135242613178,,,,,,,,,,,,False,False
664451609857973376,,,NGC2632,130.14544677734378,20.60100555419922,3.3166542000000003,16.732939000000002,0.1865292365303074,,,,,,,,,,,,False,False
664452954184200704,,,NGC2632,129.9761962890625,20.56015014648437,0.5381441,8.902308999999999,0.1277863433445047,,,,,,,,,,,,False,False
664453778817920256,,,NGC2632,129.96351623535156,20.58047866821289,2.2695084,13.999619,0.1953116323238095,,,,,,,,,,,,False,False
664455118847781760,,,NGC2632,130.09321594238278,20.640804290771484,1.8495493000000005,13.250424,0.1875899485243664,,,,,,,,,,,,False,False
664456626379853696,,,NGC2632,130.07044982910156,20.700115203857425,3.1675282000000005,17.074432,0.1792590414036226,,,,,,,,,,,,False,False
664456733755404928,,,NGC2632,130.07025146484378,20.7116641998291,2.8233786,15.570888,0.1879832100009312,,,,,,,,,,,,False,False
664458791043242368,,,NGC2632,130.40640258789062,20.53343391418457,3.3616276,17.23623,0.1820929352713397,,,,,,,,,,,,False,False
664459031561436544,,,NGC2632,130.42510986328122,20.5688591003418,3.1603336,16.614414,0.1839295740814185,,,,,,,,,,,,False,False
664460685125455360,,,NGC2632,130.47337341308594,20.621063232421875,3.185112,16.880764000000003,0.1816084015227854,,,,,,,,,,,,False,False
664461578478588672,,,NGC2632,130.32270812988278,20.542444229125977,2.8778687,15.818279,0.1860637716089158,,,,,,,,,,,,False,False
664461853356491264,,,NGC2632,130.40191650390622,20.567834854125977,2.950387,15.886979,0.1873942947110528,,,,,,,,,,,,False,False
664463502623929088,,,NGC2632,130.43374633789062,20.604406356811523,2.8562365,15.606035999999998,0.1885655213533361,,,,,,,,,,,,False,False
664464808293984000,,,NGC2632,130.41654968261722,20.67214012145996,0.5738287,9.167582,0.1014454596919291,,,,,,,,,,,,False,False
664477968073854720,,,NGC2632,130.30836486816406,20.741527557373047,2.8650703,14.774151000000002,0.2058227779950676,,,,,,,,,,,,False,False
664481743348692352,,,NGC2632,130.31777954101562,20.81516456604004,3.3117160000000005,17.384882,0.1795969401097926,,,,,,,,,,,,False,False
664487623160237184,,,NGC2632,130.52140808105472,20.965652465820312,2.4089174,13.856915,0.2083299250947142,,,,,,,,,,,,False,False
664489508649639296,,,NGC2632,130.34864807128906,20.939435958862305,3.0462894,17.279345000000003,0.1747292855438537,,,,,,,,,,,,False,False
664495457180572288,,,NGC2632,129.76625061035156,20.56725311279297,2.6235428,14.743078,0.1955746758729044,,,,,,,,,,,,False,False
664497209527231872,G16332541289745,331110230.0,NGC2632,129.69194030761722,20.57671356201172,1.0784454,11.550658,0.1475519612833409,5.6022468,8.980171,1.6029588343019805,5143.45,37.3,4.689,0.051,0.286,0.029,-4.35932,0.08204,True,False
664499954009909760,,,NGC2632,129.69020080566406,20.66215705871582,2.9749985,16.291267,0.1827390814806309,,,,,,,,,,,,False,False
664505898245002496,,,NGC2632,129.86346435546878,20.73299789428711,3.3547974000000003,17.492964,0.1795443498224824,,,,,,,,,,,,False,False
664506143059189888,,,NGC2632,129.82504272460938,20.739208221435547,2.3045988,14.340096,0.1888816080462252,,,,,,,,,,,,False,False
664506173122311936,G16332524413544,379313204.0,NGC2632,129.83961486816406,20.758071899414062,0.9810581,11.148145,0.141366168640984,,,,5423.27,26.14,4.639,0.034,0.323,0.018,-4.41638,0.0653,False,False
664508616960346752,,,NGC2632,129.84213256835938,20.799484252929688,3.003561,16.102954999999998,0.1859902879140969,,,,,,,,,,,,False,False
664509437297849856,,,NGC2632,129.86045837402344,20.86232566833496,2.981121,16.919949,0.1762943512628859,,,,,,,,,,,,False,False
664509987053483008,,,NGC2632,129.5101318359375,20.621177673339844,3.1002445,16.889592999999998,0.1794587606786297,,,,,,,,,,,,False,False
664510949126187136,,,NGC2632,129.51908874511722,20.65971946716309,2.8675709,15.723049,0.1871333168678592,,,,,,,,,,,,False,False
664513049366544256,,,NGC2632,129.59925842285156,20.72794914245605,1.8585739,13.296468,0.1869036499044321,,,,,,,,,,,,False,False
664513594826132480,,,NGC2632,129.6419677734375,20.77474021911621,2.9302845,16.072798000000002,0.1841919740824415,,,,,,,,,,,,False,False
664516000007445632,,,NGC2632,129.45486450195312,20.78516960144043,3.3546677000000003,17.500343,0.179476545165354,,,,,,,,,,,,False,False
664516107383262208,,,NGC2632,129.45748901367188,20.79459381103516,3.2071419,16.59078,0.1854326550844514,,,,,,,,,,,,False,False
664518856162322304,,,NGC2632,129.72801208496094,20.7879695892334,3.1753025000000004,16.955965,0.1806002095005395,,,,,,,,,,,,False,False
664520294975172608,,,NGC2632,129.73564147949222,20.857664108276367,3.195487,15.956392999999998,0.1940400062799815,,,,,,,,,,,,False,False
664523834028259200,,,NGC2632,129.69073486328122,20.91660118103028,3.4104366,17.480486,0.1808221129618925,,,,,,,,,,,,False,False
664524456799674624,,,NGC2632,129.59571838378906,20.926477432250977,3.200138,17.749111,0.1743500721198456,,,,,,,,,,,,False,False
664535211396282880,,,NGC2632,130.00384521484378,20.972820281982425,3.4911861000000006,17.8464,0.179270039877344,,,,,,,,,,,,False,False
664537032463944960,,,NGC2632,130.31004333496094,20.99615478515625,3.0082684,16.445469,0.1818403892076644,,,,,,,,,,,,False,False
664539094048241536,,,NGC2632,130.36534118652344,21.061298370361328,2.8671923,15.414792000000002,0.1921821131140266,,,,,,,,,,,,False,False
664545308864299904,,,NGC2632,129.89337158203122,20.955677032470703,1.4016457,12.359871,0.1710829490307843,,,,,,,,,,,,False,False
664547890141278464,,,NGC2632,130.03193664550778,21.06266593933105,0.5395526999999999,8.900552000000001,0.1314367514524551,,,,,,,,,,,,False,False
664549913069748736,,,NGC2632,129.88497924804688,21.04789161682129,2.965189,16.373607999999997,0.1814864901600588,,,,,,,,,,,,False,False
664559847330171136,,,NGC2632,130.02696228027344,21.264759063720703,2.9296522,15.478051,0.1933203391053786,,,,,,,,,,,,False,False
664573793087543936,,,NGC2632,128.91348266601562,20.402666091918945,3.086523,15.801449,0.1931159660818655,,,,,,,,,,,,False,False
664580909850406528,,,NGC2632,128.51292419433594,20.341773986816406,2.708747,15.507901,0.1849177388091685,,,,,,,,,,,,False,False
664585685852757888,,,NGC2632,128.39614868164062,20.41496086120605,3.2400951,17.503813,0.1770556366682197,,,,,,,,,,,,False,False
664591595728990336,,,NGC2632,128.82388305664062,20.56453323364257,0.35717106,8.136961,0.084906734814727,180.48543,6.5983257,0.03655877208481593,,,,,,,,,True,True
664593309419200000,,,NGC2632,128.58700561523438,20.528961181640625,3.0667953,16.906496,0.1784845016853787,,,,,,,,,,,,False,False
664594585026149504,,,NGC2632,128.51800537109378,20.57505416870117,1.2137775,11.82039,0.1635236675023831,5.6436768,6.009674,1.0648508433367412,,,,,,,,,True,False
664596504874763392,,,NGC2632,128.62937927246094,20.62930679321289,3.3465576,16.937521,0.1848881579998969,,,,,,,,,,,,False,False
664600804138934400,G16332226914372,415510166.0,NGC2632,129.16661071777344,20.60972595214844,0.9525986,11.117445,0.1338435118123734,,,,5467.69,33.47,4.615,0.046,0.31,0.027,-4.40694,0.10362,False,False
664600907218072064,,,NGC2632,129.06640625,20.55304718017578,1.7788543999999995,13.171012,0.1840571885028895,,,,,,,,,,,,False,False
664604549350339200,,,NGC2632,128.9852294921875,20.618547439575195,3.3686199999999995,16.942785,0.185357050277895,,,,,,,,,,,,False,False
664605270904832768,,,NGC2632,129.06454467773438,20.68598365783692,2.0640488,13.795772,0.1878332437348211,,,,,,,,,,,,False,False
664608638159278080,,,NGC2632,129.29937744140622,20.67978286743164,2.4282684,14.731606,0.1868599922179769,,,,,,,,,,,,False,False
664610562304515712,,,NGC2632,129.27960205078122,20.778839111328125,2.8667774,15.404219,0.1923558100821442,,,,,,,,,,,,False,False
664625302630788608,L16332258397055,331114027.0,NGC2632,128.98712158203122,20.82625198364257,1.0003843,11.035275,0.1555211066581936,,,,5619.17,35.59,4.501,0.046,0.285,0.025,-3.94642,0.0258,False,False
664625714949149312,,,NGC2632,129.01333618164062,20.83764266967773,3.1423664,16.506819,0.1847354145868442,,,,,,,,,,,,False,False
664627432936056832,,,NGC2632,129.08969116210938,20.89731788635254,2.549325,14.859893,0.1898040157878413,,,,,,,,,,,,False,False
664634820279791488,,,NGC2632,128.30595397949222,20.550268173217773,2.8010626,15.0678,0.1962885742805139,,,,,,,,,,,,False,False
664639454547865472,,,NGC2632,128.3092041015625,20.60584831237793,3.0590342999999995,16.466070000000002,0.1829787507122704,,,,,,,,,,,,False,False
664641348629985280,G16334292547352,602308053.0,NGC2632,128.3140869140625,20.70243263244629,1.166606,11.788123,0.1559633628655873,6.9338417,13.499204,1.9468578291886878,4913.25,46.53,4.736,0.065,0.165,0.039,-4.36893,0.08492,True,False
664641413053011328,,,NGC2632,128.30790710449222,20.713388442993164,3.1734867,17.282192000000002,0.1775042729957123,,,,,,,,,,,,False,False
664642516861165312,,,NGC2632,128.52021789550778,20.679777145385746,2.7210398,14.906089,0.1963398423797525,,,,,,,,,,,,False,False
664649040915007872,,,NGC2632,128.5277099609375,20.82962417602539,2.9771156000000003,16.544732999999997,0.1798983804027746,,,,,,,,,,,,False,False
664658700297947008,,,NGC2632,128.135009765625,20.84467315673828,2.7287817000000003,15.264369,0.1896531755362523,,,,,,,,,,,,False,False
664678594586404224,,,NGC2632,128.88291931152344,21.01786231994629,3.2750244,17.632713,0.1767301564289566,,,,,,,,,,,,False,False
664678006173827328,,,NGC2632,128.82081604003906,20.969640731811523,3.2779045,17.22949,0.1802944496361158,,,,,,,,,,,,False,False
664683130072400384,G16332250719937,379309166.0,NGC2632,128.74827575683594,21.096927642822266,0.82716274,10.512713,0.1208729729359803,,,,5840.89,25.2,4.517,0.034,0.245,0.019,-4.33433,0.06713,False,False
664687248944151168,,,NGC2632,128.50630187988278,21.01080703735352,3.1366844,16.595005,0.1835382931747219,,,,,,,,,,,,False,False
664689276168733056,,,NGC2632,128.54730224609378,21.07071685791016,3.1770592,16.804691000000002,0.182219514803859,,,,,,,,,,,,False,False
664695087260752384,,,NGC2632,128.74678039550778,21.143659591674805,3.3305587999999995,16.248789000000002,0.1934726165830013,,,,,,,,,,,,False,False
664704738050818560,,,NGC2632,129.326171875,20.842981338500977,2.9196987,18.16127,0.1665654937065032,,,,,,,,,,,,False,False
664705773139587968,,,NGC2632,129.47250366210938,20.87290382385254,3.1672916,16.533354,0.1850781393366916,,,,,,,,,,,,False,False
664705803202901504,,,NGC2632,129.46408081054688,20.882402420043945,3.0991535,18.319124,0.1689174007167384,,,,,,,,,,,,False,False
664708865516013952,,,NGC2632,129.25588989257812,20.89662170410156,3.3187008,16.963041,0.1839414803871825,,,,,,,,,,,,False,False
664720238589375232,,,NGC2632,129.55780029296878,21.157241821289062,2.4544334,14.639664000000002,0.1899253907899611,,,,,,,,,,,,False,False
664726045385110144,,,NGC2632,129.12245178222656,21.052810668945312,2.7995490000000003,15.754694,0.1844089267861426,,,,,,,,,,,,False,False
664727247975949312,,,NGC2632,129.11592102050778,21.12107276916504,1.5922108,12.749967,0.179859196011053,,,,,,,,,,,,False,False
664730065474561024,,,NGC2632,129.37794494628906,21.1278018951416,2.7460794,15.68518,0.1836085109094461,,,,,,,,,,,,False,False
664742946079427712,,,NGC2632,129.64833068847656,21.17721366882324,3.3381480000000003,17.210531,0.1818230994997751,,,,,,,,,,,,False,False
664744427845176576,,,NGC2632,129.65434265136722,21.2468376159668,2.915182,16.223885,0.1818413291672329,,,,,,,,,,,,False,False
664759580489791872,,,NGC2632,129.56559753417972,21.38560485839844,2.055541,13.7686615,0.1879815936823526,,,,,,,,,,,,False,False
664763085183100160,,,NGC2632,129.59521484375,21.43342018127441,3.0261497000000004,17.059292000000003,0.176119010935939,,,,,,,,,,,,False,False
664763149606975616,,,NGC2632,129.58616638183594,21.44054412841797,2.9275112,18.054924,0.1672541472089087,,,,,,,,,,,,False,False
664769059480885632,,,NGC2632,129.80221557617188,21.59911155700684,3.0995407000000004,16.712864,0.1812650300881632,,,,,,,,,,,,False,False
664775729566784512,,,NGC2632,129.1046142578125,21.148956298828125,2.2841206,14.27351,0.1892899831406226,,,,,,,,,,,,False,False
664776279322590976,,,NGC2632,129.16043090820312,21.19161605834961,3.1074448,17.342010000000002,0.1755586859757806,,,,,,,,,,,,False,False
664781360266992384,,,NGC2632,129.00428771972656,21.286434173583984,3.156698200000001,17.071007,0.1790407453262728,,,,,,,,,,,,False,False
664814727869793536,,,NGC2632,129.24079895019528,21.5654354095459,1.6908178,13.006337,0.1812602408406854,,,,,,,,,,,,False,False
664845308036464256,,,NGC2632,130.72091674804688,20.819175720214844,0.43599606,8.487356,0.0896438199147286,98.09298,3.138092,0.03199099466648887,,,,,,,,,True,False
664847434044059264,,,NGC2632,130.8433837890625,20.906959533691406,3.2385445,17.239351,0.1793264693058436,,,,,,,,,,,,False,False
664858016845022208,,,NGC2632,130.89411926269528,21.078351974487305,3.1448612,18.153639,0.1706574064071767,,,,,,,,,,,,False,False
664862453545857920,,,NGC2632,130.64506530761722,20.99461364746093,2.173273,13.954826,0.1906419768775828,,,,,,,,,,,,False,False
664873173784204160,,,NGC2632,130.93621826171878,21.20946884155273,2.0036097,13.516546,0.1914615928118468,,,,,,,,,,,,False,False
664876747197002112,,,NGC2632,130.69132995605472,21.2711181640625,1.7092419,12.919028,0.1859383654325032,,,,,,,,,,,,False,False
664898256393208704,,,NGC2632,130.90225219726562,21.31932067871093,2.8547468,15.629796,0.188137547567862,,,,,,,,,,,,False,False
664901310113762688,,,NGC2632,130.88301086425778,21.349225997924805,3.2245274,18.012420000000002,0.1729966094842126,,,,,,,,,,,,False,False
664914164952043008,,,NGC2632,131.13563537597656,21.683013916015625,2.7172909,14.985874,0.1944989076574672,,,,,,,,,,,,False,False
664916570133718272,,,NGC2632,130.51350402832028,21.17257499694824,3.252842,16.830679,0.1838056653876724,,,,,,,,,,,,False,False
664922102051593472,,,NGC2632,130.39923095703122,21.293561935424805,2.9309158,16.056095000000003,0.1844317205338255,,,,,,,,,,,,False,False
664922411288014080,,,NGC2632,130.38858032226562,21.32190704345703,3.0198135,18.015951,0.1691742839201251,,,,,,,,,,,,False,False
664922956749165696,,,NGC2632,130.430419921875,21.361644744873047,3.126997,16.719883,0.1818849556120576,,,,,,,,,,,,False,False
664924021901837824,,,NGC2632,130.65098571777344,21.317174911499023,2.9593048,18.445648,0.1658924957562177,,,,,,,,,,,,False,False
664946836767421696,,,NGC2632,130.35826110839844,21.57362937927246,3.178608,16.774061,0.182591000338935,,,,,,,,,,,,False,False
664950100944568192,,,NGC2632,130.82283020019528,21.45177841186523,2.9099655,17.522932,0.1700421808011998,,,,,,,,,,,,False,False
664963024499946496,G16332010683880,415504066.0,NGC2632,130.8438720703125,21.671630859375,0.85510445,9.894321,0.332155839236936,,,,5758.37,23.46,4.525,0.033,0.271,0.02,-4.321,0.09936,False,False
664993531651217152,,,NGC2632,131.66650390625,21.57478713989257,2.955614,17.751123,0.1695185031630157,,,,,,,,,,,,False,False
661749048932896512,,,NGC2632,131.41853332519528,20.17374038696289,2.5901403,15.050082000000002,0.1879608583813365,,,,,,,,,,,,False,False
661749525673249280,,,NGC2632,131.49714660644528,20.21934700012207,3.0882607,17.384678,0.1748031822092137,,,,,,,,,,,,False,False
661767293953914240,G16332554790393,184614226.0,NGC2632,131.28045654296878,20.39491844177246,0.9711361,11.146666,0.1382767922267331,9.876387,3.9605272,0.40100972147000724,5421.6,31.36,4.618,0.041,0.326,0.022,-4.44082,0.05991,True,False
661767843709723776,,,NGC2632,131.3675537109375,20.39533042907715,0.37610435,8.2139,0.0873065824660792,87.28697,1.9872328,0.02276666036179283,,,,,,,,,True,True
661768771422658816,,,NGC2632,131.35813903808594,20.42288589477539,1.8124437,13.204012,0.1859185397211356,,,,,,,,,,,,False,False
661770729927747456,,,NGC2632,131.27528381347656,20.453638076782227,3.2603626,17.770369,0.1753779658357419,,,,,,,,,,,,False,False
661775265413200640,,,NGC2632,131.44102478027344,20.49468231201172,2.3974628,14.454033,0.1911440546875772,,,,,,,,,,,,False,False
661775845232285312,,,NGC2632,131.50798034667972,20.53413772583008,2.903305,17.296110000000002,0.171460548026788,,,,,,,,,,,,False,False
661779796602531712,,,NGC2632,131.37687683105472,20.590106964111328,0.59952927,9.3495,0.0799240183634467,28.165882,3.3161771,0.11773737815133926,,,,,,,,,True,False
661800893481594240,,,NGC2632,131.67332458496094,20.64696884155273,3.4721909,17.486073,0.1820648087572745,,,,,,,,,,,,False,False
661806086098496000,G16332029267559,711408021.0,NGC2632,131.55427551269528,20.72862243652344,1.2251768,11.917197,0.1613921111051922,7.5377154,8.876908,1.1776655828634761,4718.25,36.03,4.68,0.048,0.15,0.027,-4.58585,0.07398,True,False
661829588159547392,,,NGC2632,131.448974609375,20.71287727355957,2.9663591,15.935609,0.1871922298171662,,,,,,,,,,,,False,False
661836284012503552,,,NGC2632,131.00260925292972,20.645915985107425,3.1649990000000003,17.03228,0.1796041470361092,,,,,,,,,,,,False,False
661838281173303808,,,NGC2632,131.05116271972656,20.716859817504886,3.139429,16.377697,0.1862700687899463,,,,,,,,,,,,False,False
661845840315682176,,,NGC2632,131.07588195800778,20.830039978027344,3.122301,16.260965,0.1873264283716927,,,,,,,,,,,,False,False
661846763732585344,,,NGC2632,131.24822998046878,20.854307174682617,3.4095783,17.745974,0.178503544504909,,,,,,,,,,,,False,False
661851612751722880,,,NGC2632,131.17803955078122,20.96298599243164,3.0407257000000003,15.531218,0.1963114563175506,,,,,,,,,,,,False,False
661864566373175680,G16332045416253,126014146.0,NGC2632,131.70866394042972,21.02018165588379,1.2851448,12.011799,0.1676294878365287,,,,4530.72,36.97,4.669,0.053,0.139,0.032,-4.47382,0.06466,False,False
661866451862557312,,,NGC2632,131.58338928222656,21.008872985839844,3.1725903,16.638783,0.1839639314145136,,,,,,,,,,,,False,False
661872469112952704,,,NGC2632,131.31097412109378,20.99753189086914,0.5626955,9.044412,0.1286096758984863,,,,,,,,,,,,False,False
661874461977774336,,,NGC2632,131.31468200683594,21.05994033813477,2.59126,15.151126,0.1862327968977999,,,,,,,,,,,,False,False
661885766331653248,,,NGC2632,131.40080261230472,21.25580596923828,2.4182740000000003,14.423336,0.1929067650461726,,,,,,,,,,,,False,False
661960739281626368,,,NGC2632,131.829345703125,21.183874130249023,3.070694,16.391579999999998,0.1841932429316086,,,,,,,,,,,,False,False
662215551101680128,,,NGC2632,127.80384063720705,18.153594970703125,0.61522675,9.368098,0.1215498619336208,30.14432,3.4031951,0.11289672813982866,,,,,,,,,True,False
662235170512361856,,,NGC2632,127.6526107788086,18.37721443176269,3.402279,16.313023,0.1945335215302751,,,,,,,,,,,,False,False
659248862571213184,,,NGC2632,129.30828250395194,17.51356336858677,1.8535042,13.355825,0.1847263441699959,,,,,,,,,,,,False,False
659329126920001408,,,NGC2632,129.52966037128385,17.782390310207553,2.5712214,14.559648,0.1973389575875108,,,,,,,,,,,,False,False
659343626729512832,,,NGC2632,129.11573157056642,17.914814180688122,0.7656431,10.204906,0.1117507041005775,7.298575,5.8949676,0.8076874732396393,,,,,,,,,True,False
659373141744409984,,,NGC2632,129.90414825337888,17.788814427935883,2.0428963,13.725764,0.1882752288193178,,,,,,,,,,,,False,False
659468215140335104,G16326253359164,400306133.0,NGC2632,130.1015271286218,18.453759956828627,1.0081882,10.787891,0.1841312007983802,9.705312,6.4094515,0.6604065381926929,5513.15,58.79,4.653,0.074,0.332,0.036,-4.42869,0.06228,True,False
659490510313883264,G16326259469036,331102212.0,NGC2632,130.13982136801272,18.674437301320392,0.92766285,10.901496,0.138175374474824,5.8302073,27.92296,4.789359719679265,5557.01,26.16,4.539,0.033,0.269,0.016,-4.51239,0.05145,True,False
659524152794716032,,,NGC2632,128.69627203528933,18.0210883956705,1.4133587,12.466862,0.1688435976285843,,,,,,,,,,,,False,False
659722752082318976,,,NGC2632,129.17773145114805,18.89518649380596,1.5780182,12.618774,0.1830838732171953,,,,,,,,,,,,False,False
659724195191319936,,,NGC2632,129.23422389393318,18.96327266627096,2.1229963,13.180909,0.2134179361351603,,,,,,,,,,,,False,False
659750514750888192,,,NGC2632,129.3791915674148,19.103900099894307,1.5427332,12.532287,0.182324009393069,,,,,,,,,,,,False,False
659756493345357056,,,NGC2632,129.4263455154004,19.13371822703005,0.63597584,9.296245,0.2334200528742444,,,,,,,,,,,,False,False
659763880689114240,,,NGC2632,129.2642330149485,19.1780453908882,1.407917,12.3845215,0.1710116610751987,,,,,,,,,,,,False,False
659771027514771328,,,NGC2632,129.4446825023464,19.26716205747441,0.27593517,6.5109944,0.0095864060504634,,,,,,,,,,,,False,True
660288863131147264,,,NGC2632,131.63846609299975,18.76091090461632,0.5125532,8.758793,0.1307176914206587,,,,,,,,,,,,False,False
660298621296880256,,,NGC2632,131.92399653650926,18.94125340216846,2.74726,15.119685,0.1930605588379811,,,,,,,,,,,,False,False
660944717521395840,G16353126666205,331101074.0,NGC2632,131.07094359218942,18.736555519419955,1.0597439,11.461147,0.1471470197281211,5.1552362,14.632676,2.8384103913609233,5197.72,42.0,4.719,0.056,0.323,0.032,-4.45429,0.07778,True,False
660969666987531008,,,NGC2632,131.0551528386457,18.98342032110077,1.9062796,13.363456,0.1886840254399484,,,,,,,,,,,,False,False
660986297100929792,,,NGC2632,130.70682728524227,18.859685204306995,2.2539797,14.025258,0.1936896128051171,,,,,,,,,,,,False,False
660986331460669312,G16339144744111,431804169.0,NGC2632,130.68834735934144,18.86001300481239,0.87174225,10.093514,0.2496189805192751,9.168237,6.271827,0.6840821196048924,5755.86,21.88,4.567,0.027,0.296,0.012,-4.62957,0.0437,True,False
660995230632845440,,,NGC2632,130.37734193028663,18.87157934345852,,,,,,,,,,,,,,,False,False
660998975844267264,G16333775967788,379307085.0,NGC2632,130.19821873006873,18.90325531779882,0.8943167,10.736105,0.1366975329146211,10.297974,4.8056836,0.46666301546304156,5682.56,25.94,4.542,0.033,0.251,0.016,-4.39671,0.04763,True,False
661005538554352000,,,NGC2632,130.30785167268485,18.969085159112435,2.463726,14.141163,0.202715396518342,,,,,,,,,,,,False,False
661006019590629760,,,NGC2632,130.29464376810955,19.03153736251588,3.0690126,15.573522,0.1965208258141539,,,,,,,,,,,,False,False
661015915195312512,,,NGC2632,130.7792071526791,19.06830323830812,0.67010975,9.024899,0.4027584074540272,,,,,,,,,,,,False,False
661018904492612224,G16339195665164,415501001.0,NGC2632,130.93133368612828,19.075814640282843,1.3337002,12.311053,0.1636233966091229,10.281955,17.360453,1.688438920419317,4456.42,42.92,4.625,0.062,0.086,0.038,-4.53808,0.0632,True,False
661028662658249344,G16339138188935,331102062.0,NGC2632,130.67689728969054,19.09964788902502,0.920414,10.890447,0.1360289781869909,8.012743,5.3519416,0.667928772955778,5559.71,27.71,4.578,0.037,0.299,0.02,-4.42766,0.07815,True,False
661029384212747392,G16339184043019,331105220.0,NGC2632,130.75989456319476,19.16751479860531,1.017664,11.312958,0.1433640477217715,,,,5313.17,31.49,4.686,0.042,0.343,0.023,-4.44365,0.09126,False,False
661029727808613760,G16331618190575,882116054.0,NGC2632,130.66737012231368,19.13303505821444,1.0097408,11.328734,0.1404150687679186,6.0853124,10.363543,1.703042065679323,5304.97,32.17,4.614,0.043,0.308,0.025,-4.4372,0.07678,True,False
661051679386429952,,,NGC2632,131.44371541679146,19.04940800880016,0.29956388,7.795934,0.0989048383155315,15.701544,1.189896,0.07578210142900596,,,,,,,,,True,True
661121949347800064,,,NGC2632,131.18651887412804,19.40608699803892,2.7613058,14.891366,0.1984100292777541,,,,,,,,,,,,False,False
661148268907314432,G16339283159432,415501131.0,NGC2632,131.1541346553024,19.710812881190904,0.7368183,9.887567,0.1526913502206933,12.575193,2.9220273,0.2323644098345051,6148.41,25.44,4.302,0.035,0.166,0.02,-4.21924,0.05875,True,False
661157236799076352,,,NGC2632,131.43511933884702,19.67563335664876,2.6855116,14.907073,0.1947819250030322,,,,,,,,,,,,False,False
661166582647888384,,,NGC2632,131.65907584451125,19.87907000764052,2.5003643,13.947277,0.2109971835895183,,,,,,,,,,,,False,False
661170637096984960,,,NGC2632,131.35942382668932,19.78435113026983,2.5772343,14.186207,0.2077933271245175,,,,,,,,,,,,False,False
661189260077235072,,,NGC2632,130.00911542576537,18.94910367621064,2.3861322,13.514443,0.2198240350512698,,,,,,,,,,,,False,False
661198915163689472,,,NGC2632,130.21781749251298,19.174486123827226,2.835291,14.75033,0.205078074596364,,,,,,,,,,,,False,False
661216369910684544,G16333787025567,331102049.0,NGC2632,130.02631558379218,19.307310478018675,0.92936516,10.258721,0.2460265783318108,14.20201,7.086626,0.49898753767952564,5527.59,21.95,4.564,0.027,0.258,0.013,-4.34884,0.02771,True,False
661216404270424832,,,NGC2632,130.00278393692176,19.30958866235209,1.7656307,12.878871,0.1930196531906916,,,,,,,,,,,,False,False
661219840244243200,,,NGC2632,130.06442732667372,19.45854627570551,1.5989094,12.532961,0.1890632508745203,,,,,,,,,,,,False,False
661220080762501120,,,NGC2632,130.45544967923794,19.196334305369007,1.8318586,12.869399,0.2000535951722072,,,,,,,,,,,,False,False
661220969817342848,G16331676363392,379307148.0,NGC2632,130.47641283578923,19.257330645347267,0.8957205,10.694993,0.1411844946487233,11.006275,6.043896,0.5491318361571013,5680.23,25.98,4.477,0.034,0.279,0.019,-4.26308,0.06308,True,False
661222279785743616,,,NGC2632,130.5477385973171,19.27695537540596,1.0341082,11.325395,0.1472512622621503,6.835725,7.7935405,1.1401190802731238,,,,,,,,,True,False
661224547528488064,,,NGC2632,130.36484263843417,19.277544940918045,2.2625751,14.01037,0.1946023009111839,,,,,,,,,,,,False,False
661229564050262528,L16331643473102,415501045.0,NGC2632,130.63423169910325,19.396128976230624,0.7979317,10.366022,0.1169576169699139,,,,5920.11,34.72,4.429,0.049,0.252,0.029,-4.42691,0.10762,False,False
661252997391718272,,,NGC2632,130.42605956499767,19.660478856559905,0.57907104,9.109364,0.144828299763772,,,,,,,,,,,,False,False
661260212933886464,,,NGC2632,129.71238077868193,19.30913644862786,,,,,,,,,,,,,,,False,False
661267325402674048,,,NGC2632,129.97652346260807,19.460272197765903,2.9611206,16.026972,0.185744191123644,,,,,,,,,,,,False,False
661270898815358720,,,NGC2632,129.90186937136133,19.51207025051323,-0.31840706,17.873615,0.1060603588554366,,,,,,,,,,,,False,False
661271173693364864,,,NGC2632,129.9611512419941,19.54075056112038,1.092269,5.728477,0.079097651152771,7.33901,0.7064088,0.09625396340923366,,,,,,,,,True,False
661293537585522816,G16331846196976,400313010.0,NGC2632,130.1997675137792,19.65888635040476,0.8981123,10.287958,0.2108318659705899,,,,5719.52,24.55,4.607,0.033,0.258,0.018,-4.36201,0.0898,False,False
661295466028469120,,,NGC2632,130.05159135831684,19.638322503693928,1.4867973,14.471696,0.1448504428221228,,,,,,,,,,,,False,False
661297115295806592,,,NGC2632,130.09677793397816,19.67319697385903,0.7444792,9.846524,0.1814132153166964,,,,,,,,,,,,False,False
661297458893183232,,,NGC2632,130.1310949829847,19.69523656918572,2.0477667,13.395936,0.1987371266384829,,,,,,,,,,,,False,False
661297901272035456,,,NGC2632,130.11689239590095,19.7261869490101,-0.12349701,17.747265,0.1088316491698869,,,,,,,,,,,,False,False
661302887731820416,G16331875201755,379306191.0,NGC2632,130.29278099836745,19.81855368813395,0.8962517,10.783568,0.1336483186614842,7.178717,5.0761733,0.7071142796129168,5672.45,27.8,4.541,0.036,0.283,0.019,-4.37641,0.04478,True,False
661306319407420160,,,NGC2632,130.2898426279491,19.85512115494781,0.88521194,9.992856,0.314054678078602,,,,,,,,,,,,False,False
661313023854578560,G16331780100340,331110166.0,NGC2632,129.87233206053688,19.78654770287144,1.2481508,11.598439,0.1830132154376493,9.973093,9.050656,0.9075074302425536,4910.3,51.34,4.703,0.069,0.152,0.039,-4.39766,0.05347,True,False
661313504890920448,,,NGC2632,129.79091893342175,19.78298232049423,2.4750776,13.792237,0.2149198378321677,,,,,,,,,,,,False,False
661325187202016512,,,NGC2632,130.05440619791753,20.057757787221668,2.796239,14.848773,0.2009163277463863,,,,,,,,,,,,False,False
661325908755275648,G16331631302594,331105244.0,NGC2632,130.7946912759219,19.52623218061991,0.92223454,11.050672,0.1270163762201427,10.507276,23.346016,2.221890430973737,5541.86,29.78,4.567,0.039,0.24,0.021,-4.46624,0.06932,True,False
661331131435476608,,,NGC2632,130.6819892751364,19.62309872969933,1.1773472,11.159089,0.2028552102577833,43.80386,18.724972,0.42747310396846305,,,,,,,,,True,False
661333708415842304,,,NGC2632,130.78411373086348,19.71314841100929,1.3331318,12.202102,0.1674191740658332,,,,,,,,,,,,False,False
661338858079663488,G16331716830033,331105246.0,NGC2632,130.88476377436132,19.743761159473472,1.087429,11.461689,0.1539127943279281,5.2683806,7.8946548,1.498497432019243,5171.63,50.89,4.769,0.07,0.338,0.041,-4.42644,0.12747,True,False
661351850357695616,,,NGC2632,130.77777635024697,19.791525455545777,1.4525957,12.433819,0.1749681274896401,,,,,,,,,,,,False,False
661355934869899648,,,NGC2632,130.88575586556286,19.99245819996873,2.8407297,15.520261,0.1894159236197141,,,,,,,,,,,,False,False
661386244455690752,G16331740091753,126014038.0,NGC2632,130.8978873520167,20.18952393814092,0.65709114,9.602851,0.1148342504720609,5.37064,2.5264761,0.47042365528130725,6350.99,34.41,4.279,0.05,0.187,0.03,-4.41543,0.07168,True,False
661396754238802816,,,NGC2632,130.4584939415323,19.874112057865013,1.1026611,6.0294003,0.1336632621708491,10.149107,0.45431268,0.044763808283822405,,,,,,,,,True,False
661402015575639680,,,NGC2632,130.36987791553497,19.975529111686004,2.5712461,14.570743,0.1970749367557262,,,,,,,,,,,,False,False
661402423595631232,G16331870049395,331105187.0,NGC2632,130.4318525470887,19.96208668863841,1.0631485,11.487243,0.1467743917689267,7.3783417,5.4932423,0.7445090676676035,5241.65,41.14,4.706,0.053,0.271,0.028,-4.34306,0.04826,True,False
661417305659127296,,,NGC2632,130.351747865751,20.13035625896029,2.654811,14.169742,0.2126801163298048,,,,,,,,,,,,False,False
661422837576998784,,,NGC2632,130.46644679390428,20.16693162419858,1.008501,11.23056,0.1451231817311614,5.0765805,8.396218,1.6539121166304758,,,,,,,,,True,False
661427063824818816,,,NGC2632,130.34942588095436,20.249157668611705,2.0041828,12.8960285,0.2160101879962221,,,,,,,,,,,,False,False
661591475172494464,,,NGC2632,132.00083133817395,20.40181791144525,3.096943,16.430622,0.1844355894049198,,,,,,,,,,,,False,False
661766778557840000,G16331695084095,331104185.0,NGC2632,131.26743868335944,20.35768320846365,0.68579865,9.823963,0.0894006228893083,12.887397,5.27502,0.40931617145029364,6251.74,16.59,4.285,0.021,0.169,0.011,-4.312,0.03846,True,False
661768771422658688,,,NGC2632,131.35811404578533,20.427332627047843,1.6737185,12.772626,0.1877015815104597,,,,,,,,,,,,False,False
661787222602191616,,,NGC2632,131.92457215746046,20.644810342739778,2.9002876,15.105078,0.199541950646199,,,,,,,,,,,,False,False
662661540505500160,,,NGC2632,128.30983838772443,19.07673781165812,2.2882156,14.3587,0.1876081448711453,,,,,,,,,,,,False,False
662765100756538624,,,NGC2632,128.51008015181466,19.322714667519733,2.427494,14.2218685,0.1984275746431532,,,,,,,,,,,,False,False
662784101691882624,,,NGC2632,129.26451262870913,19.53595846052123,2.4052668,14.410241,0.192542115144371,,,,,,,,,,,,False,False
662798086105290112,,,NGC2632,129.04159823297024,19.63848070453881,-0.14809227,18.05388,0.1106607648242547,,,,,,,,,,,,False,False
664283079638402688,G16333878383366,415502132.0,NGC2632,129.36463115971247,19.61750756560531,0.9445238,10.895987,0.1454261597845214,,,,5571.21,36.92,4.603,0.052,0.359,0.03,-4.34181,0.04127,False,False
664286481252512256,,,NGC2632,129.25829431084233,19.604726719476265,0.609437,8.687428,0.3298707949171249,,,,,,,,,,,,False,False
664292322407994624,,,NGC2632,129.61539359605143,19.76541008763152,2.293068,14.085634,0.1944049771225332,,,,,,,,,,,,False,False
664293387559886464,,,NGC2632,129.5591074225973,19.789787131806097,1.9417553,13.048858,0.2030000145338779,,,,,,,,,,,,False,False
664325543977630464,,,NGC2632,129.93972132859756,20.004336712005102,-0.12272072,18.078901,0.1113057350582929,,,,,,,,,,,,False,False
664326922664482944,,,NGC2632,129.87658358002878,20.06899453246942,0.8052101,9.661973,0.4368455056490739,12.747171,6.6311617,0.5202065383762405,,,,,,,,,True,False
664343415338898944,,,NGC2632,129.7382683782073,20.1814795507236,1.6118011,12.545605,0.1900575727196855,,,,,,,,,,,,False,False
664344824088164352,G16331803616204,379306048.0,NGC2632,129.81230074952262,20.210719617398567,0.86011505,10.627084,0.1290563549776703,,,,5757.27,24.67,4.48,0.033,0.277,0.018,-4.33465,0.07902,False,False
664363584505245824,,,NGC2632,129.26825422890744,20.10356192035575,2.2506943,14.443296,0.1839107516640676,,,,,,,,,,,,False,False
664388357876585344,,,NGC2632,129.39589600126052,20.223978217468453,2.1829195,13.589401,0.202155970950482,,,,,,,,,,,,False,False
664403991557398784,G16332497319739,331110019.0,NGC2632,129.56223520281122,20.56775896392164,0.8826437,10.726621,0.1318766581676285,,,,5680.81,24.14,4.538,0.031,0.295,0.016,-4.39249,0.05386,False,False
664436770747504128,,,NGC2632,130.18424061330467,20.47179583515698,1.9236898,12.545716,0.2273502691947965,,,,,,,,,,,,False,False
664586476127906560,,,NGC2632,128.40974961351225,20.481223264415515,2.8506813,16.064852,0.1818897105004881,,,,,,,,,,,,False,False
664605889380126336,,,NGC2632,129.0261174880033,20.683260961288884,2.0660715,13.628495,0.1926156115318321,,,,,,,,,,,,False,False
664879667774808576,,,NGC2632,131.18410945376837,21.12032117694203,2.92916,15.871865,0.186938012377364,,,,,,,,,,,,False,False
664889490365977984,,,NGC2632,131.26335948815793,21.330997923998808,2.3703308,13.971445,0.2022431309805671,,,,,,,,,,,,False,False
664923064123308672,,,NGC2632,130.6084575375965,21.23078429170602,,,,,,,,,,,,,,,False,False
664989722016905728,,,NGC2632,131.45262770442102,21.532342903808537,2.760066,15.172656,0.1925547438713254,,,,,,,,,,,,False,False
5254959625588448512,,,NGC3114,153.24429321289062,-60.18069076538086,1.7316761000000005,17.049374,0.4909542868420984,,,,,,,,,,,,False,False
5259080702558213888,,,NGC3114,150.091796875,-58.79169082641602,1.4698563,16.501741,0.4730994487197257,,,,,,,,,,,,False,False
5259083176459044224,,,NGC3114,149.78900146484375,-58.786598205566406,1.6073799,16.939465,0.4796900141753826,,,,,,,,,,,,False,False
5259083520056463232,,,NGC3114,149.8573760986328,-58.75006866455078,1.262743,15.377745,0.4755890520604131,,,,,,,,,,,,False,False
5258304752277361920,,,NGC3114,150.63954162597656,-59.24432754516602,2.5050182,17.742744000000002,0.5391218892579895,,,,,,,,,,,,False,False
5258304756594112896,,,NGC3114,150.64295959472656,-59.2477035522461,2.476717,18.527742,0.5117382583872638,,,,,,,,,,,,False,False
5258305753026542976,,,NGC3114,150.63607788085938,-59.19181060791016,1.2104158,15.56886,0.4513764550088727,,,,,,,,,,,,False,False
5258306680739510272,,,NGC3114,150.77313232421875,-59.176734924316406,1.0295277,14.983601,0.4102454027386083,,,,,,,,,,,,False,False
5258309223348635008,,,NGC3114,150.52301025390625,-59.1472282409668,2.2586327,18.553238,0.498070460399431,,,,,,,,,,,,False,False
5258311353651784064,,,NGC3114,150.55960083007812,-59.06276321411133,2.438612,18.50272,0.5100323269958604,,,,,,,,,,,,False,False
5258315609953855104,,,NGC3114,150.975830078125,-58.96395111083984,1.8868084,17.460339,0.4952520604117954,,,,,,,,,,,,False,False
5258317023020489472,,,NGC3114,150.848388671875,-58.89007186889648,0.94909,14.514691,0.3833446947441056,,,,,,,,,,,,False,False
5258319118952199296,,,NGC3114,150.60362243652344,-58.9036750793457,1.7670879000000002,17.661634,0.4801931464550505,,,,,,,,,,,,False,False
5258322073901878656,,,NGC3114,150.314697265625,-59.0853385925293,1.6052693999999998,15.783046,0.5355995068888535,,,,,,,,,,,,False,False
5258323448291209216,,,NGC3114,150.18991088867188,-59.01262664794922,2.2334423,18.695837,0.4939990332623584,,,,,,,,,,,,False,False
5258325097558735360,,,NGC3114,150.41275024414062,-58.91175079345703,1.1707354,15.353932,0.4482566475310742,,,,,,,,,,,,False,False
5258326231417142016,,,NGC3114,150.33560180664062,-58.86634826660156,2.3272037999999995,18.625685,0.5006987350939539,,,,,,,,,,,,False,False
5258326845588303104,,,NGC3114,150.16220092773438,-58.94879913330078,2.2625198,17.34988,0.5347623217830769,,,,,,,,,,,,False,False
5258328842769998464,,,NGC3114,150.27749633789062,-58.8571662902832,1.0992765,14.382502,0.5053424127940752,,,,,,,,,,,,False,False
5258328980196125056,,,NGC3114,150.199462890625,-58.85150527954102,2.2555904,18.460958,0.4997245038021054,,,,,,,,,,,,False,False
5258332622328691584,,,NGC3114,150.5081787109375,-58.77052688598633,2.2944603,18.794233,0.4957179815445914,,,,,,,,,,,,False,False
5257544650465940480,,,NGC3114,149.1925506591797,-59.33587265014648,1.155426,15.393257,0.4420092551928379,,,,,,,,,,,,False,False
5257544822238185984,,,NGC3114,149.20245361328125,-59.29873657226562,2.3708553,18.29067,0.5110149117342289,,,,,,,,,,,,False,False
5257545195900072448,,,NGC3114,149.22332763671875,-59.28585815429688,1.8996716,17.250902,0.5026269961594767,,,,,,,,,,,,False,False
5257398862097809152,,,NGC3114,148.6831512451172,-60.18154907226562,1.2237911,15.566053,0.4550540449123739,,,,,,,,,,,,False,False
5257547605376227072,,,NGC3114,149.3258819580078,-59.1587028503418,2.512598,18.601,0.5121003295716922,,,,,,,,,,,,False,False
5257549460829863552,,,NGC3114,148.79421997070312,-59.3784065246582,1.1605368,15.44941,0.441606009807117,,,,,,,,,,,,False,False
5257550594701310336,,,NGC3114,148.97882080078125,-59.31675338745117,2.0133114,17.162048000000002,0.5176185478065483,,,,,,,,,,,,False,False
5257404389689893248,,,NGC3114,148.37347412109375,-60.03579711914063,2.012083,17.630056,0.5017910666233933,,,,,,,,,,,,False,False
5257405218649323008,,,NGC3114,148.6121063232422,-60.01636505126953,0.7861128000000001,13.718070999999998,0.2509528009745443,,,,,,,,,,,,False,False
5257554614790525440,,,NGC3114,148.80279541015625,-59.2794303894043,1.3206348,15.754278,0.4714525739543952,,,,,,,,,,,,False,False
5257554954062970496,,,NGC3114,148.80563354492188,-59.24399566650391,1.126564,15.21188,0.4395503547347113,,,,,,,,,,,,False,False
5257556878211122432,,,NGC3114,149.12258911132812,-59.26521301269531,1.8488083,17.377556,0.4938854966341073,,,,,,,,,,,,False,False
5257410922366461312,,,NGC3114,148.11395263671875,-60.03857040405274,1.1071129,15.183403,0.4337835891270294,,,,,,,,,,,,False,False
5257412159316991616,,,NGC3114,148.0169677734375,-60.09195327758789,1.2672625,10.238783,1.4009081068632212,6.4935837,1.6895473,0.2601871906263409,,,,,,,,,True,False
5257414633218219008,,,NGC3114,148.05909729003906,-59.98019409179688,0.91861725,14.323814000000002,0.3695747315699579,,,,,,,,,,,,False,False
5257566155342164992,,,NGC3114,149.6556854248047,-59.22576522827149,1.4831944,16.264225,0.4829573998521784,,,,,,,,,,,,False,False
5257419065624926720,,,NGC3114,148.43946838378906,-59.87239074707031,1.100646,15.2093,0.4305462297880085,,,,,,,,,,,,False,False
5257568289948858240,,,NGC3114,149.7612762451172,-59.1446762084961,2.1517906000000004,18.678652,0.4896217660501382,,,,,,,,,,,,False,False
5257568874083021824,,,NGC3114,149.6405029296875,-59.13358688354492,0.57930946,12.850952,0.0995969955808579,,,,,,,,,,,,False,False
5257569458179957632,,,NGC3114,149.64791870117188,-59.08297729492188,1.3191098999999995,15.867973999999998,0.4664965339013736,,,,,,,,,,,,False,False
5257569664357027072,,,NGC3114,149.6417999267578,-59.07902145385742,0.89019775,14.33316,0.3461264407708601,,,,,,,,,,,,False,False
5257570385911346688,,,NGC3114,149.44374084472656,-59.13624954223633,0.8040371000000001,13.886799,0.2674814541707412,,,,,,,,,,,,False,False
5257571416703482112,,,NGC3114,149.30291748046875,-59.09727096557617,2.3257923,18.577253,0.5015934374177892,,,,,,,,,,,,False,False
5257571790341319680,,,NGC3114,149.4011993408203,-59.05556488037109,2.180956,17.815084,0.5104201111403137,,,,,,,,,,,,False,False
5257423326232362240,,,NGC3114,148.3363037109375,-59.77983474731445,0.3508625,12.252447,0.0929975642428452,,,,,,,,,,,,False,False
5257573031611267968,,,NGC3114,149.53836059570312,-59.013671875,0.9493542,14.534948000000002,0.3827205984947079,,,,,,,,,,,,False,False
5257573851925768448,,,NGC3114,149.49020385742188,-58.98915100097656,2.2782364,18.19375,0.5072696631921473,,,,,,,,,,,,False,False
5257574436039203712,,,NGC3114,149.80563354492188,-59.07671737670898,0.83706,13.973655,0.3059514221965186,,,,,,,,,,,,False,False
5257425452219256576,,,NGC3114,148.93023681640625,-59.97148513793945,2.1415634,17.550009,0.5155730838736186,,,,,,,,,,,,False,False
5257575333695448960,,,NGC3114,149.852783203125,-58.98519897460938,2.3666248,18.940285,0.4970844972258055,,,,,,,,,,,,False,False
5257426483010014080,,,NGC3114,148.85675048828125,-59.93847274780274,-0.048692703,9.780288,0.000112298442103,,,,,,,,,,,,False,False
5257427582534223744,,,NGC3114,149.0460968017578,-59.89167785644531,2.1163635,18.104115,0.4981408463666913,,,,,,,,,,,,False,False
5257578941486721536,,,NGC3114,149.62811279296875,-58.96989440917969,1.8111248,17.03728,0.5002293378900705,,,,,,,,,,,,False,False
5257428961230152448,,,NGC3114,148.90875244140625,-59.83052444458008,1.7278098999999998,16.816605,0.4980537555946747,,,,,,,,,,,,False,False
5257582583618946688,,,NGC3114,149.67477416992188,-58.81115341186523,0.84913254,13.945797,0.3227781633209058,,,,,,,,,,,,False,False
5257431568252555008,,,NGC3114,148.8388671875,-59.82875061035156,2.2808933,17.799011,0.5188840055541334,,,,,,,,,,,,False,False
5257431606929781632,,,NGC3114,148.803466796875,-59.81696701049805,1.1019735000000002,15.268641,0.4290787779751006,,,,,,,,,,,,False,False
5257432362844056704,,,NGC3114,148.82420349121094,-59.7627944946289,1.3357153,15.914933,0.4682960629169599,,,,,,,,,,,,False,False
5257434007794160128,,,NGC3114,149.0626678466797,-59.80612182617188,1.266016,15.876888,0.4547087511983546,,,,,,,,,,,,False,False
5257434286967577472,,,NGC3114,149.15567016601562,-59.78677749633789,2.0095787,17.667082,0.5005686207041224,,,,,,,,,,,,False,False
5257435176023691904,,,NGC3114,148.94334411621094,-59.74613952636719,2.0331955,17.120248999999998,0.5214815279647603,,,,,,,,,,,,False,False
5257435627019710208,,,NGC3114,148.9623565673828,-59.71514892578125,0.9445648,14.033929,0.4254567725597382,,,,,,,,,,,,False,False
5257436520373071616,,,NGC3114,149.24755859375,-59.68394470214844,0.57712364,12.753826,0.1645466399142993,,,,,,,,,,,,False,False
5257437443768111872,,,NGC3114,149.1319122314453,-59.6690788269043,2.2518673,17.936301999999998,0.5123510137159722,,,,,,,,,,,,False,False
5257437585524868480,,,NGC3114,149.15130615234375,-59.65063858032226,1.1495161,15.269589000000002,0.4449714161404203,,,,,,,,,,,,False,False
5257439509670000512,,,NGC3114,148.7814178466797,-59.6626091003418,1.1281395,15.335686,0.4354943153496965,,,,,,,,,,,,False,False
5257439642783821952,,,NGC3114,148.86009216308594,-59.66753005981445,1.7831669,17.022074,0.4975852384275592,,,,,,,,,,,,False,False
5257449164757099264,,,NGC3114,148.48605346679688,-59.63212203979492,0.84148884,14.115988,0.3060876993356174,,,,,,,,,,,,False,False
5257454486191762304,,,NGC3114,148.71652221679688,-59.51752853393555,2.1879425,17.687649,0.5149512193852553,,,,,,,,,,,,False,False
5257455212071689472,,,NGC3114,148.8145751953125,-59.43852233886719,1.2649908,15.858539000000002,0.4550302627703743,,,,,,,,,,,,False,False
5257530837850861184,,,NGC3114,149.22531127929688,-59.60516357421875,1.5895462,16.480532,0.4916339480637667,,,,,,,,,,,,False,False
5257530872210607744,,,NGC3114,149.23104858398438,-59.58728790283203,1.3133278,15.913275,0.4636403582716581,,,,,,,,,,,,False,False
5257533105569237632,,,NGC3114,149.39852905273438,-59.51602935791016,2.7919388,18.373596,0.5358291160442651,,,,,,,,,,,,False,False
5257458201368737920,,,NGC3114,148.60409545898438,-59.4306640625,2.014246,16.89795,0.5296785305297768,,,,,,,,,,,,False,False
5257534200785340288,,,NGC3114,149.31582641601562,-59.4813117980957,1.6706028000000002,16.628458,0.4975706907269649,,,,,,,,,,,,False,False
5257538014718188032,,,NGC3114,149.18829345703125,-59.35688781738281,2.1765175,17.771835,0.5113595126668294,,,,,,,,,,,,False,False
5257538500072354688,,,NGC3114,149.0847930908203,-59.37656021118164,0.30260563,12.238282,0.0196073323484365,,,,,,,,,,,,False,False
5257539560906382848,,,NGC3114,149.4371795654297,-59.42591094970703,2.2994517999999995,17.98016,0.5146232967174589,,,,,,,,,,,,False,False
5253412720149204096,,,NGC3114,152.67820739746094,-60.93721389770508,1.1289167,15.3317,0.4358733762574412,,,,,,,,,,,,False,False
5256348003870183040,,,NGC3114,150.85459899902344,-61.19607162475586,1.9597492,16.718702,0.5323212558851349,,,,,,,,,,,,False,False
5256459776100777600,,,NGC3114,152.26853942871094,-60.47256469726562,0.76422787,13.762111,0.2134722650197491,,,,,,,,,,,,False,False
5256460974354209536,,,NGC3114,152.2296600341797,-60.41496658325195,0.214777,11.957355,0.0326225359578985,,,,,,,,,,,,False,False
5256461494087547648,,,NGC3114,152.2731170654297,-60.38063049316406,1.4481335,16.223377,0.47845160000929,,,,,,,,,,,,False,False
5256461837656717696,,,NGC3114,152.0506591796875,-60.47647476196289,1.9135075,17.000764999999998,0.5131865845134193,,,,,,,,,,,,False,False
5256508704371050240,,,NGC3114,151.17335510253906,-60.15292358398438,1.7193470000000002,16.83596,0.4963129711312791,,,,,,,,,,,,False,False
5256508734395949952,,,NGC3114,151.18283081054688,-60.14034271240234,1.6563778000000002,16.632437,0.4954535856499389,,,,,,,,,,,,False,False
5256509009273847296,,,NGC3114,151.11129760742188,-60.163856506347656,1.4039936000000002,16.008163,0.4785762003652462,,,,,,,,,,,,False,False
5256509151047630848,,,NGC3114,151.12344360351562,-60.13760757446289,-0.006360054,9.734118,0.0406601957156871,,,,,,,,,,,,False,True
5256509425925528448,,,NGC3114,151.068603515625,-60.11223983764648,1.0453682,15.05496,0.4147238218806603,,,,,,,,,,,,False,False
5256354360421134976,,,NGC3114,150.43359375,-61.21311569213867,0.85894775,14.117187,0.3240706776396478,,,,,,,,,,,,False,False
5256509455947801728,,,NGC3114,151.15589904785156,-60.13810348510742,1.06956,15.227265,0.4191705377226578,,,,,,,,,,,,False,False
5256509838242430080,,,NGC3114,151.0821075439453,-60.09081649780274,0.8556423000000001,14.209937,0.3185231320131245,,,,,,,,,,,,False,False
5256463486952235520,,,NGC3114,152.00308227539062,-60.3864860534668,0.7802448000000001,13.8574,0.235502895669657,,,,,,,,,,,,False,False
5256464101095184640,,,NGC3114,152.1077880859375,-60.40337371826172,2.105465,17.684074,0.50815403797358,,,,,,,,,,,,False,False
5256510864696152832,,,NGC3114,151.87725830078125,-60.33592224121094,1.9897633,17.35878,0.5080090571623432,,,,,,,,,,,,False,False
5256510972114246528,,,NGC3114,151.89907836914062,-60.32737350463867,0.015191078,10.571949,0.0230310899768393,,,,,,,,,,,,False,False
5256511654969261696,,,NGC3114,151.80078125,-60.32627487182617,0.7882948000000001,13.861657999999998,0.2466492603786801,,,,,,,,,,,,False,False
5256464930061283968,,,NGC3114,152.05043029785156,-60.369895935058594,0.73608875,13.649214,0.170327039964294,,,,,,,,,,,,False,False
5256357349717794944,,,NGC3114,150.13478088378906,-61.19197463989258,1.1201077,15.188862,0.4382212875309267,,,,,,,,,,,,False,False
5256357482821050880,,,NGC3114,150.05389404296875,-61.18623352050781,1.6909598999999995,16.72727,0.4965769591698812,,,,,,,,,,,,False,False
5256357796394400512,,,NGC3114,150.11888122558594,-61.17115020751953,1.7752552,16.179108,0.5384587147504509,,,,,,,,,,,,False,False
5256358307460180992,,,NGC3114,150.280029296875,-61.16465377807617,1.9019241,17.251339,0.5028414656475183,,,,,,,,,,,,False,False
5256410126275099392,,,NGC3114,152.02505493164062,-61.00030899047852,0.9147177,14.420632,0.3626460708071775,,,,,,,,,,,,False,False
5256359136402216576,,,NGC3114,150.29647827148438,-61.10248184204102,1.9863586,17.598564,0.5004377360967286,,,,,,,,,,,,False,False
5256410366755596800,,,NGC3114,151.97332763671875,-60.98416519165039,2.4078808,18.81528,0.5015494632980809,,,,,,,,,,,,False,False
5256410401153002112,,,NGC3114,151.9859619140625,-60.98302459716797,1.214325,14.842386,0.5045568147434099,,,,,,,,,,,,False,False
5256513927053890816,,,NGC3114,151.88980102539062,-60.21859741210938,1.3688593,15.993859,0.4721431118020365,,,,,,,,,,,,False,False
5256467060365681024,,,NGC3114,152.4164276123047,-60.308631896972656,0.38426208,12.373801,0.0692169080679099,,,,,,,,,,,,False,False
5256514335033391616,,,NGC3114,151.84365844726562,-60.1728744506836,1.916729,17.367998,0.5006766654977304,,,,,,,,,,,,False,False
5256467507042170752,,,NGC3114,152.27630615234375,-60.33415222167969,1.0251198,14.951684,0.409279413612737,,,,,,,,,,,,False,False
5256467777583420544,,,NGC3114,152.3612823486328,-60.3060417175293,1.1109467,15.303961,0.4309657196638562,,,,,,,,,,,,False,False
5256361816483992704,,,NGC3114,150.49050903320312,-61.09374618530274,0.16723824,11.216297,0.1431054171105397,,,,,,,,,,,,False,False
5256362057002145920,,,NGC3114,150.41885375976562,-61.0712776184082,1.1664963,15.108456,0.4595823861508508,,,,,,,,,,,,False,False
5256515610678747776,,,NGC3114,151.5580596923828,-60.2591438293457,0.9347496,13.902443,0.4401256532565802,,,,,,,,,,,,False,False
5256516160434689920,,,NGC3114,151.6165008544922,-60.20598220825195,0.49269772,12.697707,0.0297943243794679,,,,,,,,,,,,False,False
5256469706040195712,,,NGC3114,152.3609619140625,-60.23249435424805,2.2804317000000003,18.759354,0.495546112977076,,,,,,,,,,,,False,False
5256516465334359680,,,NGC3114,151.60557556152344,-60.1864128112793,0.986495,14.720386499999998,0.3979952456700477,,,,,,,,,,,,False,False
5256516504032123392,,,NGC3114,151.61917114257812,-60.1720199584961,0.14358807,11.684663,0.0257772100507535,,,,,,,,,,,,False,False
5256517049452711168,,,NGC3114,151.7500762939453,-60.17180252075195,2.2161407000000004,18.429317,0.4979112885146563,,,,,,,,,,,,False,False
5256517633565546496,,,NGC3114,151.76132202148438,-60.13150787353516,1.6007156,16.558321,0.4903651194815595,,,,,,,,,,,,False,False
5256517637903629184,,,NGC3114,151.75405883789062,-60.12945175170898,0.63536835,13.015048,0.1255027583983599,,,,,,,,,,,,False,False
5256517775342460544,,,NGC3114,151.6565704345703,-60.17779541015625,0.7521448000000001,13.698985999999998,0.1959604119650831,,,,,,,,,,,,False,False
5256471217894037888,,,NGC3114,152.28091430664062,-60.22282409667969,0.0629272459999999,11.403647,-0.0211752846232831,,,,,,,,,,,,False,False
5256518526918042368,,,NGC3114,151.65768432617188,-60.11383056640625,0.1894455,11.880402,0.0253373468415039,,,,,,,,,,,,False,False
5256518599976258048,,,NGC3114,151.62753295898438,-60.09953689575195,0.9442501,14.647211,0.3763269421412764,,,,,,,,,,,,False,False
5256471939448428032,,,NGC3114,152.1165771484375,-60.23787689208984,0.8421593,14.11764,0.3067503084452219,,,,,,,,,,,,False,False
5256472008167905920,,,NGC3114,152.09130859375,-60.22353744506836,1.192215,15.5715885,0.4464313756165122,,,,,,,,,,,,False,False
5256473004600465280,,,NGC3114,152.27113342285156,-60.19088363647461,1.7459698,16.959509,0.4953562756263508,,,,,,,,,,,,False,False
5256520489749536512,,,NGC3114,151.99691772460938,-60.12548446655274,2.2220345,17.988757999999997,0.5086385229169721,,,,,,,,,,,,False,False
5256520558481713920,,,NGC3114,151.97573852539062,-60.11717224121094,0.9555197,14.706966,0.3814643522265263,,,,,,,,,,,,False,False
5256473279453301760,,,NGC3114,152.34597778320312,-60.15130996704102,2.1444664,18.575998,0.4908565563275167,,,,,,,,,,,,False,False
5256473554331132416,,,NGC3114,152.3017578125,-60.14432144165039,1.9087238,18.183126,0.4821825939724214,,,,,,,,,,,,False,False
5256367417099916032,,,NGC3114,150.40310668945312,-60.94886016845703,2.1016445,18.099503,0.4972006250563766,,,,,,,,,,,,False,False
5256522409567808768,,,NGC3114,151.9866180419922,-60.0499382019043,0.64341354,13.069811,0.1139703242277088,,,,,,,,,,,,False,False
5256474756947207936,,,NGC3114,152.20899963378906,-60.0816535949707,1.133337,15.278595,0.4392064948426479,,,,,,,,,,,,False,False
5256522551346658816,,,NGC3114,152.02110290527344,-60.03168106079102,0.6314831,13.036601,0.1030505522683918,,,,,,,,,,,,False,False
5256475444142662912,,,NGC3114,151.52627563476562,-60.73070907592773,0.980587,14.833651,0.3917616994314865,,,,,,,,,,,,False,False
5256523646518367616,,,NGC3114,151.8231658935547,-60.0799560546875,1.0944443,14.977375,0.4382034116327231,,,,,,,,,,,,False,False
5256476230076604160,,,NGC3114,151.39059448242188,-60.71824264526367,0.19909382,11.961091,0.0062039478311204,,,,,,,,,,,,False,False
5256524819076195200,,,NGC3114,151.71788024902344,-60.02153015136719,0.2483014999999999,11.387427,0.2255875433411905,,,,,,,,,,,,False,False
5256525227067883648,,,NGC3114,151.74166870117188,-60.00605773925781,1.2119884,15.211531,0.46954186375461,,,,,,,,,,,,False,False
5256525231406112000,,,NGC3114,151.73878479003906,-60.00201034545898,1.0435848,15.055996,0.4139813826002631,,,,,,,,,,,,False,False
5256525609363352832,,,NGC3114,151.9337615966797,-60.00053024291992,2.4539318,18.187374,0.5194663176211176,,,,,,,,,,,,False,False
5256525678082788096,,,NGC3114,151.8992919921875,-60.01876068115234,1.7393074,16.875847,0.4973767642553899,,,,,,,,,,,,False,False
5256525952948770816,,,NGC3114,151.9903564453125,-59.99904251098633,2.1577988,17.640028,0.5139613753154179,,,,,,,,,,,,False,False
5256526708874975232,,,NGC3114,151.8356475830078,-59.95146560668945,1.116744,15.322873,0.4322610752443202,,,,,,,,,,,,False,False
5256478089842480768,,,NGC3114,151.60238647460938,-60.58317565917969,0.8562641,14.146111,0.3204051546788639,,,,,,,,,,,,False,False
5256527258630859392,,,NGC3114,151.88575744628906,-59.918922424316406,1.146389,15.247862,0.4448629860000796,,,,,,,,,,,,False,False
5256478433439698688,,,NGC3114,151.45919799804688,-60.62256622314453,0.9158859,14.389451,0.3645577334494193,,,,,,,,,,,,False,False
5256527563533106048,,,NGC3114,151.85635375976562,-59.87548446655274,2.4309654,17.645405,0.5370631429755763,,,,,,,,,,,,False,False
5256527636588242816,,,NGC3114,151.50083923339844,-60.2172966003418,1.334382,15.9462595,0.4668798628805872,,,,,,,,,,,,False,False
5256527636588507392,,,NGC3114,151.48712158203125,-60.21427154541016,1.3123627,15.797945,0.4677072124163658,,,,,,,,,,,,False,False
5256371845197415552,,,NGC3114,151.1902618408203,-61.03889083862305,2.347433,17.878654,0.5214625036591938,,,,,,,,,,,,False,False
5256478841419725312,,,NGC3114,151.58541870117188,-60.571266174316406,1.8097782,16.997320000000002,0.5014519702785023,,,,,,,,,,,,False,False
5256478841422604800,,,NGC3114,151.5909881591797,-60.57839584350586,1.9291573,17.386879,0.5013013384588701,,,,,,,,,,,,False,False
5256417887255367168,,,NGC3114,152.2940673828125,-60.85628890991211,2.0442905,17.457872000000002,0.5098726901695155,,,,,,,,,,,,False,False
5256528491245545088,,,NGC3114,151.45074462890625,-60.15464782714844,1.9581985,18.157999,0.4860060665811158,,,,,,,,,,,,False,False
5256479601670616704,,,NGC3114,151.2467498779297,-60.65426635742188,1.0817986000000002,15.042148999999998,0.4298312002123099,,,,,,,,,,,,False,False
5256528598661038720,,,NGC3114,151.51918029785156,-60.13113403320313,0.5452975999999999,12.784396,0.0723768020326165,,,,,,,,,,,,False,False
5256529075359121408,,,NGC3114,151.320556640625,-60.137245178222656,2.199091,17.570308999999998,0.5199412191970848,,,,,,,,,,,,False,False
5256529144077199232,,,NGC3114,151.38143920898438,-60.12625122070313,0.2831068,12.124613,0.0559409146443137,,,,,,,,,,,,False,False
5256529212797390592,,,NGC3114,151.3563690185547,-60.1192855834961,0.9977989,14.789564000000002,0.4015312592343824,,,,,,,,,,,,False,False
5256529384595367040,,,NGC3114,151.451171875,-60.11752700805664,0.06884575,8.884668,0.086786932459241,299.8442,17.727604,0.05912271773140851,,,,,,,,,True,True
5256529698172668160,,,NGC3114,151.4288330078125,-60.07868194580078,1.1669083,15.321117,0.4484442159475109,,,,,,,,,,,,False,False
5256481216578382464,,,NGC3114,151.19935607910156,-60.5717658996582,0.2305851,12.008574,0.0326942080722205,,,,,,,,,,,,False,False
5256481285274387328,,,NGC3114,151.24542236328125,-60.56130981445313,1.4589405,16.217253,0.4805582538922026,,,,,,,,,,,,False,False
5256481319657659648,,,NGC3114,151.24220275878906,-60.54677200317383,0.50691795,12.100644,0.4446464356145153,,,,,,,,,,,,False,False
5256481354017364608,,,NGC3114,151.21127319335938,-60.55453872680664,1.313468,15.8091345,0.4675112625309305,,,,,,,,,,,,False,False
5256530969483001088,,,NGC3114,151.4578399658203,-60.08155059814453,1.0332661,14.966297,0.4123722596074218,,,,,,,,,,,,False,False
5256531106921983744,,,NGC3114,151.4752655029297,-60.06393814086914,2.4280262,18.153137,0.5187010574333493,,,,,,,,,,,,False,False
5256531141281740544,,,NGC3114,151.4894256591797,-60.05241775512695,0.93937683,14.6011915,0.3744234658096327,,,,,,,,,,,,False,False
5256531308742176128,,,NGC3114,151.4433135986328,-60.04487609863281,1.7126941999999998,16.819906,0.4960441849708517,,,,,,,,,,,,False,False
5256531347440174464,,,NGC3114,151.46925354003906,-60.03815078735352,1.6016941,16.764864000000003,0.483735321741448,,,,,,,,,,,,False,False
5256531587958404864,,,NGC3114,151.53762817382812,-60.01004028320313,1.149024,15.194453,0.4482795131618186,,,,,,,,,,,,False,False
5256482865845900928,,,NGC3114,151.22682189941406,-60.5265998840332,0.24991608,10.873256,0.2857232076321062,,,,,,,,,,,,False,False
5256532030295924480,,,NGC3114,151.3213653564453,-60.12842559814453,0.8947973,14.354901000000002,0.3492714123011731,,,,,,,,,,,,False,False
5256532206433449088,,,NGC3114,151.29701232910156,-60.09997177124024,0.8872452,14.353934,0.343326180764209,,,,,,,,,,,,False,False
5256532584390637312,,,NGC3114,151.34434509277344,-60.072715759277344,1.1304169,15.254959,0.4391402462240291,,,,,,,,,,,,False,False
5256532859268534400,,,NGC3114,151.310302734375,-60.062255859375,0.7903223,13.819809,0.2508604292144798,,,,,,,,,,,,False,False
5256533061088846592,,,NGC3114,151.30389404296875,-60.02466583251953,1.8641014,17.006732999999997,0.5073143158110145,,,,,,,,,,,,False,False
5256533065416105600,,,NGC3114,151.31036376953125,-60.0239372253418,2.3213234000000003,18.568403,0.501509293221673,,,,,,,,,,,,False,False
5256533168506062336,,,NGC3114,151.16448974609375,-60.08237457275391,0.02312088,10.30744,0.0524537814904777,,,,,,,,,,,,False,True
5256533305945053184,,,NGC3114,151.18447875976562,-60.05448532104492,1.387785,16.046951,0.4738751520159031,,,,,,,,,,,,False,False
5256533305945070848,,,NGC3114,151.2079620361328,-60.0538330078125,0.7812576,13.798817,0.2383140340059646,,,,,,,,,,,,False,False
5256533340304819456,,,NGC3114,151.20660400390625,-60.04521560668945,1.4674015,16.015194,0.4908034672227923,,,,,,,,,,,,False,False
5256484034077525504,,,NGC3114,151.6706085205078,-60.57117080688477,2.0556679,18.195692,0.4920220335991263,,,,,,,,,,,,False,False
5256533409024254464,,,NGC3114,151.17149353027344,-60.05755996704102,1.7289906000000004,16.837994000000002,0.4974374806340033,,,,,,,,,,,,False,False
5256533890060716416,,,NGC3114,151.25137329101562,-60.00348663330078,0.76691055,13.773532,0.217340272128529,,,,,,,,,,,,False,False
5256533920081655040,,,NGC3114,151.20176696777344,-60.03110504150391,1.812252,16.4561,0.5264195414320292,,,,,,,,,,,,False,False
5256375800884133120,,,NGC3114,150.8664093017578,-60.93238067626953,2.6830177,18.746626000000003,0.5182739923702686,,,,,,,,,,,,False,False
5256534371097147520,,,NGC3114,151.4156494140625,-60.01045989990234,0.0115795139999999,9.363019,0.0551153749866235,,,,,,,,,,,,False,True
5256484893071019520,,,NGC3114,151.6207275390625,-60.5207633972168,0.2014494,11.230534,0.1847141025563302,61.43576,99.84706,1.6252270664512003,,,,,,,,,True,False
5256534401118024960,,,NGC3114,151.36996459960938,-60.00595474243164,1.3003492,15.863362,0.4625845081589958,,,,,,,,,,,,False,False
5256534302362398464,,,NGC3114,151.36692810058594,-60.02297973632813,2.23131,18.544903,0.4965924702490323,,,,,,,,,,,,False,False
5256534439816629760,,,NGC3114,151.38345336914062,-59.98774337768555,1.1309624,15.35256,0.4358359941776338,,,,,,,,,,,,False,False
5256534538556977280,,,NGC3114,151.30209350585938,-60.00637817382813,0.8257121999999999,14.109457,0.2897916738582768,,,,,,,,,,,,False,False
5256421671112391296,,,NGC3114,152.34112548828125,-60.66493606567383,2.386263,17.488697,0.5400475399886562,,,,,,,,,,,,False,False
5256534680319721088,,,NGC3114,151.33055114746094,-59.98067474365234,1.9888992,16.467964000000002,0.5523899747890779,,,,,,,,,,,,False,False
5256534783414038528,,,NGC3114,151.42312622070312,-59.98516082763672,1.1866312,15.486928,0.4478012876567658,,,,,,,,,,,,False,False
5256421808551266560,,,NGC3114,152.27120971679688,-60.66284942626953,2.725378,18.693445,0.5220539556573024,,,,,,,,,,,,False,False
5256534882157204608,,,NGC3114,151.446044921875,-59.97230911254883,2.2165356,17.91773,0.5102068813950167,,,,,,,,,,,,False,False
5256534950874120832,,,NGC3114,151.4225311279297,-59.96899795532226,2.14818,17.080889000000003,0.5358366939378764,,,,,,,,,,,,False,False
5256421877306395136,,,NGC3114,152.23936462402344,-60.65943908691406,1.1213198,15.289235,0.4348426475731142,,,,,,,,,,,,False,False
5256485374107402112,,,NGC3114,151.62136840820312,-60.49005126953125,0.98007584,14.700988,0.3951622964743211,,,,,,,,,,,,False,False
5256485855143842816,,,NGC3114,151.79872131347656,-60.51536560058594,1.6218624,16.655758,0.4898808250583431,,,,,,,,,,,,False,False
5256535539313339648,,,NGC3114,151.29920959472656,-59.94344329833984,1.5575428,16.92267,0.4741947300063294,,,,,,,,,,,,False,False
5256485889503561600,,,NGC3114,151.74996948242188,-60.5020980834961,1.050415,14.992798,0.4188006583070847,,,,,,,,,,,,False,False
5256535573687932032,,,NGC3114,151.23641967773438,-59.96720504760742,0.80529404,14.030566,0.2672446969226758,,,,,,,,,,,,False,False
5256535603708003584,,,NGC3114,151.25514221191406,-59.95511245727539,0.3301916,12.272061,0.0444415480163283,,,,,,,,,,,,False,False
5256486095662205056,,,NGC3114,151.74688720703125,-60.49267578125,1.563942,16.450243,0.4889152555111785,,,,,,,,,,,,False,False
5256486130000687616,,,NGC3114,151.7338104248047,-60.48319625854492,2.1699886000000004,18.474276,0.494182440643048,,,,,,,,,,,,False,False
5256486198741236736,,,NGC3114,151.719970703125,-60.46487426757813,2.2827091,18.185024,0.507796178624923,,,,,,,,,,,,False,False
5256322577661668864,,,NGC3114,151.31040954589844,-61.16596603393555,1.7279949,16.748537,0.5006106088601243,,,,,,,,,,,,False,False
5256486297483069952,,,NGC3114,151.732177734375,-60.46679306030274,2.2712708,17.737773999999998,0.5201726205830772,,,,,,,,,,,,False,False
5256486336180241408,,,NGC3114,151.73695373535156,-60.44164657592773,1.3805408,16.082160000000002,0.4712162778661781,,,,,,,,,,,,False,False
5256486542338780800,,,NGC3114,151.8515167236328,-60.43011474609375,2.0887814,17.58212,0.5098588459427592,,,,,,,,,,,,False,False
5256536565782168320,,,NGC3114,151.691162109375,-60.0142936706543,2.103117,17.615591000000002,0.5100505140134671,,,,,,,,,,,,False,False
5256536844998652928,,,NGC3114,151.65362548828125,-59.98548126220703,0.66804695,13.200543,0.1119767097859378,,,,,,,,,,,,False,False
5256487195152520960,,,NGC3114,151.63156127929688,-60.43699264526367,2.7701206000000003,18.6031,0.5271884902688488,,,,,,,,,,,,False,False
5256487293918516352,,,NGC3114,151.6293487548828,-60.4206657409668,1.8383694,16.415937,0.5328701694537469,,,,,,,,,,,,False,False
5256487641850395136,,,NGC3114,151.75843811035156,-60.39247131347656,1.2178783000000002,15.544106,0.4543144641616014,,,,,,,,,,,,False,False
5256537527857080704,,,NGC3114,151.57498168945312,-59.9903793334961,1.9590893,16.702355999999998,0.5331482316458743,,,,,,,,,,,,False,False
5256537562216813184,,,NGC3114,151.5430450439453,-59.97870254516602,2.850235,18.314226,0.5417154827275155,,,,,,,,,,,,False,False
5256378309153123456,,,NGC3114,151.34645080566406,-60.95169448852539,2.8917637000000003,16.016663,0.7716381953601968,,,,,,,,,,,,False,False
5256537802731259520,,,NGC3114,151.53395080566406,-59.96672058105469,0.31621647,12.133368,0.1067770292011516,,,,,,,,,,,,False,False
5256538146329601408,,,NGC3114,151.5961456298828,-59.92910385131836,1.1706715,15.413851,0.4458550898601214,,,,,,,,,,,,False,False
5256538253747960832,,,NGC3114,151.611083984375,-59.91273498535156,0.7967291,13.961331,0.2567668872324579,,,,,,,,,,,,False,False
5256488294685015936,,,NGC3114,151.44918823242188,-60.49542236328125,0.08281422,10.147726,0.123399441498406,289.44666,59.537228,0.20569326313870748,,,,,,,,,True,True
5256488702667780224,,,NGC3114,151.5672149658203,-60.44536209106445,2.4021072,18.249409,0.5141858320275168,,,,,,,,,,,,False,False
5256424385534268672,,,NGC3114,152.0102996826172,-60.86098861694336,1.3566798999999998,16.134523,0.4650748490739514,,,,,,,,,,,,False,False
5256489394196644480,,,NGC3114,151.35768127441406,-60.443153381347656,1.7333546000000002,16.860405,0.4971879465812408,,,,,,,,,,,,False,False
5256489424220864384,,,NGC3114,151.3649444580078,-60.43969345092773,2.0183716,17.245628,0.5148722735021846,,,,,,,,,,,,False,False
5256489462916118016,,,NGC3114,151.32376098632812,-60.42820739746094,1.2770882,15.620214,0.4667503296329411,,,,,,,,,,,,False,False
5256489600334974592,,,NGC3114,151.34848022460938,-60.40461349487305,1.3300991000000002,15.819143,0.4708460555948037,,,,,,,,,,,,False,False
5256489836539415168,,,NGC3114,151.4695281982422,-60.37969589233398,1.9097366,17.235777,0.5041456901732446,,,,,,,,,,,,False,False
5256489909592905728,,,NGC3114,151.4563751220703,-60.3707504272461,0.907671,14.322710999999998,0.3606791319106053,,,,,,,,,,,,False,False
5256540826389184512,,,NGC3114,151.4759063720703,-59.93740844726562,1.4364891000000002,16.230137,0.4761932435877478,,,,,,,,,,,,False,False
5256540899447737600,,,NGC3114,151.46807861328125,-59.9312629699707,0.7989520999999999,13.9449835,0.259597803733739,,,,,,,,,,,,False,False
5256380027147726720,,,NGC3114,151.23507690429688,-60.85631561279297,1.123703,15.2792015,0.4359816300760535,,,,,,,,,,,,False,False
5256541174325637888,,,NGC3114,151.41795349121094,-59.91057586669922,0.9559002,14.140995000000002,0.4205173085714028,,,,,,,,,,,,False,False
5256490489369467136,,,NGC3114,151.54937744140625,-60.39959335327149,0.33041096,12.314898,0.015681608506495,,,,,,,,,,,,False,False
5256490626813409664,,,NGC3114,151.56605529785156,-60.37647247314453,1.520464,16.37763,0.4848456112055473,,,,,,,,,,,,False,False
5256541380484136320,,,NGC3114,151.5188446044922,-59.88466262817383,1.0127134,14.926138,0.4045147486695983,,,,,,,,,,,,False,False
5256541479224847616,,,NGC3114,151.5277099609375,-59.87352752685547,1.9733658,17.201122,0.511917446064143,,,,,,,,,,,,False,False
5256541655362040448,,,NGC3114,151.48057556152344,-59.86625671386719,1.2328129,15.600599,0.4561039431608603,,,,,,,,,,,,False,False
5256541792801019648,,,NGC3114,151.49337768554688,-59.8370132446289,1.338069,15.625844,0.4821173459139294,,,,,,,,,,,,False,False
5256426584557813120,,,NGC3114,151.7240753173828,-60.87162399291992,2.151657,18.201979,0.4984403129563105,,,,,,,,,,,,False,False
5256491524500671104,,,NGC3114,151.47860717773438,-60.33965301513672,0.6806154000000001,12.559248,0.4934259966558036,,,,,,,,,,,,False,False
5256542613095696512,,,NGC3114,151.4514923095703,-59.81867218017578,1.6012478,16.517279000000002,0.4919660178672885,,,,,,,,,,,,False,False
5256491730659113344,,,NGC3114,151.46376037597656,-60.32246398925781,1.5173359,16.390303,0.4838911257192707,,,,,,,,,,,,False,False
5256491799378573824,,,NGC3114,151.4336395263672,-60.31692886352539,1.3070025,7.499989,0.640946404750312,9.134262,0.7320883,0.08014750398006977,,,,,,,,,True,False
5256380920501007360,,,NGC3114,151.46417236328125,-60.82365036010742,0.434206,12.502426,0.0666422296019563,,,,,,,,,,,,False,False
5256543442068624896,,,NGC3114,151.53765869140625,-59.79423904418945,0.6736984,13.16053,0.1436381177799114,,,,,,,,,,,,False,False
5256543643887867904,,,NGC3114,151.59156799316406,-59.78255081176758,1.5484848,16.426594,0.4874267624957688,,,,,,,,,,,,False,False
5256543678246515328,,,NGC3114,151.6344757080078,-59.78619384765625,0.3304739,12.073771,0.1629003394566034,,,,,,,,,,,,False,False
5256492349134506112,,,NGC3114,151.4772491455078,-60.26480484008789,0.6733216999999999,13.2078085,0.121989143359925,,,,,,,,,,,,False,False
5256543923092718592,,,NGC3114,151.54525756835938,-59.7637939453125,1.6882191000000002,17.020468,0.4868903091072104,,,,,,,,,,,,False,False
5256493066353084928,,,NGC3114,151.14279174804688,-60.53876113891602,1.9081936,17.234169,0.5040411320303125,,,,,,,,,,,,False,False
5256493105030094720,,,NGC3114,151.19741821289062,-60.54671478271485,1.7729568,16.851485999999998,0.5023755635535818,,,,,,,,,,,,False,False
5256544988256573824,,,NGC3114,151.43865966796875,-59.72951126098633,0.9877949,14.726069,0.3984954950067675,,,,,,,,,,,,False,False
5256493448646788736,,,NGC3114,151.1255645751953,-60.49950408935547,0.70168304,13.375214,0.1355009462731498,,,,,,,,,,,,False,False
5256493654804886144,,,NGC3114,151.0546875,-60.54104995727539,1.7993773999999998,17.025694,0.4992971012034668,,,,,,,,,,,,False,False
5256429019796634112,,,NGC3114,151.74392700195312,-60.75158309936523,1.4305153,16.200754,0.4761773281543586,,,,,,,,,,,,False,False
5256494131503927808,,,NGC3114,151.0459442138672,-60.50493621826172,0.33799362,12.175733,0.1189956253415376,,,,,,,,,,,,False,False
5256545984675445120,,,NGC3114,150.05606079101562,-61.07635879516602,1.4794693,16.355448000000003,0.4790753723668384,,,,,,,,,,,,False,False
5256494479438710528,,,NGC3114,151.05206298828125,-60.46425247192383,0.7425003000000001,13.61906,0.1835638661950518,,,,,,,,,,,,False,False
5256494612540252416,,,NGC3114,151.2196807861328,-60.51641082763672,0.8735161,14.127465,0.3385412154946868,,,,,,,,,,,,False,False
5256546637509443200,,,NGC3114,149.81639099121094,-61.0886116027832,1.6844101000000002,16.677284,0.4975748515149755,,,,,,,,,,,,False,False
5256331442442800256,,,NGC3114,151.4576416015625,-60.96714782714844,2.5046177000000003,18.390198,0.517020021157882,,,,,,,,,,,,False,False
5256495063554375296,,,NGC3114,151.1964874267578,-60.46183395385742,1.1718454,15.300334,0.4509799200532229,,,,,,,,,,,,False,False
5256495166633619968,,,NGC3114,151.2486114501953,-60.47100067138672,1.327692,15.741116,0.4737054230894492,,,,,,,,,,,,False,False
5256495441511533440,,,NGC3114,151.21592712402344,-60.44775390625,0.6923064999999999,13.200682999999998,0.1718236856964582,,,,,,,,,,,,False,False
5256495471533612416,,,NGC3114,151.2368927001953,-60.43500518798828,0.077726364,9.749751,0.1199271131509809,,,,,,,,,,,,False,True
5256495510231009152,,,NGC3114,151.18800354003906,-60.43283081054688,1.3926983,15.321995,0.5209527954313224,,,,,,,,,,,,False,False
5256332232748665600,,,NGC3114,151.54908752441406,-60.95384979248047,-0.0177478789999999,10.198785,0.0149993051714832,,,,,,,,,,,,False,True
5256495716389348096,,,NGC3114,151.11976623535156,-60.46309661865234,1.340518,15.955316,0.4678188439625151,,,,,,,,,,,,False,False
5256495750749100800,,,NGC3114,151.12451171875,-60.45516586303711,1.7355900000000002,16.783539,0.5002551703756697,,,,,,,,,,,,False,False
5256332748144557824,,,NGC3114,151.6183319091797,-60.89876937866211,1.3056507,15.982664000000002,0.4598300993828313,,,,,,,,,,,,False,False
5256496261807594240,,,NGC3114,151.1792755126953,-60.42519378662109,0.4004382999999999,12.446862,0.0459645349577976,,,,,,,,,,,,False,False
5256496266126583040,,,NGC3114,151.1730499267578,-60.42439651489258,2.2649841,18.502834,0.4994499113075873,,,,,,,,,,,,False,False
5256496300505018496,,,NGC3114,151.17539978027344,-60.40285873413086,0.96719074,14.656153,0.3893942997344997,,,,,,,,,,,,False,False
5256430909582136704,,,NGC3114,152.06597900390625,-60.78967666625977,0.9236202,14.483582,0.3671638114954553,,,,,,,,,,,,False,False
5256548767813515648,,,NGC3114,149.95626831054688,-61.01749801635742,1.4716167,16.239727,0.4819073692233568,,,,,,,,,,,,False,False
5256549008331780224,,,NGC3114,149.9527130126953,-60.96137619018555,1.2566719,15.6998825,0.4583858259481665,,,,,,,,,,,,False,False
5256333435339305984,,,NGC3114,151.49594116210938,-60.87509155273438,0.040122032,9.562706,0.0831487417561047,,,,,,,,,,,,False,True
5256333534089531904,,,NGC3114,151.56912231445312,-60.8893928527832,2.36298,17.844007,0.5238547516394269,,,,,,,,,,,,False,False
5256497022059228544,,,NGC3114,150.93618774414062,-60.48780059814453,1.4607582,16.279879,0.4785988922298845,,,,,,,,,,,,False,False
5256497193857894912,,,NGC3114,150.8666229248047,-60.466575622558594,0.95938206,14.594985,0.3868474355534901,,,,,,,,,,,,False,False
5256497674875100928,,,NGC3114,150.94464111328125,-60.43972396850586,2.3404198,18.675528,0.5004801489005265,,,,,,,,,,,,False,False
5256498018491609984,,,NGC3114,150.83006286621094,-60.45017623901367,0.6881008000000001,13.27119,0.1340409310856169,,,,,,,,,,,,False,False
5256498185955480960,,,NGC3114,150.7803192138672,-60.44370651245117,2.2694778,17.914807999999997,0.5143262539405564,,,,,,,,,,,,False,False
5256498430789155840,,,NGC3114,150.79681396484375,-60.39277648925781,2.389246,18.554548,0.5058572524036011,,,,,,,,,,,,False,False
5256498465168294272,,,NGC3114,150.88485717773438,-60.41753387451172,1.3381138,15.907986,0.4690629691044935,,,,,,,,,,,,False,False
5256498636967047680,,,NGC3114,150.92433166503906,-60.39535140991211,0.73938274,13.548453,0.1846907690292561,,,,,,,,,,,,False,False
5256498877485199232,,,NGC3114,150.864013671875,-60.37247848510742,0.81244755,14.022323000000002,0.2754258346014229,,,,,,,,,,,,False,False
5256498946204923264,,,NGC3114,150.82440185546875,-60.36556625366211,0.9524994,14.62272,0.3817907531676002,,,,,,,,,,,,False,False
5256499118003456128,,,NGC3114,151.008544921875,-60.39396667480469,1.7717896,16.605251000000003,0.5126496125965673,,,,,,,,,,,,False,False
5256499186722978432,,,NGC3114,151.0615692138672,-60.38630676269531,0.18219376,10.94338,0.194212163744929,,,,,,,,,,,,False,False
5256499221082695936,,,NGC3114,151.02359008789062,-60.38184356689453,1.1085815,15.179977,0.4344439244326795,,,,,,,,,,,,False,False
5256499427241128192,,,NGC3114,151.01593017578125,-60.37632369995117,1.1323462,15.344012,0.4365521740796603,,,,,,,,,,,,False,False
5256499457263598848,,,NGC3114,151.007568359375,-60.35466003417969,0.77112484,13.818852,0.2228704419927615,,,,,,,,,,,,False,False
5256552444305681792,,,NGC3114,149.9286346435547,-60.91278839111328,1.821701,17.036535,0.5014424215783692,,,,,,,,,,,,False,False
5256384936251791232,,,NGC3114,151.18238830566406,-60.78162384033203,0.50594616,12.580482,0.145094378056997,,,,,,,,,,,,False,False
5256499702119124224,,,NGC3114,151.09036254882812,-60.34775924682617,0.52281475,12.734936,0.0624511375797602,,,,,,,,,,,,False,False
5256499805198349952,,,NGC3114,151.07772827148438,-60.33335113525391,0.84473896,13.469576000000002,0.4191514086721064,,,,,,,,,,,,False,False
5256500045716492288,,,NGC3114,151.01611328125,-60.31849670410156,0.6073408,12.940357,0.1039220736915586,,,,,,,,,,,,False,False
5256500213180342784,,,NGC3114,150.90904235839844,-60.3514404296875,1.2462406,15.733269,0.4547112397418859,,,,,,,,,,,,False,False
5256500217496174848,,,NGC3114,150.93048095703125,-60.35085678100586,2.3823318,18.10033,0.5170669314370103,,,,,,,,,,,,False,False
5256500320598775168,,,NGC3114,150.9370574951172,-60.33540725708008,0.08776951,10.605139,0.1069610494317343,63.736702,63.862286,1.001970356106596,,,,,,,,,True,False
5256500423654511488,,,NGC3114,150.89674377441406,-60.34918975830078,2.0339375,18.182152,0.4907928033903564,,,,,,,,,,,,False,False
5256500423673498368,,,NGC3114,150.88328552246094,-60.33308792114258,1.4648991000000002,15.931828,0.4945704538202162,,,,,,,,,,,,False,False
5256500492392967168,,,NGC3114,150.86392211914062,-60.32681274414063,1.1223458999999998,15.349523,0.4332249237830654,,,,,,,,,,,,False,False
5256432906783491200,,,NGC3114,151.9955596923828,-60.65567779541016,1.1951828000000002,15.3370495,0.4567388629493087,,,,,,,,,,,,False,False
5256500934732007168,,,NGC3114,150.92930603027344,-60.30136489868164,0.3846979,12.447545,0.0169406567578807,,,,,,,,,,,,False,False
5256554162261592832,,,NGC3114,150.21932983398438,-60.9509391784668,1.5282059,16.61188,0.4783590491841073,,,,,,,,,,,,False,False
5256385730851735168,,,NGC3114,151.22727966308594,-60.68727493286133,2.5190392000000004,18.2349,0.5224511216528094,,,,,,,,,,,,False,False
5256554780768210688,,,NGC3114,150.2364501953125,-60.89937973022461,1.0257158000000002,14.88175,0.4118680777560201,,,,,,,,,,,,False,False
5256554879517946368,,,NGC3114,150.1529998779297,-60.90124893188477,0.6466770000000001,13.094558,0.1087652122791496,,,,,,,,,,,,False,False
5256501935485418112,,,NGC3114,151.37200927734375,-60.34080505371094,1.9199162,17.111034,0.509602456507982,,,,,,,,,,,,False,False
5256502004221967744,,,NGC3114,151.3620147705078,-60.33673477172852,0.9029894,14.383125,0.3549157943358369,,,,,,,,,,,,False,False
5256340650885485696,,,NGC3114,150.4883270263672,-61.3035888671875,0.9750166,14.530651,0.3997043252233943,,,,,,,,,,,,False,False
5256433830165186304,,,NGC3114,152.22305297851562,-60.6197624206543,2.5166817000000004,18.143623,0.5251619083893234,,,,,,,,,,,,False,False
5256502553977985920,,,NGC3114,151.2168426513672,-60.32933807373047,0.9567137,13.875108,0.4767571667880342,,,,,,,,,,,,False,False
5256502652720191104,,,NGC3114,151.13975524902344,-60.335670471191406,1.6268597,16.656898,0.490522165554131,,,,,,,,,,,,False,False
5256502966294604800,,,NGC3114,151.2476043701172,-60.30263900756836,1.1359959,15.043541,0.4516627020914288,,,,,,,,,,,,False,False
5256557525218196736,,,NGC3114,150.18226623535156,-60.79698181152344,1.6111774,16.525204000000002,0.4931183677692586,,,,,,,,,,,,False,False
5256503614794743424,,,NGC3114,151.38941955566406,-60.2897834777832,1.9945259,17.822773,0.4954401753819279,,,,,,,,,,,,False,False
5256503619129739520,,,NGC3114,151.38572692871094,-60.29628372192383,1.6324139,16.71829,0.489189521670496,,,,,,,,,,,,False,False
5256503683513964032,,,NGC3114,151.35751342773438,-60.30988311767578,2.206501,18.064054,0.5055219062007117,,,,,,,,,,,,False,False
5256343468367756800,,,NGC3114,151.00689697265625,-61.30428314208984,1.8117714,16.964241,0.5028590414164029,,,,,,,,,,,,False,False
5256504473786405120,,,NGC3114,151.40475463867188,-60.21070098876953,2.000658,17.333666,0.509919657898241,,,,,,,,,,,,False,False
5256387586290588288,,,NGC3114,150.8414764404297,-60.91308975219727,0.6027508,12.2707815,0.5150328668705344,,,,,,,,,,,,False,False
5256504886103246848,,,NGC3114,151.23690795898438,-60.236778259277344,2.1478844,17.626245,0.5135637177632065,,,,,,,,,,,,False,False
5256505057901152128,,,NGC3114,151.3389892578125,-60.22911071777344,0.7237395999999999,13.517059,0.1575373141981847,,,,,,,,,,,,False,False
5256505779456224640,,,NGC3114,151.14898681640625,-60.2996826171875,1.6847763,16.739017,0.4953418164973328,,,,,,,,,,,,False,False
5256435586850081280,,,NGC3114,151.8136444091797,-60.6763801574707,1.16329,15.472559,0.4416453072593783,,,,,,,,,,,,False,False
5256505955574124160,,,NGC3114,151.0509490966797,-60.29855346679688,2.6684017000000004,18.849646,0.5149560351075723,,,,,,,,,,,,False,False
5256506226134823168,,,NGC3114,151.1361846923828,-60.27305221557617,2.2752762000000004,18.060848,0.510551293038383,,,,,,,,,,,,False,False
5256435857385539840,,,NGC3114,151.90032958984375,-60.64276885986328,1.6698093,16.121546,0.523323306775816,,,,,,,,,,,,False,False
5256435930440458880,,,NGC3114,151.94497680664062,-60.63837814331055,1.7643490000000002,16.204539999999998,0.5347035358815967,,,,,,,,,,,,False,False
5256436029184170624,,,NGC3114,151.94580078125,-60.61170959472656,0.25442982,11.993541,0.0785075768693234,,,,,,,,,,,,False,False
5256506707168505728,,,NGC3114,151.02456665039062,-60.28229522705078,0.9244604,14.492539,0.3674957874583475,,,,,,,,,,,,False,False
5256506711505958912,,,NGC3114,151.03030395507812,-60.2869873046875,1.4622288,16.217737,0.4811133649843922,,,,,,,,,,,,False,False
5256388720161937536,,,NGC3114,150.7039337158203,-60.85177993774414,1.4383507,16.117748000000002,0.4807084213570843,,,,,,,,,,,,False,False
5256506780225432576,,,NGC3114,151.0023956298828,-60.27676391601562,1.0603523,15.186333,0.4169215214535646,,,,,,,,,,,,False,False
5256506883304716288,,,NGC3114,151.0486297607422,-60.24112319946289,0.19813061,11.67947,0.1048887524247372,,,,,,,,,,,,False,False
5256506952006810240,,,NGC3114,151.04135131835938,-60.23584747314453,2.338995,17.963959,0.5180634119212246,,,,,,,,,,,,False,False
5256507085126506496,,,NGC3114,150.9547882080078,-60.22776412963867,2.285057,17.944653,0.5146077982340181,,,,,,,,,,,,False,False
5256507089463103232,,,NGC3114,150.96731567382812,-60.230751037597656,0.6235656999999999,13.021784,0.0921228251638101,,,,,,,,,,,,False,False
5256507222564680704,,,NGC3114,150.99005126953125,-60.22013854980469,0.4870987,12.552583,0.1292440102609198,,,,,,,,,,,,False,False
5256507261261852032,,,NGC3114,151.0596160888672,-60.23692321777344,1.2573786,15.765574,0.4562546146486404,,,,,,,,,,,,False,False
5256507639201732608,,,NGC3114,151.012451171875,-60.18798065185547,1.9081192,17.541193,0.4950749602896931,,,,,,,,,,,,False,False
5256507811017768192,,,NGC3114,151.20501708984375,-60.23558044433594,1.1821194,15.350584,0.451974584223242,,,,,,,,,,,,False,False
5256507914097004416,,,NGC3114,151.20120239257812,-60.21673965454102,0.9251509,14.544736,0.3667208503210481,,,,,,,,,,,,False,False
5256508051536009472,,,NGC3114,151.21275329589844,-60.18362426757813,0.7533493,13.786929999999998,0.1965138423559896,,,,,,,,,,,,False,False
5256508322075749760,,,NGC3114,151.15289306640625,-60.1622543334961,0.24920273,11.908696,0.1065949235896903,,,,,,,,,,,,False,False
5256508429493161472,,,NGC3114,151.22665405273438,-60.16905975341797,1.4959965,16.374585999999997,0.481064985319454,,,,,,,,,,,,False,False
5256436789391983616,,,NGC3114,151.77944946289062,-60.59619522094727,1.8473644,17.077507,0.5028826256012449,,,,,,,,,,,,False,False
5256437094337605504,,,NGC3114,151.84706115722656,-60.57563781738281,2.1014042,17.539804,0.5123452530079787,,,,,,,,,,,,False,False
5256437614027627392,,,NGC3114,152.0162811279297,-60.57881164550781,2.5651417000000003,18.535461,0.5168752664962721,,,,,,,,,,,,False,False
5256438404341749248,,,NGC3114,151.99176025390625,-60.52056503295898,1.1352882,15.246803,0.441123766124577,,,,,,,,,,,,False,False
5256438541780410752,,,NGC3114,151.8708953857422,-60.55271530151367,0.6524906,13.053003,0.1460754101090572,,,,,,,,,,,,False,False
5256391945639179776,,,NGC3114,150.63616943359375,-60.82265090942383,1.174573,15.393908499999998,0.4478049607260742,,,,,,,,,,,,False,False
5256392976436919680,,,NGC3114,150.49606323242188,-60.78916549682617,1.61269,16.53846,0.4928319878444956,,,,,,,,,,,,False,False
5256393977201991936,,,NGC3114,150.61309814453125,-60.72264862060547,1.4818211,16.253492,0.4831324921820041,,,,,,,,,,,,False,False
5256395489032810880,,,NGC3114,150.54823303222656,-60.65315628051758,0.021095276,10.768241,0.0113716018362504,,,,,,,,,,,,False,False
5256399165523011200,,,NGC3114,150.94203186035156,-60.62621307373047,0.8190689,13.330523,0.4209446246357575,,,,,,,,,,,,False,False
5256399440400921728,,,NGC3114,150.8929901123047,-60.59487915039063,0.12719917,11.506179,0.0443130277445317,,,,,,,,,,,,False,False
5256399642224401408,,,NGC3114,151.0167236328125,-60.59582138061523,0.21335697,11.762808,0.1031675054692434,66.43967,230.20457,3.464866246325425,,,,,,,,,True,False
5256399779663354752,,,NGC3114,150.94520568847656,-60.59266662597656,0.004006386,9.195519,0.0457156903394078,,,,,,,,,,,,False,True
5256399990156826880,,,NGC3114,150.9327392578125,-60.55043411254883,1.3294668,15.695429999999998,0.4763077398377142,,,,,,,,,,,,False,False
5256402425365165824,,,NGC3114,150.88844299316406,-60.57626342773438,1.6721992,16.878387,0.4891389682376101,,,,,,,,,,,,False,False
5256447887630112256,,,NGC3114,152.4871826171875,-60.51911926269531,0.101379395,11.308597,0.0459813488165443,,,,,,,,,,,,False,False
5256402738935788160,,,NGC3114,150.7849884033203,-60.54551696777344,1.0040665000000002,14.810529999999998,0.4039697855619575,,,,,,,,,,,,False,False
5256402872039864192,,,NGC3114,150.8625946044922,-60.55712127685547,0.70576096,12.640558,0.4961339732198675,,,,,,,,,,,,False,False
5256448433048258176,,,NGC3114,152.81692504882812,-60.60024642944336,-0.024061203,9.59509,0.0247620698617197,,,,,,,,,,,,False,True
5256403391770789120,,,NGC3114,150.76559448242188,-60.55590057373047,0.6268053000000001,12.928421,0.1588488905927942,,,,,,,,,,,,False,False
5256452315701890176,,,NGC3114,152.85321044921875,-60.41386413574219,1.7781543999999998,16.960585000000002,0.4990729088746448,,,,,,,,,,,,False,False
5256186581787181440,,,NGC3114,149.31954956054688,-61.043678283691406,0.053357124,9.982114,0.096155210998018,,,,,,,,,,,,False,True
5256230729748990720,,,NGC3114,148.94081115722656,-61.080787658691406,2.4084625,18.09592,0.5190521596401726,,,,,,,,,,,,False,False
5256240148635226880,,,NGC3114,149.15745544433594,-60.83367919921875,2.330141,18.393377,0.5058691929776913,,,,,,,,,,,,False,False
5256242622545428992,,,NGC3114,148.83212280273438,-60.81238174438477,0.7241907,13.5622635,0.1536991923609081,,,,,,,,,,,,False,False
5256248738578762368,,,NGC3114,148.55250549316406,-60.85339736938477,0.5407448,12.894873,-0.0235329733273935,,,,,,,,,,,,False,False
5256248807287266432,,,NGC3114,148.52561950683594,-60.82926559448242,1.8534107,17.902376,0.4828259800465432,,,,,,,,,,,,False,False
5256256950546126080,,,NGC3114,148.57485961914062,-60.6566276550293,2.3837795,18.917679,0.4983767844617433,,,,,,,,,,,,False,False
5256172734812051456,,,NGC3114,149.46266174316406,-61.19491577148438,2.5405064,18.006517000000002,0.5315631210660465,,,,,,,,,,,,False,False
5256174384102071680,,,NGC3114,149.71466064453125,-61.11001586914063,0.21668911,12.011217,0.0088704076406391,,,,,,,,,,,,False,False
5256175444935650048,,,NGC3114,149.67678833007812,-61.03844833374024,2.0402203,17.650593,0.5036191525618592,,,,,,,,,,,,False,False
5256178575989545344,,,NGC3114,149.33306884765625,-61.20964431762695,0.9541426,14.470382,0.3888382297733595,,,,,,,,,,,,False,False
5256260970645182208,,,NGC3114,148.43040466308594,-60.60839462280274,1.5718708,16.652348,0.4831742443083874,,,,,,,,,,,,False,False
5256261378639174912,,,NGC3114,148.4193115234375,-60.57419204711914,1.6860981,16.958757000000002,0.4883954531753595,,,,,,,,,,,,False,False
5256262860430650240,,,NGC3114,148.4967803955078,-60.50564575195313,1.7357330000000002,16.095835,0.5374166042263376,,,,,,,,,,,,False,False
5256263165344872704,,,NGC3114,148.52877807617188,-60.51780700683594,0.8989544,14.4962,0.3500744584954545,,,,,,,,,,,,False,False
5256578626427009664,,,NGC3114,149.70663452148438,-60.55317306518555,0.9397392,14.576061,0.3752631130976344,,,,,,,,,,,,False,False
5256579794623053184,,,NGC3114,149.57955932617188,-60.48552703857422,2.5162506,18.35847,0.5186426535084732,,,,,,,,,,,,False,False
5256580103894550016,,,NGC3114,149.60540771484375,-60.49262619018555,1.9509811,17.245491,0.5080215516943088,,,,,,,,,,,,False,False
5256580894145121536,,,NGC3114,150.3288116455078,-60.72906112670898,1.9142914,17.96779,0.4862469482076096,,,,,,,,,,,,False,False
5256581061643825536,,,NGC3114,150.44947814941406,-60.74116134643555,1.8512535,16.722795,0.5178243336141328,,,,,,,,,,,,False,False
5256581134689040768,,,NGC3114,150.42160034179688,-60.71862030029297,1.1695166,15.427354,0.4450109321667932,,,,,,,,,,,,False,False
5256581508318218368,,,NGC3114,150.28395080566406,-60.73083877563477,1.9073792,17.193604999999998,0.5053205524707068,,,,,,,,,,,,False,False
5256581856243367168,,,NGC3114,150.22332763671875,-60.71623229980469,1.5120697,16.29487,0.4866258913520538,,,,,,,,,,,,False,False
5256651911422497792,,,NGC3114,149.49710083007812,-60.36383438110352,2.0338001,17.137663,0.5208056513804028,,,,,,,,,,,,False,False
5256582028042836224,,,NGC3114,150.32177734375,-60.70708847045898,1.3139524,15.669698,0.4737470396402947,,,,,,,,,,,,False,False
5256582096761644800,,,NGC3114,150.28956604003906,-60.6898193359375,1.2315063,15.620989000000002,0.454998712589235,,,,,,,,,,,,False,False
5256582234200656256,,,NGC3114,150.3353271484375,-60.67729949951172,1.3318624,15.926246,0.4670732310724432,,,,,,,,,,,,False,False
5256582302920065664,,,NGC3114,150.28343200683594,-60.6910171508789,0.9067602,14.363411,0.3584267341537043,,,,,,,,,,,,False,False
5256716954407456640,,,NGC3114,150.36277770996094,-59.90182495117188,1.8490486,17.082478,0.5028961736470576,,,,,,,,,,,,False,False
5256717023125751552,,,NGC3114,150.3231201171875,-59.90632629394531,1.4763489,16.222445999999998,0.4833904016489132,,,,,,,,,,,,False,False
5256582813990600960,,,NGC3114,150.47329711914062,-60.65816879272461,2.0424366000000003,17.671734,0.503212949468897,,,,,,,,,,,,False,False
5256653079653659904,,,NGC3114,149.73306274414062,-60.29799270629883,2.126154,17.24031,0.5260658823258711,,,,,,,,,,,,False,False
5256582921395476864,,,NGC3114,150.38925170898438,-60.66910171508789,1.0855865,15.284897,0.4231698584419143,,,,,,,,,,,,False,False
5256653217089347456,,,NGC3114,149.67813110351562,-60.31100463867188,0.19562912,11.616639,0.1162731512346978,,,,,,,,,,,,False,False
5256717263643937024,,,NGC3114,150.40528869628906,-59.90127563476562,0.42708778,12.391327,0.132911906339757,,,,,,,,,,,,False,False
5256717401084091648,,,NGC3114,150.4290008544922,-59.87583160400391,1.6987114,16.708563,0.4982970183360014,,,,,,,,,,,,False,False
5256717405410258176,,,NGC3114,150.41738891601562,-59.87761306762695,1.0917654,15.161604999999998,0.429025881584113,,,,,,,,,,,,False,False
5256717474129737856,,,NGC3114,150.40309143066406,-59.86190795898438,0.6326351,12.993197,0.1320210292404182,,,,,,,,,,,,False,False
5256717577208946816,,,NGC3114,150.37948608398438,-59.86614990234375,2.5922794,17.702984,0.5480803762443113,,,,,,,,,,,,False,False
5256653736820571776,,,NGC3114,149.7662353515625,-60.22677230834961,1.7615433,16.503284,0.5162228469808384,,,,,,,,,,,,False,False
5256717675960023680,,,NGC3114,150.39651489257812,-59.857383728027344,0.42333984,12.571874,-0.0070362893256627,,,,,,,,,,,,False,False
5256653839899763968,,,NGC3114,149.69691467285156,-60.25573348999024,0.11421013,11.576889,0.0113446724546379,,,,,,,,,,,,False,False
5256717680288166016,,,NGC3114,150.39158630371094,-59.858192443847656,0.6712799,13.2900305,0.0876386504164173,,,,,,,,,,,,False,False
5256717680288168320,,,NGC3114,150.38795471191406,-59.85231018066406,0.850193,14.085632999999998,0.3160371305770679,,,,,,,,,,,,False,False
5256717714647915776,,,NGC3114,150.39154052734375,-59.83287811279297,1.4804211,16.294989,0.4813495540027664,,,,,,,,,,,,False,False
5256717749007641344,,,NGC3114,150.36827087402344,-59.85171127319336,0.32752705,12.280456,0.0341940311783804,,,,,,,,,,,,False,False
5256717783367385344,,,NGC3114,150.37261962890625,-59.83479690551758,1.010951,14.484156,0.4272142351682021,,,,,,,,,,,,False,False
5256717916479002624,,,NGC3114,150.25186157226562,-59.88356399536133,1.3535748,15.9837475,0.4694482363785177,,,,,,,,,,,,False,False
5256717989525902720,,,NGC3114,150.2990264892578,-59.86425399780274,0.8903456,14.294482,0.3473198677948182,,,,,,,,,,,,False,False
5256654217856878976,,,NGC3114,149.65223693847656,-60.24937438964844,0.12167454,11.257606,0.0796484488134673,,,,,,,,,,,,False,False
5256718058245264128,,,NGC3114,150.27401733398438,-59.85728454589844,1.4792823999999998,16.31014,0.4806160457751969,,,,,,,,,,,,False,False
5256789109854818048,,,NGC3114,149.54006958007812,-59.42897415161133,1.8138504,16.901922,0.5054275639237393,,,,,,,,,,,,False,False
5256718225717849984,,,NGC3114,150.24220275878906,-59.84532165527344,2.1180134,17.449995,0.5169711096327885,,,,,,,,,,,,False,False
5256583913500015488,,,NGC3114,150.3896942138672,-60.61592102050781,2.0905037,17.551817,0.5109816387458892,,,,,,,,,,,,False,False
5256583917827965696,,,NGC3114,150.3778076171875,-60.6077880859375,1.6028136999999998,16.446056,0.495011477431458,,,,,,,,,,,,False,False
5256718367482923264,,,NGC3114,150.32196044921875,-59.85027694702149,1.2237692,15.519260999999998,0.4569340333883666,,,,,,,,,,,,False,False
5256654698893230080,,,NGC3114,149.65719604492188,-60.21084213256836,1.1266041,15.226789000000002,0.4389537429972645,,,,,,,,,,,,False,False
5256718436167778048,,,NGC3114,150.3062286376953,-59.84670639038086,2.37105,18.494207,0.5061073792112865,,,,,,,,,,,,False,False
5256718504929293184,,,NGC3114,150.3336639404297,-59.82442092895508,0.23431778,11.909521,0.0832446504121944,,,,,,,,,,,,False,False
5256718569315270912,,,NGC3114,150.32408142089844,-59.82265090942383,2.0914764,17.400795000000002,0.5162736455468377,,,,,,,,,,,,False,False
5256654939411156352,,,NGC3114,149.59170532226562,-60.19958114624024,1.3470936000000002,16.006315,0.4673574929824159,,,,,,,,,,,,False,False
5256789492145013248,,,NGC3114,149.72621154785156,-59.44252014160156,2.2763252,17.781868,0.519088687676292,,,,,,,,,,,,False,False
5256718676727979264,,,NGC3114,150.27813720703125,-59.82613754272461,1.7916775000000005,16.85154,0.5046779910098377,,,,,,,,,,,,False,False
5256655347396386688,,,NGC3114,149.44436645507812,-60.29849243164063,1.8481178,16.9625,0.5071548169769564,,,,,,,,,,,,False,False
5256719050350556544,,,NGC3114,150.47796630859375,-59.8244514465332,0.735589,13.554448999999998,0.1765696726375642,,,,,,,,,,,,False,False
5256719089037471744,,,NGC3114,150.4844970703125,-59.82456588745117,0.77687645,13.739685,0.2343929911894185,,,,,,,,,,,,False,False
5256719089037473280,,,NGC3114,150.4873046875,-59.82284927368164,0.5302334,12.685503,0.1161592145951104,,,,,,,,,,,,False,False
5256790007541117184,,,NGC3114,149.80078125,-59.401405334472656,1.3696232,16.056257000000002,0.4700352890579612,,,,,,,,,,,,False,False
5256719325228504960,,,NGC3114,150.43980407714844,-59.80849838256836,1.7745857,16.953018,0.4989162485159428,,,,,,,,,,,,False,False
5256655798404572928,,,NGC3114,149.4766082763672,-60.25834655761719,1.1028843000000002,15.535851,0.4232099676530378,,,,,,,,,,,,False,False
5256719462666414080,,,NGC3114,150.5055694580078,-59.8094482421875,0.2420453999999999,11.804704,0.1321775172483568,,,,,,,,,,,,False,False
5256719466994604544,,,NGC3114,150.4936065673828,-59.80565643310547,1.3316231,15.662813,0.4784921535550664,,,,,,,,,,,,False,False
5256719466994605056,,,NGC3114,150.501953125,-59.80818176269531,0.92387295,14.388425,0.3706764533525393,,,,,,,,,,,,False,False
5256719497028259712,,,NGC3114,150.52249145507812,-59.79523849487305,1.7395953999999998,16.898135999999997,0.4966446438966845,,,,,,,,,,,,False,False
5256719565745627264,,,NGC3114,150.4834747314453,-59.78569793701172,0.14175987,11.615206,0.0409309255712655,,,,,,,,,,,,False,False
5256584635052470528,,,NGC3114,150.39772033691406,-60.55794906616211,1.254219,15.63196,0.4603905122998211,,,,,,,,,,,,False,False
5256719604433566336,,,NGC3114,150.5115509033203,-59.78606796264648,1.3718224,15.886328,0.4771251637134568,,,,,,,,,,,,False,False
5256719668826995968,,,NGC3114,150.50616455078125,-59.7712287902832,1.8518734,17.02434,0.5052736438212821,,,,,,,,,,,,False,False
5256719673153042176,,,NGC3114,150.49191284179688,-59.77731704711914,1.2871342,15.5434,0.4731663375334973,,,,,,,,,,,,False,False
5256719776239628160,,,NGC3114,150.45079040527344,-59.76986312866211,1.1566505,15.403276000000002,0.4420262455585478,,,,,,,,,,,,False,False
5256719874983270016,,,NGC3114,150.47535705566406,-59.75751495361328,0.13790894,11.654864,0.0256493735034688,,,,,,,,,,,,False,False
5256719909346244608,,,NGC3114,150.4864044189453,-59.75374603271485,2.2984676,18.170233,0.509260197620379,,,,,,,,,,,,False,False
5256719913636857856,,,NGC3114,150.4954376220703,-59.75643920898438,0.8689022,14.155007,0.3326476623810426,,,,,,,,,,,,False,False
5256720016750388608,,,NGC3114,150.35293579101562,-59.80442428588867,0.5990591,12.95697,0.0727248998688274,,,,,,,,,,,,False,False
5256720051117526912,,,NGC3114,150.3762664794922,-59.79285049438477,0.96661377,13.922395000000002,0.4768384760940813,,,,,,,,,,,,False,False
5256585013013825920,,,NGC3114,150.1948699951172,-60.66032028198242,2.3803635,18.082928,0.5174453788956345,,,,,,,,,,,,False,False
5256720119829610752,,,NGC3114,150.35202026367188,-59.78093338012695,1.7354889,16.687876,0.504016078322109,,,,,,,,,,,,False,False
5256656584345504512,,,NGC3114,149.2613983154297,-60.243614196777344,1.3975525,15.890682,0.4824374599494593,,,,,,,,,,,,False,False
5256791485011149312,,,NGC3114,150.35641479492188,-59.66314315795898,0.014840126,9.45905,0.0592488267922548,,,,,,,,,,,,False,True
5256720566506232192,,,NGC3114,150.4188690185547,-59.76226425170898,2.2286854,17.700441,0.5179271015580715,,,,,,,,,,,,False,False
5256791553730628480,,,NGC3114,150.33956909179688,-59.6471061706543,0.6040106,12.933591,0.1003792803080394,,,,,,,,,,,,False,False
5256720738304939136,,,NGC3114,150.4422607421875,-59.73234558105469,1.6149216,16.491825,0.4949813168750723,,,,,,,,,,,,False,False
5256657202822328064,,,NGC3114,149.36126708984375,-60.18258285522461,2.1708088,16.858307,0.5509264292855541,,,,,,,,,,,,False,False
5256791759889058048,,,NGC3114,150.31747436523438,-59.63637161254883,1.7871609,16.90728,0.5020277739365895,,,,,,,,,,,,False,False
5256585700204169600,,,NGC3114,150.16885375976562,-60.61056900024414,0.6485653,12.991403,0.1724533895428671,,,,,,,,,,,,False,False
5256791862968091392,,,NGC3114,150.29495239257812,-59.61046981811523,1.4725647,16.343409,0.4783667475787574,,,,,,,,,,,,False,False
5256721150623260800,,,NGC3114,151.12208557128906,-60.02861785888672,0.9231186,14.528076,0.3657446163333079,,,,,,,,,,,,False,False
5256721180656040960,,,NGC3114,151.0777587890625,-60.03524398803711,1.7259159,16.864162,0.496147207767359,,,,,,,,,,,,False,False
5256721184982993792,,,NGC3114,151.0916290283203,-60.0334587097168,0.0022916794,9.963684,0.0458044488382001,,,,,,,,,,,,False,True
5256657615141518720,,,NGC3114,149.4775390625,-60.20288848876953,2.007616,16.694082,0.5400954245290996,,,,,,,,,,,,False,False
5256721386811784192,,,NGC3114,151.0638885498047,-60.02753829956055,0.1077918999999999,11.640269,-0.0131666668489749,,,,,,,,,,,,False,False
5256792309634948736,,,NGC3114,150.3511505126953,-59.59080505371094,1.4115038,15.844064,0.4877786703153657,,,,,,,,,,,,False,False
5256657997427878912,,,NGC3114,149.56906127929688,-60.16859436035156,1.1701365,15.390882,0.4465747200354259,,,,,,,,,,,,False,False
5256792477114174208,,,NGC3114,150.40805053710938,-59.55944442749024,2.482439,18.452633,0.5139721443954801,,,,,,,,,,,,False,False
5256792515803160320,,,NGC3114,150.34970092773438,-59.55635452270508,1.0463715,15.030033,0.4158760642469569,,,,,,,,,,,,False,False
5256658169226561536,,,NGC3114,149.53607177734375,-60.17102813720703,1.3721085,15.250549,0.5214961404743156,,,,,,,,,,,,False,False
5256658203586311296,,,NGC3114,149.5445098876953,-60.14579391479492,2.25807,17.504376999999998,0.5277234810441824,,,,,,,,,,,,False,False
5256586288649641856,,,NGC3114,150.07095336914062,-60.6121940612793,1.5662107,15.781943,0.5267154884520087,,,,,,,,,,,,False,False
5256721734738819584,,,NGC3114,151.13575744628906,-59.99184036254883,1.2473602,15.038988,0.4971002771144537,,,,,,,,,,,,False,False
5256721799130489728,,,NGC3114,151.1705780029297,-59.97224807739258,1.8690891,17.059839999999998,0.505910774518822,,,,,,,,,,,,False,False
5256658444104443776,,,NGC3114,149.44680786132812,-60.18683624267578,1.1830263,15.39718,0.4502373030512792,,,,,,,,,,,,False,False
5256586563502204416,,,NGC3114,150.15567016601562,-60.59011459350586,2.6888714,18.54341,0.5240973813264126,,,,,,,,,,,,False,False
5256793129944919040,,,NGC3114,150.30430603027344,-59.56603622436523,2.042553,17.572742,0.5060929081330711,,,,,,,,,,,,False,False
5256722211445500800,,,NGC3114,151.01791381835938,-59.99629592895508,0.5531005999999999,12.853287,0.0371617761961216,,,,,,,,,,,,False,False
5256722250135114752,,,NGC3114,151.0122528076172,-59.981201171875,0.77155685,13.78715,0.2240886505681415,,,,,,,,,,,,False,False
5256722280167827456,,,NGC3114,150.97982788085938,-59.98678970336914,1.310525,15.877988,0.4642743028341754,,,,,,,,,,,,False,False
5256658920809270656,,,NGC3114,149.38209533691406,-60.12583923339844,2.289957,17.69115,0.5233634957628162,,,,,,,,,,,,False,False
5256658925140538240,,,NGC3114,149.37924194335938,-60.1236457824707,0.7239952,13.535813,0.1558661202486799,,,,,,,,,,,,False,False
5256658993860281472,,,NGC3114,149.48580932617188,-60.14447021484375,0.74951077,13.592741,0.1989190859451792,,,,,,,,,,,,False,False
5256722490653285120,,,NGC3114,150.97335815429688,-59.97509002685547,1.2720546999999998,15.777554,0.4592430948824899,,,,,,,,,,,,False,False
5256722589402618624,,,NGC3114,150.9578857421875,-59.96014785766602,0.18496037,11.686329,0.0843319870653647,64.848785,105.09377,1.6205973635435111,,,,,,,,,True,False
5256722589404504192,,,NGC3114,150.94378662109375,-59.94463348388672,1.8012238,16.929066,0.5029030062139533,,,,,,,,,,,,False,False
5256722731147682816,,,NGC3114,150.96804809570312,-59.92068099975586,0.08824539,11.554726,-0.0196380159754703,,,,,,,,,,,,False,False
5256659401845619072,,,NGC3114,149.4588165283203,-60.0904769897461,2.0786953,16.823977,0.5415912987443977,,,,,,,,,,,,False,False
5256793649674530560,,,NGC3114,150.283935546875,-59.50888442993164,1.5753517,16.380922,0.4934254107488631,,,,,,,,,,,,False,False
5256722834250650624,,,NGC3114,151.02969360351562,-59.93998336791992,0.5994415,12.838043,0.155141481254061,,,,,,,,,,,,False,False
5256722834250651392,,,NGC3114,151.02166748046875,-59.93798065185547,0.13171196,11.411162,0.068319371113166,,,,,,,,,,,,False,False
5256659543616358656,,,NGC3114,149.8065185546875,-60.23994064331055,0.9537153,14.59987,0.3832118729187398,,,,,,,,,,,,False,False
5256587486912884096,,,NGC3114,150.22694396972656,-60.53941345214844,1.9499702,17.538713,0.4988721652399212,,,,,,,,,,,,False,False
5256587525600511616,,,NGC3114,150.313720703125,-60.55947494506836,0.9180317,14.3532715,0.3676889842652267,,,,,,,,,,,,False,False
5256587663014734592,,,NGC3114,150.35430908203125,-60.54747772216797,2.3173409,18.430418,0.5042200436713211,,,,,,,,,,,,False,False
5256587697399272448,,,NGC3114,150.3454132080078,-60.52629852294922,0.31429482,12.0711,0.1373724154318298,,,,,,,,,,,,False,False
5256723384006444416,,,NGC3114,151.16595458984375,-59.93330001831055,0.8875941999999999,14.404301,0.3428597318164802,,,,,,,,,,,,False,False
5256723452705894784,,,NGC3114,151.2113037109375,-59.92055130004883,2.4513626,18.04701,0.523669373597629,,,,,,,,,,,,False,False
5256660540048798592,,,NGC3114,149.83970642089844,-60.12615585327149,0.12068081,10.9840765,0.1125391766261799,,,,,,,,,,,,False,False
5256723791996545792,,,NGC3114,151.1435089111328,-59.89614486694336,1.816515,16.985895000000003,0.5026294614994732,,,,,,,,,,,,False,False
5256661055434055808,,,NGC3114,149.6932830810547,-60.13202667236328,2.16926,18.032246,0.5036307344299993,,,,,,,,,,,,False,False
5256724242999521408,,,NGC3114,151.1809844970703,-59.85058975219727,0.6956587,13.412457,0.1141666112388369,,,,,,,,,,,,False,False
5256588659471881984,,,NGC3114,150.22731018066406,-60.505592346191406,0.78179836,13.76917,0.2404659868193889,,,,,,,,,,,,False,False
5256588659471889024,,,NGC3114,150.23736572265625,-60.50440979003906,0.97369194,14.613503,0.3948252879131328,,,,,,,,,,,,False,False
5256724341749265664,,,NGC3114,151.18484497070312,-59.84927368164063,0.15877819,11.581989,0.0722708358086205,,,,,,,,,,,,False,False
5256724341752366208,,,NGC3114,151.18814086914062,-59.838417053222656,2.041895,17.484123,0.5087959511151917,,,,,,,,,,,,False,False
5256795260248862464,,,NGC3114,150.30726623535156,-59.4619369506836,2.1922455000000003,17.723126999999998,0.514161334871562,,,,,,,,,,,,False,False
5256724719708378368,,,NGC3114,151.06594848632812,-59.87472915649414,2.0693588,17.544975,0.509323058400243,,,,,,,,,,,,False,False
5256795711258674432,,,NGC3114,150.34434509277344,-59.43467330932617,1.283927,15.810742,0.4607866522063128,,,,,,,,,,,,False,False
5256662051866654976,,,NGC3114,149.86288452148438,-60.10691452026367,2.5947400000000003,18.73715,0.513563307048547,,,,,,,,,,,,False,False
5256662154956310016,,,NGC3114,149.87095642089844,-60.09255599975586,1.7846432,16.938835,0.5005922237121113,,,,,,,,,,,,False,False
5256662189316248192,,,NGC3114,149.90162658691406,-60.08440399169922,0.93410873,14.512638,0.373425769235233,,,,,,,,,,,,False,False
5256725170712462592,,,NGC3114,151.15208435058594,-59.82341003417969,1.1670914,15.443634,0.4437162378322919,,,,,,,,,,,,False,False
5256662395474501504,,,NGC3114,149.92604064941406,-60.06205368041992,0.96514034,13.91603,0.476643984623757,,,,,,,,,,,,False,False
5256662429834245120,,,NGC3114,149.9571533203125,-60.06663513183594,1.6996822,16.558075,0.5045863411662423,,,,,,,,,,,,False,False
5256662464183707008,,,NGC3114,149.97802734375,-60.06165313720703,2.104248,17.548761,0.5123017124473164,,,,,,,,,,,,False,False
5256725647421242752,,,NGC3114,150.934326171875,-59.92525100708008,2.2299118,17.090948,0.5442745673889768,,,,,,,,,,,,False,False
5256662807791376384,,,NGC3114,149.9138946533203,-60.021484375,1.0908604,15.0082855,0.4350998953303583,,,,,,,,,,,,False,False
5256725754827915264,,,NGC3114,150.91883850097656,-59.90055084228516,0.7225418,13.478431,0.1605785506816281,,,,,,,,,,,,False,False
5256662872179978624,,,NGC3114,149.8323211669922,-60.07879257202149,0.7578373,12.88505,0.496567036712751,,,,,,,,,,,,False,False
5256796673331308544,,,NGC3114,150.2285919189453,-59.475547790527344,1.0475674,15.072445000000002,0.4150986347286903,,,,,,,,,,,,False,False
5256725857907104512,,,NGC3114,150.85125732421875,-59.92026901245117,1.6463947,16.01759,0.5259661500183758,,,,,,,,,,,,False,False
5256662910870540416,,,NGC3114,149.79344177246094,-60.0849838256836,0.8486128000000001,14.045466,0.3159302175541043,,,,,,,,,,,,False,False
5256662940899923584,,,NGC3114,149.80740356445312,-60.06792449951172,1.8594933,17.100586,0.5034137280360034,,,,,,,,,,,,False,False
5256725892266853888,,,NGC3114,150.8625946044922,-59.90032196044922,1.4764938,16.28477,0.4810648327634152,,,,,,,,,,,,False,False
5256663185738000896,,,NGC3114,149.75326538085938,-60.056434631347656,2.2336311,18.746698,0.4931507462150228,,,,,,,,,,,,False,False
5256663250138870272,,,NGC3114,149.79627990722656,-60.04917144775391,2.1032047,17.776934,0.505292843974993,,,,,,,,,,,,False,False
5256726476382442112,,,NGC3114,150.9329833984375,-59.85709381103516,1.1070871,15.219657000000002,0.4324397804589329,,,,,,,,,,,,False,False
5256726545101916928,,,NGC3114,150.90194702148438,-59.84289169311523,0.19183159,11.17769,0.1790563212899442,,,,,,,,,,,,False,False
5256797081313501440,,,NGC3114,150.07736206054688,-59.5051155090332,0.1557454999999999,11.466488,0.0905791375801155,,,,,,,,,,,,False,False
5256726678214524160,,,NGC3114,150.7972412109375,-59.8960952758789,2.28685,18.102768,0.5102370144667924,,,,,,,,,,,,False,False
5256726682541227008,,,NGC3114,150.79884338378906,-59.89196014404297,0.39111423,12.410615,0.0554500752316102,,,,,,,,,,,,False,False
5256663662454452736,,,NGC3114,149.80299377441406,-60.02552795410156,2.2189617000000004,17.810894,0.5135664160097371,,,,,,,,,,,,False,False
5256797223076680832,,,NGC3114,150.10516357421875,-59.48016357421875,2.5204334,18.595106,0.5127044211734797,,,,,,,,,,,,False,False
5256726819979794304,,,NGC3114,150.82315063476562,-59.86701965332031,1.218854,15.555257,0.4541461142156074,,,,,,,,,,,,False,False
5256726888699256192,,,NGC3114,150.77003479003906,-59.871543884277344,0.9708452,14.723985999999998,0.3894084311899448,,,,,,,,,,,,False,False
5256726888699256960,,,NGC3114,150.78909301757812,-59.87942886352539,0.39909267,12.330669,0.1246879958493772,,,,,,,,,,,,False,False
5256726953089383936,,,NGC3114,150.74400329589844,-59.86737442016602,0.33863544,12.163099,0.1275284327664956,,,,,,,,,,,,False,False
5256663976022381696,,,NGC3114,149.6394500732422,-60.12506866455078,2.2829494,17.265964999999998,0.5407708642044302,,,,,,,,,,,,False,False
5256727026137986432,,,NGC3114,150.79779052734375,-59.8470573425293,0.6217499,12.95865,0.1270292788415162,,,,,,,,,,,,False,False
5256727026138224256,,,NGC3114,150.8036651611328,-59.85723114013672,0.4926653,12.509218,0.1706967530015919,,,,,,,,,,,,False,False
5256727056169540992,,,NGC3114,150.796142578125,-59.84446716308594,1.2447596,14.940703,0.506702191273932,,,,,,,,,,,,False,False
5256591339537818880,,,NGC3114,150.4870147705078,-60.4488296508789,0.02583599,10.906337,0.0022264575683239,117.55549,155.01326,1.31863905292726,,,,,,,,,True,False
5256591373891523584,,,NGC3114,150.65223693847656,-60.52142715454102,0.79373646,13.809289,0.2563750185722969,,,,,,,,,,,,False,False
5256727404095146368,,,NGC3114,150.87364196777344,-59.80409622192383,0.12154865,11.595743,0.0172113133665727,,,,,,,,,,,,False,False
5256591511330524288,,,NGC3114,150.67306518554688,-60.49482345581055,0.007299423,10.223754,0.0402790449128837,,,,,,,,,,,,False,True
5256727438454861184,,,NGC3114,150.81971740722656,-59.825965881347656,1.3822173999999998,15.951748,0.476518017547216,,,,,,,,,,,,False,False
5256727502846196608,,,NGC3114,150.80572509765625,-59.82546615600586,1.1906261,15.541182,0.447009519010252,,,,,,,,,,,,False,False
5256664628857660288,,,NGC3114,149.68186950683594,-60.06364822387695,1.1599921999999998,15.411504999999998,0.4427413644490896,,,,,,,,,,,,False,False
5256664697576670848,,,NGC3114,149.66299438476562,-60.05693435668945,1.1320047,15.288369,0.4383975633857856,,,,,,,,,,,,False,False
5256664903735102720,,,NGC3114,149.6531982421875,-60.04885482788086,2.1411457,18.439571,0.4930307203339766,,,,,,,,,,,,False,False
5256727678973048704,,,NGC3114,150.8182830810547,-59.7838363647461,0.7015895999999999,13.415263,0.1266973104831942,,,,,,,,,,,,False,False
5256727709006702720,,,NGC3114,151.009765625,-59.86343002319336,2.6234589,17.986998,0.5384181492856432,,,,,,,,,,,,False,False
5256664938094851328,,,NGC3114,149.65379333496094,-60.02288436889648,0.700902,13.398582,0.128517794787781,,,,,,,,,,,,False,False
5256591889287670528,,,NGC3114,150.6114044189453,-60.4369010925293,0.7713165,13.607347,0.2376568128860739,,,,,,,,,,,,False,False
5256727846444639104,,,NGC3114,151.03187561035156,-59.82815551757813,2.132492,17.703789999999998,0.5098165679546898,,,,,,,,,,,,False,False
5256665109893487232,,,NGC3114,149.50311279296875,-60.08048629760742,0.8739995999999999,14.090167999999998,0.3412062039526416,,,,,,,,,,,,False,False
5256591992366894208,,,NGC3114,150.67408752441406,-60.46479034423828,0.9982586,14.718193,0.4044679661544735,,,,,,,,,,,,False,False
5256727919491492864,,,NGC3114,151.01583862304688,-59.8205680847168,1.0909605,14.957477,0.4377806185024422,,,,,,,,,,,,False,False
5256798627502365696,,,NGC3114,150.31723022460938,-59.43510818481445,0.5909939000000001,12.834053,0.1385636467463461,,,,,,,,,,,,False,False
5256727953851239936,,,NGC3114,151.02088928222656,-59.80736541748047,0.90687084,14.387071,0.3577707842426592,,,,,,,,,,,,False,False
5256665311721869824,,,NGC3114,149.48031616210938,-60.0645980834961,2.1529675,17.595764000000003,0.515016114515077,,,,,,,,,,,,False,False
5256728297448646016,,,NGC3114,151.05731201171875,-59.78606796264648,0.6544571,13.206127,0.0761709403388981,,,,,,,,,,,,False,False
5256592576482385536,,,NGC3114,150.5376434326172,-60.43914413452149,0.61605835,12.924619,0.1354354678997073,,,,,,,,,,,,False,False
5256665968875600640,,,NGC3114,149.5267333984375,-60.0034065246582,2.2193394,18.481754,0.4970751847701994,,,,,,,,,,,,False,False
5256728568000378880,,,NGC3114,151.01490783691406,-59.77555847167969,2.002905,17.3581,0.5093016662932992,,,,,,,,,,,,False,False
5256592709595546496,,,NGC3114,150.56175231933594,-60.42150497436523,1.7766914,16.98895,0.4979426639781197,,,,,,,,,,,,False,False
5256666071966199936,,,NGC3114,149.52719116210938,-59.98849487304688,1.1764488000000002,15.429655,0.4469774157629321,,,,,,,,,,,,False,False
5256800040585524992,,,NGC3114,150.1736297607422,-59.34764862060547,0.64699936,13.0735035,0.1209158278500723,,,,,,,,,,,,False,False
5256666140685947264,,,NGC3114,149.7300262451172,-60.0474967956543,1.2862816,15.678129,0.4665091370024873,,,,,,,,,,,,False,False
5256666308154316032,,,NGC3114,149.7543182373047,-60.01011657714844,2.2182865,17.269160999999997,0.5341056237543967,,,,,,,,,,,,False,False
5256666376875153536,,,NGC3114,149.72708129882812,-59.99697494506836,2.0069046000000004,17.211223999999998,0.5150104102203498,,,,,,,,,,,,False,False
5256666449923593088,,,NGC3114,149.68666076660156,-60.02002716064453,0.92953205,14.4189625,0.3736128774171019,,,,,,,,,,,,False,False
5256729019002870400,,,NGC3114,150.90579223632812,-59.7769775390625,0.9346628,14.442922,0.3763367180640834,,,,,,,,,,,,False,False
5256729049036706560,,,NGC3114,150.92433166503906,-59.7546272277832,2.5401554,17.932926000000002,0.5342674935045569,,,,,,,,,,,,False,False
5256593160598032896,,,NGC3114,150.6206817626953,-60.40167617797852,1.061903,14.987389000000002,0.42386811445156,,,,,,,,,,,,False,False
5256729053362619520,,,NGC3114,150.9266357421875,-59.76460266113281,1.4430628,15.48586,0.5205532878651556,,,,,,,,,,,,False,False
5256729087726993536,,,NGC3114,150.85731506347656,-59.77761840820313,0.08103371,10.567708,0.101640670983087,110.80601,52.383743,0.47275182095267215,,,,,,,,,True,False
5256666690441550976,,,NGC3114,149.76446533203125,-59.99394989013672,1.2563848,15.735522,0.4570436276674555,,,,,,,,,,,,False,False
5256800762140464384,,,NGC3114,150.49374389648438,-59.40918731689453,0.4404869,12.532193,0.0560635847442083,,,,,,,,,,,,False,False
5256729255191843968,,,NGC3114,150.89923095703125,-59.755859375,0.14755058,11.643085,0.0422901480253783,,,,,,,,,,,,False,False
5256666759161022208,,,NGC3114,149.73876953125,-59.99243927001953,0.88449,14.360638,0.3410457284749324,,,,,,,,,,,,False,False
5256593435475937536,,,NGC3114,150.57127380371094,-60.37662124633789,0.887516,14.3203745,0.3442510922996518,,,,,,,,,,,,False,False
5256666896599993728,,,NGC3114,149.75885009765625,-59.96143341064453,0.64540863,13.10137,0.1020105408572011,,,,,,,,,,,,False,False
5256729534398988672,,,NGC3114,150.99313354492188,-59.72262573242188,2.1175747000000005,16.745085,0.5513916196234172,,,,,,,,,,,,False,False
5256729568758718592,,,NGC3114,150.96519470214844,-59.73139190673828,0.55693054,12.78114,0.1005394975283683,,,,,,,,,,,,False,False
5256729736230424576,,,NGC3114,150.90150451660156,-59.72335052490234,1.965971,17.328267999999998,0.5067089057351623,,,,,,,,,,,,False,False
5256729839309662208,,,NGC3114,150.91207885742188,-59.70878219604492,1.9042149,17.152319,0.5064202560409313,,,,,,,,,,,,False,False
5256801724212912256,,,NGC3114,150.3934783935547,-59.39554977416992,0.9856024,13.98179,0.4848494530623501,,,,,,,,,,,,False,False
5256594053950947840,,,NGC3114,150.3337860107422,-60.45771789550781,2.1109943,17.653803,0.5095379873983676,,,,,,,,,,,,False,False
5256730393392729216,,,NGC3114,151.23092651367188,-59.79945373535156,1.0312281,14.961894,0.411628750080301,,,,,,,,,,,,False,False
5256802617566357376,,,NGC3114,150.6378936767578,-59.35691452026367,1.4404297,16.194185,0.4781628385461263,,,,,,,,,,,,False,False
5256667991781174272,,,NGC3114,149.67214965820312,-59.9185562133789,1.361269,15.960602,0.4718710189744236,,,,,,,,,,,,False,False
5256594534987377664,,,NGC3114,150.3928680419922,-60.42559814453125,0.6506156999999999,12.94532,0.2057789435097606,,,,,,,,,,,,False,False
5256668374068517248,,,NGC3114,149.24664306640625,-60.22247695922852,1.5249518999999998,16.395187,0.4849138951390015,,,,,,,,,,,,False,False
5256731011845153536,,,NGC3114,151.19337463378906,-59.8045539855957,2.256403,17.279106,0.5374635549974142,,,,,,,,,,,,False,False
5256731076260103680,,,NGC3114,151.16030883789062,-59.79782485961914,2.007578,17.212387,0.5150352691163126,,,,,,,,,,,,False,False
5256803098602498432,,,NGC3114,150.65248107910156,-59.32113265991211,0.9331207,14.508509,0.3728916525685645,,,,,,,,,,,,False,False
5256731252386200832,,,NGC3114,151.2024688720703,-59.75956344604492,1.6011429,16.556314,0.4904995002453787,,,,,,,,,,,,False,False
5256595153462566144,,,NGC3114,150.2325439453125,-60.4060173034668,0.8978348,13.649497,0.4558119215995253,,,,,,,,,,,,False,False
5256731527264106752,,,NGC3114,151.16329956054688,-59.73935317993164,0.4198617999999999,12.4887905,0.0502529326487909,,,,,,,,,,,,False,False
5256595393980851840,,,NGC3114,150.34686279296875,-60.38919448852539,0.6629286,13.100229,0.1465125954935283,,,,,,,,,,,,False,False
5256669233062003712,,,NGC3114,149.2174530029297,-60.14823913574219,0.9549694,14.5274935,0.386700059393839,,,,,,,,,,,,False,False
5256731664703076224,,,NGC3114,151.21627807617188,-59.74205017089844,0.81545734,13.981714000000002,0.2794528681492662,,,,,,,,,,,,False,False
5256595462706419328,,,NGC3114,150.3300018310547,-60.365272521972656,0.04839039,10.67402,0.053891053883701,,,,,,,,,,,,False,False
5256669404860716160,,,NGC3114,149.26719665527344,-60.12069702148438,0.52207756,12.773845,0.0295946377400904,,,,,,,,,,,,False,False
5256595668858749952,,,NGC3114,150.30357360839844,-60.36907958984375,1.210391,15.593936,0.4504850275558477,,,,,,,,,,,,False,False
5256595771938012288,,,NGC3114,150.44981384277344,-60.4205551147461,2.1516914000000003,17.32275,0.5251285624438683,,,,,,,,,,,,False,False
5256732008300484736,,,NGC3114,151.2189483642578,-59.69884490966797,0.92054844,14.434073,0.3664811344173077,,,,,,,,,,,,False,False
5256595840663552128,,,NGC3114,150.4263153076172,-60.40753173828125,1.7341919,16.91059,0.4955772166741278,,,,,,,,,,,,False,False
5256595943712928896,,,NGC3114,150.49830627441406,-60.37932968139648,2.4743328,18.298845,0.5176005900933704,,,,,,,,,,,,False,False
5256732214436330752,,,NGC3114,151.3493194580078,-59.73662185668945,2.3160496,18.45791,0.503531497096252,,,,,,,,,,,,False,False
5256804885298734464,,,NGC3114,150.36610412597656,-59.34902191162109,2.3597412,18.6322,0.5024625570675793,,,,,,,,,,,,False,False
5256732317538219520,,,NGC3114,151.3724365234375,-59.72455596923828,1.252451,15.661957,0.4587665220349465,,,,,,,,,,,,False,False
5256596115535392768,,,NGC3114,150.3990936279297,-60.39213180541992,1.5938625,16.520410000000002,0.4907647333218394,,,,,,,,,,,,False,False
5256805155858022272,,,NGC3114,150.30494689941406,-59.31861877441406,2.622776,18.107117,0.5338549556599994,,,,,,,,,,,,False,False
5256805400704946944,,,NGC3114,150.42886352539062,-59.29729461669922,0.648386,13.087424,0.1168430866513227,,,,,,,,,,,,False,False
5256805435066125824,,,NGC3114,150.41221618652344,-59.30356216430664,0.05609417,10.289176,0.0898421879595773,314.6738,103.961914,0.33037994901386764,,,,,,,,,True,True
5256732588088058240,,,NGC3114,151.3232421875,-59.69684982299805,1.6525458999999998,16.664364000000003,0.4937480859828226,,,,,,,,,,,,False,False
5256596351727961984,,,NGC3114,150.51922607421875,-60.35536956787109,1.7430077000000002,17.680176,0.4778353258024655,,,,,,,,,,,,False,False
5256596424773160448,,,NGC3114,150.5017547607422,-60.35288619995117,0.8809899999999999,14.294707999999998,0.3394213222452885,,,,,,,,,,,,False,False
5256670504372100608,,,NGC3114,149.16436767578125,-60.06321716308594,0.93185997,14.237163,0.3867872725706268,,,,,,,,,,,,False,False
5256596660963935488,,,NGC3114,150.4344940185547,-60.33574295043945,0.8163680999999999,13.875307,0.2847862704414756,,,,,,,,,,,,False,False
5256596764055104768,,,NGC3114,150.49087524414062,-60.3187141418457,2.3622608,18.368586,0.5085041605241484,,,,,,,,,,,,False,False
5256671015439695488,,,NGC3114,149.2897491455078,-60.0787353515625,2.4484596,18.20536,0.518560720878454,,,,,,,,,,,,False,False
5256733378362756480,,,NGC3114,151.31057739257812,-59.67723083496094,1.7075957999999998,16.766125,0.4973168226708939,,,,,,,,,,,,False,False
5256671393394316160,,,NGC3114,149.35899353027344,-60.05606460571289,2.2562294,17.596514000000003,0.523975782100322,,,,,,,,,,,,False,False
5256597215022943232,,,NGC3114,150.3118896484375,-60.33811950683594,0.041247368,10.90445,0.0217324344617119,,,,,,,,,,,,False,False
5256733795006921216,,,NGC3114,151.32423400878906,-59.6535758972168,1.4607201,16.300592,0.4778758559142232,,,,,,,,,,,,False,False
5256597455565306880,,,NGC3114,150.42080688476562,-60.310279846191406,1.7690811000000002,16.888937,0.5005211204428843,,,,,,,,,,,,False,False
5256597554317716096,,,NGC3114,150.43997192382812,-60.29990005493164,2.1272087,17.60376,0.5125130507893223,,,,,,,,,,,,False,False
5256597696062106880,,,NGC3114,150.3693389892578,-60.29763412475586,2.147438,17.426664000000002,0.5205819993633413,,,,,,,,,,,,False,False
5256597730443570176,,,NGC3114,150.37857055664062,-60.28786087036133,0.3961935,12.41498,0.0614099823933552,,,,,,,,,,,,False,False
5256597760475593856,,,NGC3114,150.3500213623047,-60.29384613037109,0.47529602,12.5864105,0.0817350900318675,,,,,,,,,,,,False,False
5256734138604020608,,,NGC3114,151.26377868652344,-59.62181854248047,0.38478184,12.3681755,0.0740363630802507,,,,,,,,,,,,False,False
5256597902220548864,,,NGC3114,150.3771209716797,-60.27249145507813,1.9595356,17.309065,0.5067142158450171,,,,,,,,,,,,False,False
5256808248230231552,,,NGC3114,150.3130340576172,-59.21795272827149,1.844059,16.938993,0.5075868700591006,,,,,,,,,,,,False,False
5256808321282347264,,,NGC3114,150.27984619140625,-59.19546127319336,2.0623531,17.188710999999998,0.521676481276317,,,,,,,,,,,,False,False
5256598074013930880,,,NGC3114,149.97157287597656,-60.5811767578125,2.3777866000000003,18.517262,0.5059982204873507,,,,,,,,,,,,False,False
5256734890192253184,,,NGC3114,151.13461303710938,-59.70002746582031,2.0648594,17.475016,0.5111971602057889,,,,,,,,,,,,False,False
5256673111379890560,,,NGC3114,149.00997924804688,-60.0969123840332,1.0754986,15.148157,0.4234955144479971,,,,,,,,,,,,False,False
5256735066316912256,,,NGC3114,151.13211059570312,-59.66936492919922,0.7592535,13.607565,0.2153743508935738,,,,,,,,,,,,False,False
5256673180099917952,,,NGC3114,149.0619659423828,-60.0777359008789,2.112753,17.55334,0.5129045383100591,,,,,,,,,,,,False,False
5256735135036376064,,,NGC3114,151.10377502441406,-59.69392776489258,0.9874306,14.719356,0.3985400710572269,,,,,,,,,,,,False,False
5256735203755851392,,,NGC3114,151.07534790039062,-59.68416595458984,1.0902281,15.107192,0.4304845519425899,,,,,,,,,,,,False,False
5256598825626555264,,,NGC3114,150.0181427001953,-60.52814483642578,1.8481789,17.068068,0.5033003727959775,,,,,,,,,,,,False,False
5256735684792161280,,,NGC3114,150.951904296875,-59.68463516235352,2.1568851,17.588554000000002,0.5156018511588554,,,,,,,,,,,,False,False
5256735753488993280,,,NGC3114,150.92343139648438,-59.67405700683594,2.147997,18.31763,0.4957906776190084,,,,,,,,,,,,False,False
5256735753511637504,,,NGC3114,150.9418487548828,-59.68025207519531,0.6611166,13.040783,0.1745595414313183,,,,,,,,,,,,False,False
5256810172374446208,,,NGC3114,149.91265869140625,-59.43244552612305,1.2915297,15.788251,0.4633298039496205,,,,,,,,,,,,False,False
5256673970373908224,,,NGC3114,148.98545837402344,-60.06444931030274,2.1513157000000005,17.70978,0.5111961281633173,,,,,,,,,,,,False,False
5256674039096653312,,,NGC3114,148.97869873046875,-60.05745697021485,2.0787926,17.096031,0.5275060900739815,,,,,,,,,,,,False,False
5256810584692287872,,,NGC3114,149.87257385253906,-59.37871551513672,2.186491,16.98423,0.5453166570621856,,,,,,,,,,,,False,False
5256674283945047680,,,NGC3114,148.96730041503906,-60.03099060058594,1.8899765,16.624579999999998,0.528114100352289,,,,,,,,,,,,False,False
5256736509425934720,,,NGC3114,151.1763916015625,-59.66814041137695,0.5123234,12.5436945,0.1834983198033976,,,,,,,,,,,,False,False
5256736715584377216,,,NGC3114,151.16744995117188,-59.63127899169922,0.45319843,12.544518,0.0708282178367687,,,,,,,,,,,,False,False
5256736887383062272,,,NGC3114,151.125732421875,-59.62356185913086,0.17103195,11.796818,0.0291928074604281,,,,,,,,,,,,False,False
5256674760645286272,,,NGC3114,148.9557342529297,-59.99844741821289,0.2862072,12.01389,0.1198283170167621,,,,,,,,,,,,False,False
5256600131298965248,,,NGC3114,149.916748046875,-60.44279098510742,1.8838501,17.352757999999998,0.4979509170670256,,,,,,,,,,,,False,False
5256737712016785792,,,NGC3114,151.0858917236328,-59.59496688842773,1.6352634,16.578178,0.4945588330709576,,,,,,,,,,,,False,False
5256737742049593856,,,NGC3114,151.10691833496094,-59.59077453613281,1.8121128,17.027393,0.5006768777569232,,,,,,,,,,,,False,False
5256675658333157120,,,NGC3114,149.2537078857422,-59.96551132202149,-0.013177872,10.107491,0.0249813005874888,,,,,,,,,,,,False,True
5256675692679199104,,,NGC3114,149.20431518554688,-59.9649543762207,2.3765545,18.746376,0.5011466322273533,,,,,,,,,,,,False,False
5256675727052150272,,,NGC3114,149.2098388671875,-59.95066452026367,0.6638231,13.243474,0.0850198391267672,,,,,,,,,,,,False,False
5256813028566442752,,,NGC3114,150.036376953125,-59.2691764831543,1.2486124,15.668515,0.4575631032263139,,,,,,,,,,,,False,False
5256738330491872512,,,NGC3114,151.15753173828125,-59.53467559814453,1.4198513,16.151066,0.4760482431438602,,,,,,,,,,,,False,False
5256601402603920768,,,NGC3114,150.0277099609375,-60.45328521728516,0.15703678,11.46366,0.0928237358132782,,,,,,,,,,,,False,False
5256738704121908480,,,NGC3114,150.7388458251953,-59.85964584350586,1.8237152,17.043772,0.5014194075009277,,,,,,,,,,,,False,False
5256738738482684928,,,NGC3114,150.74713134765625,-59.84185028076172,1.838213,17.05829,0.5025354921654666,,,,,,,,,,,,False,False
5256738742808755072,,,NGC3114,150.73753356933594,-59.84366607666016,0.0019598007,10.186145,0.0367114199022812,,,,,,,,,,,,False,True
5256738777168488704,,,NGC3114,150.70399475097656,-59.83859252929688,0.03609562,8.918018,0.0635989021278172,,,,,,,,,,,,False,True
5256738807199116672,,,NGC3114,150.71714782714844,-59.82892608642578,0.37586117,12.322108,0.0899155881419497,,,,,,,,,,,,False,False
5256738841559830272,,,NGC3114,150.74566650390625,-59.83375930786133,1.1051016000000002,14.888015,0.4484392319509076,,,,,,,,,,,,False,False
5256738845887976448,,,NGC3114,150.74046325683594,-59.83279800415039,1.8732128,17.103182,0.5048165181817352,,,,,,,,,,,,False,False
5256601784892499840,,,NGC3114,149.95640563964844,-60.40144348144531,1.04457,15.010207,0.4157607348558713,,,,,,,,,,,,False,False
5256676689124810240,,,NGC3114,149.10581970214844,-59.92949295043945,0.8100853,14.013537,0.2727238176849398,,,,,,,,,,,,False,False
5256739258204853120,,,NGC3114,150.7601776123047,-59.8054084777832,0.6651391999999999,13.150778,0.1268583085239608,,,,,,,,,,,,False,False
5256814849620260352,,,NGC3114,149.66580200195312,-59.31068420410156,2.4662895,18.576912,0.5099369232369435,,,,,,,,,,,,False,False
5256602128489905664,,,NGC3114,150.00051879882812,-60.37703704833984,1.6384238999999998,16.577972,0.4950156995043821,,,,,,,,,,,,False,False
5256739464363299584,,,NGC3114,150.77723693847656,-59.77944564819336,0.26178074,12.133888,0.0147180365848591,,,,,,,,,,,,False,False
5256677204510990592,,,NGC3114,149.41909790039062,-60.03545761108398,2.140091,18.198133,0.4977347626426125,,,,,,,,,,,,False,False
5256739498723047424,,,NGC3114,150.77952575683594,-59.76114273071289,0.78715897,13.870404,0.2449175435170258,,,,,,,,,,,,False,False
5256739567442509568,,,NGC3114,150.73184204101562,-59.76596832275391,1.3213434,15.854283,0.4675014713728037,,,,,,,,,,,,False,False
5256602437727466112,,,NGC3114,149.79454040527344,-60.5069351196289,1.5257225,16.400764000000002,0.484832580627083,,,,,,,,,,,,False,False
5256739876680111872,,,NGC3114,150.61090087890625,-59.79699325561523,0.96970654,14.618319,0.3922339936160437,,,,,,,,,,,,False,False
5256677788636730112,,,NGC3114,149.47213745117188,-59.96440887451172,1.8869247,17.146887,0.5047701005454789,,,,,,,,,,,,False,False
5256740014119077632,,,NGC3114,150.64328002929688,-59.78279495239258,0.8258504999999999,14.009047,0.2911750937167075,,,,,,,,,,,,False,False
5256740014119080192,,,NGC3114,150.63238525390625,-59.77213668823242,0.9577284,14.681875,0.3832615469007148,,,,,,,,,,,,False,False
5256740044151871232,,,NGC3114,150.65219116210938,-59.76010894775391,2.0995312000000004,17.350061,0.5189466671714291,,,,,,,,,,,,False,False
5256740254637026688,,,NGC3114,150.6334686279297,-59.75287246704102,1.4340534,16.220097,0.4761191383393957,,,,,,,,,,,,False,False
5256603056202789248,,,NGC3114,149.88316345214844,-60.44972610473633,1.6717471999999998,16.739073,0.4936406299426297,,,,,,,,,,,,False,False
5256740357716479232,,,NGC3114,150.68931579589844,-59.76760864257813,0.7063618,13.491634,0.125156981342698,,,,,,,,,,,,False,False
5256603331079561856,,,NGC3114,149.8365936279297,-60.41964721679688,0.3440218,12.293759,0.0537393889423803,,,,,,,,,,,,False,False
5256740529514970624,,,NGC3114,150.72686767578125,-59.72921371459961,1.5439606,16.479376000000002,0.4848423342110269,,,,,,,,,,,,False,False
5256816533259565312,,,NGC3114,149.90745544433594,-59.20241928100586,1.6336803,16.620842,0.4927428783088775,,,,,,,,,,,,False,False
5256740873112347520,,,NGC3114,150.64166259765625,-59.69401931762695,1.1126938,15.269598,0.4326396909857531,,,,,,,,,,,,False,False
5256603915195092992,,,NGC3114,149.69497680664062,-60.4077377319336,2.0047855,16.725962,0.537832980337206,,,,,,,,,,,,False,False
5256678785069134720,,,NGC3114,149.4030303955078,-59.94552993774414,0.14756966,11.475448,0.0779137009524404,309.72565,169.2998,0.5466121388396473,,,,,,,,,True,False
5256741074945124864,,,NGC3114,150.8467254638672,-59.72882843017578,1.9342861,17.328326999999998,0.5036035899001569,,,,,,,,,,,,False,False
5256741113630779136,,,NGC3114,150.81497192382812,-59.71706771850586,1.5982361,16.766056,0.4832555425646793,,,,,,,,,,,,False,False
5256741319788974848,,,NGC3114,150.79818725585938,-59.70686721801758,0.5058279,11.995219,0.4800527303093886,,,,,,,,,,,,False,False
5256679193056266624,,,NGC3114,149.3693389892578,-59.89617538452149,2.1257896,17.672043,0.5102274916524734,,,,,,,,,,,,False,False
5256741594643313920,,,NGC3114,150.88787841796875,-59.69483947753906,2.5729580000000003,18.222635,0.5264719741608652,,,,,,,,,,,,False,False
5256604636749632896,,,NGC3114,149.8751678466797,-60.408424377441406,1.4382229,16.18422,0.4781371983499852,,,,,,,,,,,,False,False
5256741624701205760,,,NGC3114,150.90505981445312,-59.6814079284668,2.7610588,18.39131,0.5332637454923602,,,,,,,,,,,,False,False
5256741663386381952,,,NGC3114,150.85330200195312,-59.67305755615234,1.057908,15.021076999999998,0.4209092982240687,,,,,,,,,,,,False,False
5256604911627537792,,,NGC3114,149.82093811035156,-60.38143920898438,1.3028402,15.884382999999998,0.4623976496375103,,,,,,,,,,,,False,False
5256817701492537600,,,NGC3114,149.8053436279297,-59.13940811157226,1.5241413,16.392104999999997,0.4848984409970641,,,,,,,,,,,,False,False
5256605113458846848,,,NGC3114,149.94593811035156,-60.36582946777344,1.891983,17.268303,0.5012967848131781,,,,,,,,,,,,False,False
5256742316221375872,,,NGC3114,150.68389892578125,-59.67979049682617,0.36347103,12.168669,0.1662876466930402,,,,,,,,,,,,False,False
5256742380614217728,,,NGC3114,150.66053771972656,-59.66580200195313,2.3522835,17.275059,0.5472797801723959,,,,,,,,,,,,False,False
5256818349992485376,,,NGC3114,150.13037109375,-59.21988677978516,1.084981,14.990275,0.4335146806161485,,,,,,,,,,,,False,False
5256742694153853184,,,NGC3114,150.80113220214844,-59.64408493041992,2.1228313,18.36894,0.4931751357274043,,,,,,,,,,,,False,False
5256680292569245696,,,NGC3114,149.5490264892578,-59.85731506347656,2.017784,17.299059,0.5128311155452325,,,,,,,,,,,,False,False
5256742728538518784,,,NGC3114,150.8119354248047,-59.62556457519531,1.0877714,15.132855,0.4285812640341823,,,,,,,,,,,,False,False
5256680399976920960,,,NGC3114,149.5471649169922,-59.8359375,0.7364149,13.630795,0.1717835989241154,,,,,,,,,,,,False,False
5256605873701305216,,,NGC3114,149.81637573242188,-60.34661865234375,0.4459257,12.52308,0.0731418525339376,,,,,,,,,,,,False,False
5256743278293995520,,,NGC3114,150.57952880859375,-59.73413848876953,1.0255508,14.742683,0.4179626734770931,,,,,,,,,,,,False,False
5256680846653249280,,,NGC3114,149.41810607910156,-59.84932708740234,1.7879238000000002,17.074228,0.4964404699401962,,,,,,,,,,,,False,False
5256743381348143104,,,NGC3114,150.49029541015625,-59.73900985717773,1.1611462,15.20285,0.4521506741835786,,,,,,,,,,,,False,False
5256743484452645248,,,NGC3114,150.4951629638672,-59.71673202514648,1.2905159,15.941423,0.4579755760911785,,,,,,,,,,,,False,False
5256743514484608768,,,NGC3114,150.51182556152344,-59.71160507202149,0.2633028,12.082434,0.0463769764688422,,,,,,,,,,,,False,False
5256606217297631744,,,NGC3114,149.8558349609375,-60.32781982421875,1.0379391,14.998726,0.4133508830183046,,,,,,,,,,,,False,False
5256606320350122752,,,NGC3114,149.83041381835938,-60.30533218383789,1.0814552,14.807626999999998,0.4427056268461037,,,,,,,,,,,,False,False
5256681155890929664,,,NGC3114,149.5081329345703,-59.820274353027344,0.80110264,13.971218,0.2621339309477719,,,,,,,,,,,,False,False
5256606457815824000,,,NGC3114,149.87652587890625,-60.28705215454102,1.4066219,16.160082,0.4733352438761058,,,,,,,,,,,,False,False
5256743896769327616,,,NGC3114,150.6029510498047,-59.66266250610352,0.6802988,13.26299,0.1180869230986713,,,,,,,,,,,,False,False
5256820381550516608,,,NGC3114,150.2349395751953,-59.16266632080078,1.498312,16.618114000000002,0.474023482573452,,,,,,,,,,,,False,False
5256744068543110784,,,NGC3114,150.5686798095703,-59.66960906982422,1.4782696000000002,16.222567,0.4837195546572712,,,,,,,,,,,,False,False
5256821000014703232,,,NGC3114,150.25039672851562,-59.09916305541992,2.1347847,18.4796,0.4919213905505857,,,,,,,,,,,,False,False
5256682083605699840,,,NGC3114,149.3059844970703,-59.89590454101562,-0.02340126,10.294115,0.0020401432751833,,,,,,,,,,,,False,False
5256682117965438720,,,NGC3114,149.30735778808594,-59.89486312866211,0.016591072,9.807707,0.0619686646738724,,,,,,,,,,,,False,True
5256744652683304704,,,NGC3114,150.4335479736328,-59.65945053100586,0.34018612,12.1056385,0.1624249959438138,,,,,,,,,,,,False,False
5256744652683308544,,,NGC3114,150.43875122070312,-59.65656661987305,0.4798746,12.642766,0.0478651632062055,,,,,,,,,,,,False,False
5256744755736883712,,,NGC3114,150.49549865722656,-59.67013168334961,2.1268234,18.055223,0.5000025351378783,,,,,,,,,,,,False,False
5256744755736894720,,,NGC3114,150.49668884277344,-59.66324615478516,2.2620945,18.693043,0.4956788924334285,,,,,,,,,,,,False,False
5256821687220403712,,,NGC3114,150.14967346191406,-59.075157165527344,1.4309883,16.1231,0.479136487897164,,,,,,,,,,,,False,False
5256821755940071424,,,NGC3114,150.23428344726562,-59.09593200683594,1.3264246000000002,15.275208,0.5037104978689826,,,,,,,,,,,,False,False
5256682530280401920,,,NGC3114,149.29603576660156,-59.84717559814453,0.7350111,13.565066,0.1743010824049015,,,,,,,,,,,,False,False
5256744961895387136,,,NGC3114,150.502197265625,-59.62667083740234,0.31677723,12.023158,0.1650211939746343,,,,,,,,,,,,False,False
5256745030640434688,,,NGC3114,150.45184326171875,-59.65125274658203,1.4835186000000002,16.267183,0.4829003280262388,,,,,,,,,,,,False,False
5256683148755496064,,,NGC3114,149.14407348632812,-59.82984924316406,0.57317257,12.893378,0.0545176528931081,,,,,,,,,,,,False,False
5256608210162497664,,,NGC3114,150.02084350585938,-60.33686065673828,0.0017843245999999,9.58958,0.0483967849609601,,,,,,,,,,,,False,True
5256745923993696640,,,NGC3114,150.65003967285156,-59.597923278808594,0.92230034,14.466488,0.3667305796166643,,,,,,,,,,,,False,False
5256608549433991424,,,NGC3114,150.16122436523438,-60.30403518676758,2.1445446,16.590744,0.56593323087314,,,,,,,,,,,,False,False
5256608588119673600,,,NGC3114,150.15664672851562,-60.29166412353516,1.837759,17.046529999999997,0.5028945529971146,,,,,,,,,,,,False,False
5256608656839150720,,,NGC3114,150.1453399658203,-60.28487396240234,1.0113668,14.102446,0.4845308494758408,,,,,,,,,,,,False,False
5256608828637835648,,,NGC3114,150.1091766357422,-60.27754974365234,1.156476,15.208722,0.4502027061745164,,,,,,,,,,,,False,False
5256608794278087552,,,NGC3114,150.0767822265625,-60.2837028503418,0.1904992999999999,11.743086,0.076020767336444,,,,,,,,,,,,False,False
5256823710116950912,,,NGC3114,149.8518829345703,-59.10895919799805,2.1819077,18.049099,0.5041269027782476,,,,,,,,,,,,False,False
5256608966055981312,,,NGC3114,150.2662353515625,-60.32633209228516,0.017232895,8.285789999999999,0.0286591798863911,170.75008,17.830896,0.10442686761845148,,,,,,,,,True,True
5256684145188125824,,,NGC3114,149.33335876464844,-59.81435394287109,1.2183657,15.579036,0.4531186331310569,,,,,,,,,,,,False,False
5256746611188439168,,,NGC3114,150.5436553955078,-59.592529296875,1.2777967,15.731534,0.4622771829205963,,,,,,,,,,,,False,False
5256609069157181568,,,NGC3114,150.2542266845703,-60.30069732666016,1.7533816999999998,16.985746,0.495366147139526,,,,,,,,,,,,False,False
5256609137876684672,,,NGC3114,150.31809997558594,-60.30131530761719,1.1051358999999998,15.22507,0.4315719455875865,,,,,,,,,,,,False,False
5256609172242152576,,,NGC3114,150.2643280029297,-60.29322052001953,1.3277473,6.627805,0.4658614106697978,10.723964,0.40273565,0.03755473722216896,,,,,,,,,True,False
5256824191148904448,,,NGC3114,149.89833068847656,-59.07674407958984,2.1408252999999995,17.791782,0.5078978905804854,,,,,,,,,,,,False,False
5256609206596152576,,,NGC3114,150.29530334472656,-60.28192520141602,0.23536873,12.052881,0.0164197347944788,,,,,,,,,,,,False,False
5256609240955866368,,,NGC3114,150.23704528808594,-60.30769348144531,1.3608952,15.9296875,0.4730021840200755,,,,,,,,,,,,False,False
5256746984820607360,,,NGC3114,150.59725952148438,-59.56354904174805,2.1489067000000004,18.14469,0.4995166703874192,,,,,,,,,,,,False,False
5256609378394823680,,,NGC3114,150.24880981445312,-60.282264709472656,2.0268650000000004,17.383314000000002,0.5107437661543781,,,,,,,,,,,,False,False
5256609408426769536,,,NGC3114,150.26841735839844,-60.26979446411133,0.18638802,11.722715,0.0762225998919201,173.94608,198.50626,1.1411942137471567,,,,,,,,,True,False
5256684621896296448,,,NGC3114,149.32485961914062,-59.77788543701172,1.9147549,17.980587,0.486045311198429,,,,,,,,,,,,False,False
5256609550193549440,,,NGC3114,150.33155822753906,-60.26383209228516,1.9043713,17.006578,0.511909472659082,,,,,,,,,,,,False,False
5256609756351983488,,,NGC3114,150.34030151367188,-60.23941421508789,1.5392647,16.491007,0.4837414817398505,,,,,,,,,,,,False,False
5256684935461909504,,,NGC3114,149.2515411376953,-59.78742980957031,1.2069979,15.483707999999998,0.4537029223715891,,,,,,,,,,,,False,False
5256609825071440896,,,NGC3114,150.2908935546875,-60.2398910522461,1.1063995,15.091827,0.437368239847969,,,,,,,,,,,,False,False
5256609825071441920,,,NGC3114,150.29446411132812,-60.24679946899414,0.7078705,13.414832,0.1405983094284086,,,,,,,,,,,,False,False
5256747538901904640,,,NGC3114,150.9268035888672,-59.657447814941406,1.0226164,14.851681,0.4115315425012713,,,,,,,,,,,,False,False
5256610031202586368,,,NGC3114,150.27517700195312,-60.20748901367188,2.31147,18.530947,0.5016924521029927,,,,,,,,,,,,False,False
5256685210339814912,,,NGC3114,149.1875,-59.7595329284668,1.03444,15.001601,0.4117972830920684,,,,,,,,,,,,False,False
5256610065589566336,,,NGC3114,150.19247436523438,-60.27916717529297,0.8906059000000001,14.318910999999998,0.3468240508835564,,,,,,,,,,,,False,False
5256610306106623488,,,NGC3114,150.1834259033203,-60.227783203125,1.0536528,14.912469,0.4234551822287424,,,,,,,,,,,,False,False
5256748019938010880,,,NGC3114,150.8592529296875,-59.59527969360352,2.3086052,17.979404000000002,0.5153257743539231,,,,,,,,,,,,False,False
5256748221765836288,,,NGC3114,150.98507690429688,-59.57817459106445,1.7620983,16.817079999999997,0.5023320709402262,,,,,,,,,,,,False,False
5256610615344284544,,,NGC3114,150.226318359375,-60.22619247436523,1.3591642,6.5552273,0.4638207733617382,6.5419044,0.9663523,0.14771727633317297,,,,,,,,,True,False
5256610684063753856,,,NGC3114,150.19036865234375,-60.218017578125,2.0944862,18.17012,0.4951966502660116,,,,,,,,,,,,False,False
5256825982175383296,,,NGC3114,149.9606170654297,-59.0004768371582,2.233055,18.58623,0.4959256437298338,,,,,,,,,,,,False,False
5256748638388680960,,,NGC3114,150.83644104003906,-59.61221313476562,0.12887287,11.455806,0.056399950182114,,,,,,,,,,,,False,False
5256610855836304896,,,NGC3114,150.2283172607422,-60.18115615844727,1.8608246,16.982429999999997,0.5078632443719554,,,,,,,,,,,,False,False
5256610855862473216,,,NGC3114,150.2363739013672,-60.18168258666992,0.92931175,14.486709,0.3709826582197632,,,,,,,,,,,,False,False
5256748741492514432,,,NGC3114,150.84698486328125,-59.5920295715332,1.3985481000000002,16.014864000000003,0.4772252061697514,,,,,,,,,,,,False,False
5256610924581935360,,,NGC3114,150.20693969726562,-60.19963836669922,0.9293022,14.441691,0.3725329610320239,,,,,,,,,,,,False,False
5256749016370414208,,,NGC3114,150.78335571289062,-59.57527160644531,2.1824284,17.818726,0.510429371740704,,,,,,,,,,,,False,False
5256749149484156544,,,NGC3114,150.85305786132812,-59.57161331176758,2.2504559,18.119692,0.5072243221163906,,,,,,,,,,,,False,False
5256686412924600576,,,NGC3114,150.68984985351562,-60.35564422607422,0.7652836,13.79043,0.2145416355380896,,,,,,,,,,,,False,False
5256686511679722880,,,NGC3114,150.7980499267578,-60.36919784545898,2.093029,17.446585,0.5147741787978126,,,,,,,,,,,,False,False
5256749566100759552,,,NGC3114,150.82493591308594,-59.52243423461914,2.6279984,18.769617,0.5146446326104652,,,,,,,,,,,,False,False
5256611749215589248,,,NGC3114,150.0569610595703,-60.26911926269531,1.270134,15.687945999999998,0.462129503397471,,,,,,,,,,,,False,False
5256611783575312256,,,NGC3114,150.00404357910156,-60.26904678344727,1.0020685,14.761734,0.4047351816864166,,,,,,,,,,,,False,False
5256611852294808064,,,NGC3114,150.05677795410156,-60.25909423828125,1.0723486,15.008595,0.4273776980607298,,,,,,,,,,,,False,False
5256687198872155904,,,NGC3114,150.69796752929688,-60.34222412109375,1.2051296,15.139696,0.4720258231017706,,,,,,,,,,,,False,False
5256687237558320896,,,NGC3114,150.65866088867188,-60.33795547485352,1.6322842,16.594563,0.493518154728202,,,,,,,,,,,,False,False
5256612024093496960,,,NGC3114,150.00534057617188,-60.23648071289063,1.561615,16.427326,0.48942680480251,,,,,,,,,,,,False,False
5256750390760269440,,,NGC3114,151.06959533691406,-59.50703048706055,1.1440182,15.341537,0.4403281770047415,,,,,,,,,,,,False,False
5256612161506032640,,,NGC3114,150.0218048095703,-60.21476745605469,2.2847881,17.492279999999997,0.5306455057280407,,,,,,,,,,,,False,False
5256612195892190976,,,NGC3114,149.99822998046875,-60.226539611816406,0.8365145,13.960795999999998,0.305990972432608,,,,,,,,,,,,False,False
5256687478076494592,,,NGC3114,150.62771606445312,-60.31277847290039,1.0386886999999998,14.912094,0.4166852706060426,,,,,,,,,,,,False,False
5256612500805078272,,,NGC3114,149.9161834716797,-60.23192977905274,2.1411324,17.624651,0.5130354893219249,,,,,,,,,,,,False,False
5256612603884281984,,,NGC3114,149.82876586914062,-60.23651504516602,2.2907486,18.183708,0.5083811249258094,,,,,,,,,,,,False,False
5256612672603764352,,,NGC3114,149.8711700439453,-60.22760391235352,1.8812065,17.389915,0.496642524248927,,,,,,,,,,,,False,False
5256751146674002816,,,NGC3114,150.8425750732422,-59.49139022827149,0.8365135,14.065336,0.3018399952807492,,,,,,,,,,,,False,False
5256612848728598912,,,NGC3114,149.9598388671875,-60.21775436401367,2.6709347,16.026766000000002,0.7260912394457568,,,,,,,,,,,,False,False
5256687993472624384,,,NGC3114,150.66571044921875,-60.27700805664063,0.8631859000000001,13.6906595,0.383743587553354,,,,,,,,,,,,False,False
5256751421526807040,,,NGC3114,150.91835021972656,-59.4627685546875,2.3927631000000003,18.271286,0.5129723531037206,,,,,,,,,,,,False,False
5256613123577696000,,,NGC3114,149.91079711914062,-60.20309066772461,2.64542,18.670397,0.5180897764087647,,,,,,,,,,,,False,False
5256613192324379136,,,NGC3114,149.9007568359375,-60.19026947021485,1.1415491000000002,15.29947,0.4411118817462752,,,,,,,,,,,,False,False
5256613261043866496,,,NGC3114,149.9485321044922,-60.17350006103516,0.7020911999999999,13.354689000000002,0.1415756000742482,,,,,,,,,,,,False,False
5256688233990843008,,,NGC3114,150.8311004638672,-60.31350326538086,1.0658007,15.025907,0.4239732998561504,,,,,,,,,,,,False,False
5256613295403599232,,,NGC3114,149.89718627929688,-60.1671371459961,0.9070864,14.439743,0.3565957886634586,,,,,,,,,,,,False,False
5256688268350601472,,,NGC3114,150.8583526611328,-60.30492782592773,0.7608967,13.781732,0.2079920040111889,,,,,,,,,,,,False,False
5256751730764475008,,,NGC3114,150.88455200195312,-59.43018341064453,2.2902317,18.95731,0.4928207144809645,,,,,,,,,,,,False,False
5256688332745916032,,,NGC3114,150.83103942871094,-60.28734588623047,1.7900715,16.257593,0.535459690812854,,,,,,,,,,,,False,False
5256613398483057408,,,NGC3114,150.1012725830078,-60.22442245483398,2.0465470000000003,18.045979,0.4944101550920798,,,,,,,,,,,,False,False
5256688508868758144,,,NGC3114,150.77230834960938,-60.27102661132813,1.2038593,15.121712,0.4728667894391593,,,,,,,,,,,,False,False
5256613776440183168,,,NGC3114,150.0646209716797,-60.19512939453125,0.38711166,12.3871565,0.0649288439883437,,,,,,,,,,,,False,False
5256613879519175680,,,NGC3114,150.0653839111328,-60.16259002685547,0.7420559,13.007434,0.3945822003069213,,,,,,,,,,,,False,False
5256613943912461440,,,NGC3114,150.15611267089844,-60.17675018310547,0.683074,13.150793,0.1716170696581023,,,,,,,,,,,,False,False
5256688852466221440,,,NGC3114,150.90443420410156,-60.23908996582031,1.4319391,15.446279,0.5209778961373558,,,,,,,,,,,,False,False
5256614257476299520,,,NGC3114,150.05706787109375,-60.14996719360352,1.6925755,16.740072,0.4963205947985729,,,,,,,,,,,,False,False
5256614356229836160,,,NGC3114,150.12786865234375,-60.1377944946289,2.3356876,17.615992000000002,0.5301061229950406,,,,,,,,,,,,False,False
5256689161711733248,,,NGC3114,150.8307342529297,-60.22107696533203,-0.003534317,10.196743,0.030266609447654,,,,,,,,,,,,False,True
5256614463634712832,,,NGC3114,149.99049377441406,-60.18348693847656,1.1253518999999998,15.117976,0.4433807845708992,,,,,,,,,,,,False,False
5256689402221980544,,,NGC3114,150.7665252685547,-60.23896408081055,1.0005484,14.845022,0.4011490391277998,,,,,,,,,,,,False,False
5256753203928138240,,,NGC3114,150.6324005126953,-59.48336410522461,1.187108,14.68167,0.5124520708046262,,,,,,,,,,,,False,False
5256753208263119360,,,NGC3114,150.6232147216797,-59.49231338500977,2.4973602,18.215218,0.5215871163980377,,,,,,,,,,,,False,False
5256689436581702400,,,NGC3114,150.7382354736328,-60.23964309692383,1.3804941000000002,7.3542643,0.6427886872982367,7.9326825,0.6128528,0.0772566909113027,,,,,,,,,True,False
5256689436581704320,,,NGC3114,150.73397827148438,-60.23575210571289,1.4283733,16.201262,0.4757823008103632,,,,,,,,,,,,False,False
5256689573991050624,,,NGC3114,150.65896606445312,-60.2420539855957,2.4109192000000004,18.480644,0.508864353879674,,,,,,,,,,,,False,False
5256689780179106688,,,NGC3114,150.77923583984375,-60.2388801574707,1.3491592,16.03876,0.466670620384788,,,,,,,,,,,,False,False
5256615112155019648,,,NGC3114,150.03721618652344,-60.12163543701172,1.6887006999999998,15.953647,0.5393573574904117,,,,,,,,,,,,False,False
5256615116469763072,,,NGC3114,150.03208923339844,-60.12562561035156,0.20612717,11.720239,0.1053674392284793,,,,,,,,,,,,False,False
5256615146503826048,,,NGC3114,150.0625,-60.12236404418945,1.9323864,17.20324,0.5075871540762493,,,,,,,,,,,,False,False
5256689814538862848,,,NGC3114,150.79202270507812,-60.22251129150391,1.6382408000000002,16.597545999999998,0.4942441481226775,,,,,,,,,,,,False,False
5256689848869237632,,,NGC3114,150.76991271972656,-60.22483444213867,2.668293,18.460209,0.5252784742615939,,,,,,,,,,,,False,False
5256615249584388352,,,NGC3114,150.04144287109375,-60.08810806274414,2.3257236,17.888453,0.5194633637447388,,,,,,,,,,,,False,False
5256689917625981568,,,NGC3114,150.81199645996094,-60.20595550537109,2.6444168,18.694538,0.5174158159037567,,,,,,,,,,,,False,False
5256753861093115904,,,NGC3114,150.6417236328125,-59.44217300415039,1.3151788999999998,15.8740835,0.4654197168054017,,,,,,,,,,,,False,False
5256689986337568128,,,NGC3114,150.78236389160156,-60.19621658325195,0.7029953,13.436072,0.1260024527459632,,,,,,,,,,,,False,False
5256689986337568640,,,NGC3114,150.78126525878906,-60.19454956054688,0.60241795,12.815566,0.1774126967763446,,,,,,,,,,,,False,False
5256690016370670208,,,NGC3114,150.79080200195312,-60.18253326416016,0.06068611,11.308427,-0.0063766510827118,,,,,,,,,,,,False,False
5256690261186178816,,,NGC3114,150.7325439453125,-60.17280578613281,0.92494774,14.559825,0.3662954033932635,,,,,,,,,,,,False,False
5256690329934719104,,,NGC3114,150.56027221679688,-60.3365592956543,0.047377586,10.778968,0.0426838908217897,143.19612,176.04398,1.2293907125416526,,,,,,,,,True,False
5256690364294475776,,,NGC3114,150.55380249023438,-60.31359481811523,1.5434523,15.677115,0.5300933100055658,,,,,,,,,,,,False,False
5256690669208081792,,,NGC3114,150.4790496826172,-60.29607009887695,1.9252243,17.116356,0.5099780577564076,,,,,,,,,,,,False,False
5256690707891862016,,,NGC3114,150.4891815185547,-60.27324676513672,0.6250066999999999,13.121413,0.0406898111025782,,,,,,,,,,,,False,False
5256690845301021952,,,NGC3114,150.51675415039062,-60.25248336791992,2.6070118,18.521776000000003,0.5197695114246341,,,,,,,,,,,,False,False
5256690982769837696,,,NGC3114,150.57762145996094,-60.25240707397461,0.29206657,12.211525,0.0189811557360047,,,,,,,,,,,,False,False
5256691047165223936,,,NGC3114,150.6388702392578,-60.24433517456055,2.6099415,17.999228,0.5369454390081851,,,,,,,,,,,,False,False
5256691081524956544,,,NGC3114,150.59744262695312,-60.23582077026367,1.9313831,16.581032,0.5364478315169635,,,,,,,,,,,,False,False
5256691120179233664,,,NGC3114,150.62220764160156,-60.23229598999024,2.037819,17.39326,0.5114460545840888,,,,,,,,,,,,False,False
5256756300636499072,,,NGC3114,150.00193786621094,-60.05034255981445,1.5120697,16.329214,0.4852985723039857,,,,,,,,,,,,False,False
5256756334996243840,,,NGC3114,149.99949645996094,-60.03282928466797,1.3377819,15.91836,0.4686028660141334,,,,,,,,,,,,False,False
5256756334996248192,,,NGC3114,150.0038299560547,-60.02614974975586,1.0175466999999998,14.693694,0.416274802235113,,,,,,,,,,,,False,False
5256691807403725184,,,NGC3114,150.39602661132812,-60.23209762573242,0.82013416,13.991572,0.2848534595366777,,,,,,,,,,,,False,False
5256691841763477632,,,NGC3114,150.44723510742188,-60.24040603637695,1.6691093,16.639456,0.496939496614719,,,,,,,,,,,,False,False
5256756472421192576,,,NGC3114,150.02809143066406,-60.01716232299805,2.592678,18.71524,0.5139703369784296,,,,,,,,,,,,False,False
5256756472435216896,,,NGC3114,150.0292510986328,-60.00060272216797,0.8375950000000001,14.046106,0.3035635666801332,,,,,,,,,,,,False,False
5256691974878142720,,,NGC3114,150.50845336914062,-60.24017333984375,1.5575008,16.276047,0.4950272746002904,,,,,,,,,,,,False,False
5256756575514403072,,,NGC3114,149.94703674316406,-60.02656173706055,1.8636742,17.079094,0.5046224016602052,,,,,,,,,,,,False,False
5256756742984370560,,,NGC3114,149.9866485595703,-59.98646545410156,2.0859490000000003,17.803185,0.5031939436730617,,,,,,,,,,,,False,False
5256692146674610176,,,NGC3114,150.53408813476562,-60.19778060913086,1.1697388000000002,15.280462,0.451220950400025,,,,,,,,,,,,False,False
5256756678597772160,,,NGC3114,149.94619750976562,-60.0008659362793,2.0924968999999995,17.64237,0.5083128562388095,,,,,,,,,,,,False,False
5256756712953372032,,,NGC3114,149.96876525878906,-60.00020217895508,0.5932274000000001,12.789248,0.1749642372669065,,,,,,,,,,,,False,False
5256692185360883200,,,NGC3114,150.51019287109375,-60.20016098022461,0.6954155,13.332489,0.1321687634975533,,,,,,,,,,,,False,False
5256692215396405376,,,NGC3114,150.52622985839844,-60.19408798217773,2.082487,17.685572,0.5061842609960956,,,,,,,,,,,,False,False
5256692254080337664,,,NGC3114,150.44915771484375,-60.20468521118164,0.6538563000000001,13.071862,0.1389877584054373,,,,,,,,,,,,False,False
5256692391519306368,,,NGC3114,150.4883575439453,-60.18278884887695,1.4177895,16.135603,0.4762370037746145,,,,,,,,,,,,False,False
5256692421553988992,,,NGC3114,150.49574279785156,-60.17132568359375,1.9165039,17.247007,0.5044638366043863,,,,,,,,,,,,False,False
5256756919111817856,,,NGC3114,150.0145263671875,-59.98477554321289,1.2709656,15.730412,0.4606937508153014,,,,,,,,,,,,False,False
5256692460210829184,,,NGC3114,150.45162963867188,-60.17358016967773,1.9745483,17.58644,0.4997397361571962,,,,,,,,,,,,False,False
5256692524631694592,,,NGC3114,150.64381408691406,-60.2308235168457,1.5125178999999995,16.393263,0.4830267934614473,,,,,,,,,,,,False,False
5256757022191052160,,,NGC3114,150.0701904296875,-59.95769500732422,0.6265917,12.973078,0.129689835556016,,,,,,,,,,,,False,False
5256757056550785024,,,NGC3114,150.03419494628906,-59.95652389526367,0.9613018,14.712143,0.3845193549956341,,,,,,,,,,,,False,False
5256757159629992448,,,NGC3114,150.01284790039062,-59.96670913696289,1.6831093,16.856512,0.4911545593951706,,,,,,,,,,,,False,False
5256692735116578048,,,NGC3114,150.6388702392578,-60.193321228027344,0.46021843,12.583422,0.0549310836414402,,,,,,,,,,,,False,False
5256757297068956160,,,NGC3114,150.02139282226562,-59.93711853027344,1.0533046999999998,14.290581,0.485529905839538,,,,,,,,,,,,False,False
5256692803836014720,,,NGC3114,150.59275817871094,-60.2125473022461,0.1234130859999999,11.414243,0.0567853774801146,,,,,,,,,,,,False,False
5256692803843957376,,,NGC3114,150.60064697265625,-60.21355438232422,2.2047215,17.562342,0.5207269891715404,,,,,,,,,,,,False,False
5256692838195947008,,,NGC3114,150.59658813476562,-60.196327209472656,0.9482832,14.642942,0.3787759295541556,,,,,,,,,,,,False,False
5256692906887841024,,,NGC3114,150.5930938720703,-60.19405364990234,2.4160442000000004,18.63408,0.5056978298685074,,,,,,,,,,,,False,False
5256692868229111808,,,NGC3114,150.58384704589844,-60.2013168334961,1.5660248,16.451063,0.489201806456937,,,,,,,,,,,,False,False
5256692868230572160,,,NGC3114,150.58030700683594,-60.20141983032226,2.016304,17.519955,0.5053548932115184,,,,,,,,,,,,False,False
5256757468867601920,,,NGC3114,149.8899383544922,-59.98948287963867,1.2993956,15.830369,0.4635498851608833,,,,,,,,,,,,False,False
5256692975634910848,,,NGC3114,150.62594604492188,-60.17308807373047,1.0649385,14.8862915,0.4299126517344222,,,,,,,,,,,,False,False
5256757606306568576,,,NGC3114,149.90174865722656,-59.96337509155274,1.0579424,14.4575815,0.4629302952922342,,,,,,,,,,,,False,False
5256757640666182784,,,NGC3114,149.903564453125,-59.94422912597656,1.288517,15.803265,0.4620907460337518,,,,,,,,,,,,False,False
5256757808136295808,,,NGC3114,149.87457275390625,-59.95279312133789,1.8965225,17.211792000000003,0.5035818831944865,,,,,,,,,,,,False,False
5256757846824742272,,,NGC3114,149.89674377441406,-59.94804763793945,1.2530279,14.924205,0.5123776996605598,,,,,,,,,,,,False,False
5256757915544089600,,,NGC3114,149.87652587890625,-59.92863082885742,0.7120495,13.40685,0.1515002467015035,,,,,,,,,,,,False,False
5256693314908054400,,,NGC3114,150.68678283691406,-60.13852310180664,2.3852882,18.177217,0.515049501992918,,,,,,,,,,,,False,False
5256758186091539840,,,NGC3114,149.94683837890625,-59.90379333496094,0.263937,11.941896,0.1163676664767472,,,,,,,,,,,,False,False
5256693353592043904,,,NGC3114,150.6505889892578,-60.16189193725586,0.99958324,14.841204,0.4007946100318667,,,,,,,,,,,,False,False
5256758259141488128,,,NGC3114,149.91212463378906,-59.9164924621582,0.7335510000000001,13.522223,0.1765947430050848,,,,,,,,,,,,False,False
5256758323532429568,,,NGC3114,149.8932647705078,-59.90776443481445,1.9015026,16.629635,0.529427394183628,,,,,,,,,,,,False,False
5256693525390744320,,,NGC3114,150.66903686523438,-60.12538909912109,0.6825905,13.387139,0.0898686324788028,,,,,,,,,,,,False,False
5256693559722981120,,,NGC3114,150.6348419189453,-60.12614059448242,2.619709,18.56233,0.5194313467991862,,,,,,,,,,,,False,False
5256693594110206848,,,NGC3114,150.64157104492188,-60.11508178710938,1.2319632,15.706937,0.4521484615696439,,,,,,,,,,,,False,False
5256693731549121280,,,NGC3114,150.54257202148438,-60.1716194152832,0.5353441,12.771947,0.0601763298450735,,,,,,,,,,,,False,False
5256693795941888896,,,NGC3114,150.58847045898438,-60.16031265258789,0.102965355,11.295815,0.0500353096512551,,,,,,,,,,,,False,False
5256693937707542528,,,NGC3114,150.52023315429688,-60.15840148925781,0.9289255,14.404434,0.3737906600411642,,,,,,,,,,,,False,False
5256758808897454976,,,NGC3114,150.04708862304688,-59.91615676879883,0.83312225,13.971510999999998,0.3012551982227884,,,,,,,,,,,,False,False
5256693972066959616,,,NGC3114,150.4794464111328,-60.15250778198242,0.21693611,11.76708,0.1070675685180534,,,,,,,,,,,,False,False
5256693972066960128,,,NGC3114,150.47613525390625,-60.1451644897461,0.81960773,13.949511,0.2854629547574326,,,,,,,,,,,,False,False
5256694006426699776,,,NGC3114,150.49655151367188,-60.1389045715332,0.17921257,11.73985,0.060661752287507,,,,,,,,,,,,False,False
5256694075146180480,,,NGC3114,150.54522705078125,-60.123573303222656,1.1059084,15.138832999999998,0.4351218913532625,,,,,,,,,,,,False,False
5256694075146505216,,,NGC3114,150.54592895507812,-60.13153457641602,0.58600616,12.925014,0.062782942761232,,,,,,,,,,,,False,False
5256758946336420352,,,NGC3114,150.07510375976562,-59.88775253295898,0.9597292,14.670682,0.3846824176868975,,,,,,,,,,,,False,False
5256694109505916288,,,NGC3114,150.5089569091797,-60.12862777709961,0.89604855,14.328601,0.3509927554300084,,,,,,,,,,,,False,False
5256694173899264384,,,NGC3114,150.60693359375,-60.13650512695313,1.3829775,15.870599,0.4802380845194318,,,,,,,,,,,,False,False
5256694315664706688,,,NGC3114,150.62814331054688,-60.112586975097656,1.3876896,16.083887,0.4725079199701811,,,,,,,,,,,,False,False
5256759255573981056,,,NGC3114,150.12510681152344,-59.85684967041016,1.2073221,15.468410999999998,0.4544285095502894,,,,,,,,,,,,False,False
5256759285606146944,,,NGC3114,150.13169860839844,-59.85107040405274,2.7422657000000004,18.10335,0.5424460504925732,,,,,,,,,,,,False,False
5256694483138342016,,,NGC3114,150.55491638183594,-60.10261154174805,2.0396824,17.330063,0.5138634232253161,,,,,,,,,,,,False,False
5256759526124309888,,,NGC3114,150.0792236328125,-59.84274673461914,2.006096,17.308222,0.5113446061869819,,,,,,,,,,,,False,False
5256759560483136640,,,NGC3114,150.09881591796875,-59.824256896972656,2.0986881,17.62336,0.5094265727215882,,,,,,,,,,,,False,False
5256759667890783488,,,NGC3114,149.9741973876953,-59.89862442016602,0.6105050999999999,12.804164,0.2033467426192844,,,,,,,,,,,,False,False
5256759702250533376,,,NGC3114,149.98617553710938,-59.87845230102539,0.14959145,11.434539,0.0879774636043611,98.700806,157.21028,1.592796314145601,,,,,,,,,True,False
5256694762341665792,,,NGC3114,150.9309539794922,-60.22201538085938,1.2544556,15.772646,0.4553440038381033,,,,,,,,,,,,False,False
5256759770970028288,,,NGC3114,150.03282165527344,-59.86288070678711,0.4598713,12.614776,0.0303128655234038,,,,,,,,,,,,False,False
5256694861096216832,,,NGC3114,150.94888305664062,-60.21289825439453,1.779295,16.936761999999998,0.500034922240364,,,,,,,,,,,,False,False
5256759908408966144,,,NGC3114,149.9696502685547,-59.86375045776367,0.17546749,11.769327,0.0455576961138097,,,,,,,,,,,,False,False
5256694934140587904,,,NGC3114,150.91232299804688,-60.1998062133789,1.0560718,6.478212999999999,0.3448602987802217,9.706717,0.7772632,0.08007477708477542,,,,,,,,,True,False
5256694998532877056,,,NGC3114,150.87930297851562,-60.21609115600586,1.2590752,15.526457,0.4663505763527346,,,,,,,,,,,,False,False
5256695002860051328,,,NGC3114,150.875244140625,-60.21432876586914,0.8956013,14.403241,0.3488718201190297,,,,,,,,,,,,False,False
5256695002860054528,,,NGC3114,150.88323974609375,-60.21121215820313,-0.021215439,8.482957,0.0121115673208394,77.57425,27.230198,0.3510210926950631,,,,,,,,,True,True
5256695071549662976,,,NGC3114,150.84132385253906,-60.19691848754883,2.7651749,18.673815,0.5248684580775445,,,,,,,,,,,,False,False
5256695071579295488,,,NGC3114,150.86477661132812,-60.20352935791016,0.7258053000000001,13.636354999999998,0.1525019042907531,,,,,,,,,,,,False,False
5256760183286906368,,,NGC3114,150.0637664794922,-59.84249877929688,1.4422321000000002,16.200274,0.478258335292339,,,,,,,,,,,,False,False
5256760213319071488,,,NGC3114,150.02574157714844,-59.8409652709961,2.0306034,17.525248,0.5064777075437393,,,,,,,,,,,,False,False
5256760247677889152,,,NGC3114,150.03643798828125,-59.83115005493164,2.2763977000000004,17.435215,0.5322960384309643,,,,,,,,,,,,False,False
5256695174658565760,,,NGC3114,150.9112091064453,-60.16561508178711,0.6784258000000001,12.702083,0.4095021252028434,,,,,,,,,,,,False,False
5256760350758027776,,,NGC3114,150.04840087890625,-59.82828140258789,2.4749737,18.420647,0.514335380410205,,,,,,,,,,,,False,False
5256695243378029568,,,NGC3114,150.8759765625,-60.16153717041016,1.262598,15.111498,0.4960220939661482,,,,,,,,,,,,False,False
5256760561244131072,,,NGC3114,150.01715087890625,-59.8131103515625,1.2572412,15.73236,0.4573573693033846,,,,,,,,,,,,False,False
5256695483896245760,,,NGC3114,150.9844970703125,-60.15056228637695,-0.032336235,9.289587,0.0165784746927449,,,,,,,,,,,,False,True
5256760870481583872,,,NGC3114,149.84603881835938,-59.92346954345703,0.12817478,11.406138,0.064524911986552,11.478212,80.6066,7.022574596113054,,,,,,,,,True,False
5256695827493544832,,,NGC3114,150.82571411132812,-60.17551040649414,1.7532959,16.15016,0.5366250211811594,,,,,,,,,,,,False,False
5256695861823688192,,,NGC3114,150.83657836914062,-60.1784553527832,2.5351086,18.442,0.5175277737604652,,,,,,,,,,,,False,False
5256622808723121408,,,NGC3114,149.16725158691406,-60.53899002075195,2.0942078,17.445420000000002,0.514924894931808,,,,,,,,,,,,False,False
5256695896213010816,,,NGC3114,150.808837890625,-60.17715072631836,0.88876724,14.487973,0.3431678601847244,,,,,,,,,,,,False,False
5256761282798463232,,,NGC3114,149.85610961914062,-59.88754272460938,2.2121296000000004,17.842518,0.5120647863113603,,,,,,,,,,,,False,False
5256761351517937024,,,NGC3114,149.8408660888672,-59.88545227050781,1.0629559,15.054108,0.4217878750020616,,,,,,,,,,,,False,False
5256696171061267968,,,NGC3114,150.7548828125,-60.15330505371094,1.7292252,16.946272,0.4938239257803647,,,,,,,,,,,,False,False
5256696171090922624,,,NGC3114,150.7745819091797,-60.15301895141602,0.009025574,10.233002,0.0415971420779904,,,,,,,,,,,,False,True
5256761523316621056,,,NGC3114,149.7982635498047,-59.87771224975586,0.5577201999999999,12.715779,0.1505501690194844,,,,,,,,,,,,False,False
5256696308530064256,,,NGC3114,150.76919555664062,-60.12724304199219,0.3164672999999999,12.141424,0.1026218216530207,,,,,,,,,,,,False,False
5256696342889652992,,,NGC3114,150.79751586914062,-60.1208381652832,1.2462254,15.685375,0.4563585403507363,,,,,,,,,,,,False,False
5256696377219930624,,,NGC3114,150.87562561035156,-60.13467788696289,1.4074116,16.153297,0.4737130111091747,,,,,,,,,,,,False,False
5256696377249410688,,,NGC3114,150.88211059570312,-60.1473503112793,2.02639,17.42539,0.509280677092361,,,,,,,,,,,,False,False
5256696411609163392,,,NGC3114,150.89268493652344,-60.12958908081055,0.9606104,14.693399,0.3845900597533267,,,,,,,,,,,,False,False
5256761866918176512,,,NGC3114,149.69082641601562,-59.89423370361328,0.26082516,11.213824,0.2620157700632319,241.54912,82.480774,0.341465843469022,,,,,,,,,True,False
5256761931305952896,,,NGC3114,149.7522430419922,-59.88397598266602,1.9960575,17.169795999999998,0.5154882813502011,,,,,,,,,,,,False,False
5256696480328644608,,,NGC3114,150.86209106445312,-60.10664367675781,1.3201885,15.904448,0.4653984020878554,,,,,,,,,,,,False,False
5256696514688387456,,,NGC3114,150.9031219482422,-60.12143707275391,2.3244038,18.13088,0.5121152827771238,,,,,,,,,,,,False,False
5256696652127312768,,,NGC3114,150.83180236816406,-60.12276840209961,1.146472,15.374827,0.4399139404725049,,,,,,,,,,,,False,False
5256762176151515520,,,NGC3114,149.6590118408203,-59.84769821166992,0.10023117,11.261997,0.0516655790374097,,,,,,,,,,,,False,False
5256696755206681216,,,NGC3114,150.81332397460938,-60.08738708496094,0.8756818999999999,14.321454,0.3345334429826026,,,,,,,,,,,,False,False
5256696785239119616,,,NGC3114,150.85653686523438,-60.08556365966797,0.028636932,9.694801,0.0735113396416658,,,,,,,,,,,,False,True
5256696819599221888,,,NGC3114,150.8728790283203,-60.07798004150391,1.1249228,14.990897,0.4503727188453201,,,,,,,,,,,,False,False
5256696853960312064,,,NGC3114,150.82521057128906,-60.080810546875,1.968586,17.29143,0.5082083369778787,,,,,,,,,,,,False,False
5256696995724743424,,,NGC3114,150.9923095703125,-60.13143539428711,0.10748005,11.428539,0.0329854420851501,,,,,,,,,,,,False,False
5256762657187872256,,,NGC3114,149.73294067382812,-59.83008193969727,1.1644821,15.45565,0.4425450901311055,,,,,,,,,,,,False,False
5256697334995261056,,,NGC3114,150.98988342285156,-60.09879302978516,0.8788681,14.349717000000002,0.336752788695716,,,,,,,,,,,,False,False
5256697408041623040,,,NGC3114,150.96401977539062,-60.07308578491211,2.3199654,17.795156,0.5221394080568986,,,,,,,,,,,,False,False
5256697408041623552,,,NGC3114,150.9733428955078,-60.07733917236328,0.07324028,11.127557,0.0358017321332583,,,,,,,,,,,,False,False
5256697476761112064,,,NGC3114,151.0659942626953,-60.09531021118164,1.3337059,15.780992499999998,0.4733055660146418,,,,,,,,,,,,False,False
5256763206943720192,,,NGC3114,149.8789520263672,-59.82237243652344,0.536088,12.823708,0.0210095562621168,,,,,,,,,,,,False,False
5256763275663198336,,,NGC3114,149.84605407714844,-59.80003356933594,1.2409687,15.718794,0.4539318433932863,,,,,,,,,,,,False,False
5256763310022946176,,,NGC3114,149.89581298828125,-59.80786895751953,1.0843801000000002,15.021325,0.4318000483397324,,,,,,,,,,,,False,False
5256697648559817472,,,NGC3114,151.08392333984375,-60.05675506591797,0.82771206,14.057207,0.2923149154412816,,,,,,,,,,,,False,False
5256697717279297152,,,NGC3114,151.07589721679688,-60.0444564819336,0.6529684,13.198251,0.0756727464618055,,,,,,,,,,,,False,False
5256697785969478784,,,NGC3114,151.0208740234375,-60.0559196472168,1.7245979,17.476528,0.4799559624888726,,,,,,,,,,,,False,False
5256763614933390080,,,NGC3114,149.99044799804688,-59.76942443847656,1.0750923,15.074652,0.4258615306471052,,,,,,,,,,,,False,False
5256763756699564672,,,NGC3114,149.9263916015625,-59.77083587646485,0.7079611,13.374235,0.1499617428095319,,,,,,,,,,,,False,False
5256697953482027264,,,NGC3114,151.00941467285156,-60.029273986816406,1.217576,15.438764,0.4587154246003581,,,,,,,,,,,,False,False
5256763791059289856,,,NGC3114,149.87193298339844,-59.77545547485352,0.8032322,13.9081,0.2657386656118495,,,,,,,,,,,,False,False
5256698090909538560,,,NGC3114,150.90548706054688,-60.0805778503418,1.1480073999999998,15.420629000000002,0.4388526421247129,,,,,,,,,,,,False,False
5256625871070992384,,,NGC3114,149.3190460205078,-60.52389144897461,0.1413392999999999,11.471287,0.0702745903479889,267.76157,167.01619,0.62374966654102,,,,,,,,,True,False
5256698198315612544,,,NGC3114,150.96449279785156,-60.05281829833984,1.3894176,7.173117599999999,0.6045801843709031,7.5007315,0.5578846,0.07437735906157952,,,,,,,,,True,False
5256698301394933888,,,NGC3114,150.8817596435547,-60.07653045654297,0.14443398,11.45662,0.077145468199098,,,,,,,,,,,,False,False
5256764336486851968,,,NGC3114,149.73133850097656,-59.76763534545898,1.9355431,17.174871,0.5089270036970154,,,,,,,,,,,,False,False
5256698400146818048,,,NGC3114,150.8757781982422,-60.04674911499024,0.08774662,11.227724,0.0407408379162245,,,,,,,,,,,,False,False
5256698262707864448,,,NGC3114,150.9383544921875,-60.0462646484375,0.18985176,11.842719,0.0403944934795956,,,,,,,,,,,,False,False
5256698507553357824,,,NGC3114,150.86959838867188,-60.03347396850586,0.9376812,14.54234,0.3748846904611368,,,,,,,,,,,,False,False
5256698576245785088,,,NGC3114,150.96664428710938,-60.0446891784668,2.5674438,17.815228,0.5410959107600449,,,,,,,,,,,,False,False
5256698610632618752,,,NGC3114,150.99163818359375,-60.0346565246582,0.97563076,14.751715,0.3912147338002789,,,,,,,,,,,,False,False
5256698644992341632,,,NGC3114,150.9463653564453,-60.03881454467773,0.65502167,13.1805525,0.0881936206856369,,,,,,,,,,,,False,False
5256698915543404928,,,NGC3114,150.89508056640625,-60.00727081298828,0.50900173,12.678985,0.078000130421334,,,,,,,,,,,,False,False
5256698919870230016,,,NGC3114,150.896728515625,-60.01659393310547,0.8205538,14.18355,0.2854063646299342,,,,,,,,,,,,False,False
5256765096715823744,,,NGC3114,150.18455505371094,-59.8597297668457,2.3398552,18.288652,0.509023239248074,,,,,,,,,,,,False,False
5256765165453383808,,,NGC3114,150.16705322265625,-59.84465789794922,0.014375687,10.558255,0.0232637830674086,,,,,,,,,,,,False,False
5256765199809282816,,,NGC3114,150.15960693359375,-59.82762145996094,1.4930219999999998,15.593998999999998,0.5245451020500614,,,,,,,,,,,,False,False
5256699057309190784,,,NGC3114,150.91909790039062,-59.99086380004883,1.4004517,16.07966,0.4750787325634709,,,,,,,,,,,,False,False
5256765332918175360,,,NGC3114,150.19766235351562,-59.805931091308594,1.4719715,16.253320000000002,0.4814578141649803,,,,,,,,,,,,False,False
5256627211100877184,,,NGC3114,149.5641632080078,-60.4481201171875,0.1392765,10.847206,0.150062651908392,,,,,,,,,,,,False,False
5256699194748069888,,,NGC3114,150.7189483642578,-60.12367248535156,0.4977293,12.577886,0.1311775889368182,,,,,,,,,,,,False,False
5256699229080155264,,,NGC3114,150.73731994628906,-60.11714553833008,1.3866558,15.658031,0.4925219890352648,,,,,,,,,,,,False,False
5256699259140587904,,,NGC3114,150.75437927246094,-60.10914993286133,1.6490726000000002,16.609674,0.4953022953966217,,,,,,,,,,,,False,False
5256699297827303296,,,NGC3114,150.77163696289062,-60.09713363647461,0.64851665,13.151569,0.0849996363418181,,,,,,,,,,,,False,False
5256765509046822144,,,NGC3114,150.14967346191406,-59.80718994140625,0.7673998000000001,13.651389000000002,0.2253949950832524,,,,,,,,,,,,False,False
5256699332159380608,,,NGC3114,150.74154663085938,-60.10092163085938,1.325325,15.349052,0.4970950117426615,,,,,,,,,,,,False,False
5256699362222138112,,,NGC3114,150.73486328125,-60.088645935058594,2.293684,17.862022,0.5178359064432968,,,,,,,,,,,,False,False
5256699366546897408,,,NGC3114,150.75392150878906,-60.10250473022461,1.0175790999999998,14.946009,0.4061326918519466,,,,,,,,,,,,False,False
5256699430941485440,,,NGC3114,150.69789123535156,-60.10505676269531,2.1172237000000003,17.69669,0.5087595717144539,,,,,,,,,,,,False,False
5256699435266234240,,,NGC3114,150.708251953125,-60.10439300537109,1.8041058,16.997015,0.500813169880297,,,,,,,,,,,,False,False
5256699469625961472,,,NGC3114,150.6591033935547,-60.09664535522461,1.6099224,16.656382,0.4882330392543214,,,,,,,,,,,,False,False
5256699572705189376,,,NGC3114,150.71644592285156,-60.07648468017578,0.37011147,12.344194,0.0648121923533152,,,,,,,,,,,,False,False
5256699637099130880,,,NGC3114,150.68983459472656,-60.06743240356445,2.1093597,17.584463,0.5115846165809541,,,,,,,,,,,,False,False
5256699641424382976,,,NGC3114,150.6943817138672,-60.06002807617188,1.209815,15.619914,0.4494585100435948,,,,,,,,,,,,False,False
5256699675756934912,,,NGC3114,150.79278564453125,-60.09059524536133,1.325325,15.907570000000002,0.4663738693509431,,,,,,,,,,,,False,False
5256699675784541184,,,NGC3114,150.78402709960938,-60.08564376831055,1.0965014,15.198102,0.4294652734527431,,,,,,,,,,,,False,False
5256765887003986560,,,NGC3114,150.24322509765625,-59.75994873046875,0.88307667,14.244766,0.3426428695977218,,,,,,,,,,,,False,False
5256699740176966272,,,NGC3114,150.76797485351562,-60.08542251586914,1.1997204,15.476393,0.4519251675939943,,,,,,,,,,,,False,False
5256699744503894144,,,NGC3114,150.7488250732422,-60.07991790771485,-0.020849228,10.232674,0.0094021516031271,,,,,,,,,,,,False,True
5256699778863642112,,,NGC3114,150.77847290039062,-60.06916427612305,0.06650448,11.238389,0.0122147992401152,,,,,,,,,,,,False,False
5256766054471637120,,,NGC3114,150.19818115234375,-59.75768280029297,0.20598984,11.882141,0.0500851819116799,,,,,,,,,,,,False,False
5256628070094029056,,,NGC3114,149.39752197265625,-60.42196655273438,2.327526,18.494396,0.5034429586894585,,,,,,,,,,,,False,False
5256766058802669568,,,NGC3114,150.21009826660156,-59.76459121704102,0.7736702,13.668492,0.2346574189037154,,,,,,,,,,,,False,False
5256766088833577088,,,NGC3114,150.20681762695312,-59.73735427856445,2.0844784,17.074295000000003,0.5291441421914028,,,,,,,,,,,,False,False
5256628138797263616,,,NGC3114,149.38031005859375,-60.40263366699219,2.253191,18.716385,0.4947643340934923,,,,,,,,,,,,False,False
5256699985022060288,,,NGC3114,150.74478149414062,-60.05629348754883,0.9363365,14.58461,0.372933489572178,,,,,,,,,,,,False,False
5256699985022063872,,,NGC3114,150.75216674804688,-60.05442810058594,1.4328175,15.571239000000002,0.510532775515219,,,,,,,,,,,,False,False
5256766333680545536,,,NGC3114,150.11778259277344,-59.78154373168945,0.7960986999999999,13.881115,0.2569118918246426,,,,,,,,,,,,False,False
5256700122461020160,,,NGC3114,150.76251220703125,-60.03804397583008,0.65053463,12.478042,0.4824253456460963,,,,,,,,,,,,False,False
5256700156828650112,,,NGC3114,150.74014282226562,-60.0369987487793,0.103673935,10.481025,0.1338302799169232,,,,,,,,,,,,False,True
5256700191180221696,,,NGC3114,150.7387237548828,-60.0163688659668,1.7125740000000005,16.796188,0.4968671260134641,,,,,,,,,,,,False,False
5256700289932778752,,,NGC3114,150.61367797851562,-60.0834846496582,1.3535881,16.007011,0.4686222926785103,,,,,,,,,,,,False,False
5256700328619139328,,,NGC3114,150.62948608398438,-60.05855941772461,1.1602964,15.369271,0.4443889555202168,,,,,,,,,,,,False,False
5256700362987064448,,,NGC3114,150.6695098876953,-60.07037353515625,0.21379757,12.051749,-0.0185232700559074,,,,,,,,,,,,False,False
5256766707306664448,,,NGC3114,150.05494689941406,-59.73562240600586,0.42634106,12.265177,0.214554712474107,,,,,,,,,,,,False,False
5256700500386414208,,,NGC3114,150.59190368652344,-60.05796813964844,2.2223358,18.130383,0.5049819140687745,,,,,,,,,,,,False,False
5256700564812960256,,,NGC3114,150.5798797607422,-60.05644226074219,2.1406364,17.743624,0.5092905945417122,,,,,,,,,,,,False,False
5256700603465638400,,,NGC3114,150.57171630859375,-60.04134750366211,0.62999725,13.077614,0.0760796635494894,,,,,,,,,,,,False,False
5256700637856787200,,,NGC3114,150.6262969970703,-60.04642105102539,0.09296036,11.182789,0.0534956537499808,,,,,,,,,,,,False,False
5256700672216528384,,,NGC3114,150.63638305664062,-60.0422248840332,0.66281796,13.156432,0.1184181732043146,,,,,,,,,,,,False,False
5256700702251054720,,,NGC3114,150.60678100585938,-60.03246307373047,1.8342266,17.007069,0.5038978132055039,,,,,,,,,,,,False,False
5256700770971404544,,,NGC3114,150.6857452392578,-60.04388046264648,2.3761559,17.484289999999998,0.5393268638458789,,,,,,,,,,,,False,False
5256700809655495552,,,NGC3114,150.69920349121094,-60.03947830200195,1.7999973000000002,16.97554,0.5010900227459167,,,,,,,,,,,,False,False
5256700809655496960,,,NGC3114,150.70584106445312,-60.0399284362793,0.47599792,12.530508,0.1242634637232541,,,,,,,,,,,,False,False
5256700912703513472,,,NGC3114,150.70074462890625,-60.01383590698242,0.1339283,11.673833,0.0149871484830946,,,,,,,,,,,,False,False
5256767291423397376,,,NGC3114,150.26129150390625,-59.7652587890625,0.87136173,14.240846,0.3322854206107914,,,,,,,,,,,,False,False
5256700947094464000,,,NGC3114,150.71060180664062,-60.00527572631836,1.1442603999999998,15.393717,0.4385991705936801,,,,,,,,,,,,False,False
5256701050173655936,,,NGC3114,150.6264190673828,-60.0209846496582,0.07405281,11.251265,0.0198973089855745,16.464907,67.15713,4.078804089206213,,,,,,,,,True,False
5256701084533402880,,,NGC3114,150.6582794189453,-60.01470184326172,1.1907425,15.508375,0.4481834507333861,,,,,,,,,,,,False,False
5256701187612623744,,,NGC3114,150.6686248779297,-60.00472259521485,0.11580181,10.880018,0.1175805717368937,65.51289,107.513794,1.6411090092346714,,,,,,,,,True,False
5256629650641950592,,,NGC3114,149.23065185546875,-60.44052505493164,0.9003706,14.3654995,0.3533703821299132,,,,,,,,,,,,False,False
5256701286364832000,,,NGC3114,150.6494598388672,-59.97029876708984,0.24494934,11.845757,0.1228913440020996,,,,,,,,,,,,False,False
5256701290691844224,,,NGC3114,150.6490020751953,-59.97582244873047,1.3146725,15.870005,0.4654589610183458,,,,,,,,,,,,False,False
5256701325024486784,,,NGC3114,150.8311004638672,-60.04482269287109,2.801323,18.540794,0.5309317432389273,,,,,,,,,,,,False,False
5256701325051886336,,,NGC3114,150.82398986816406,-60.04692077636719,1.258254,15.774501,0.4561614484441009,,,,,,,,,,,,False,False
5256701359411627392,,,NGC3114,150.83477783203125,-60.02360534667969,0.7591715,13.734663,0.2062431209491189,,,,,,,,,,,,False,False
5256701389445826560,,,NGC3114,150.8134002685547,-60.03011322021485,1.6609744999999998,16.732119,0.4924746960800981,,,,,,,,,,,,False,False
5256767742429884032,,,NGC3114,150.25347900390625,-59.70726013183594,0.056664467,10.533994,0.0752460901788467,,,,,,,,,,,,False,False
5256701565569788032,,,NGC3114,150.84226989746094,-59.9995002746582,2.1645565,17.169584,0.5332564802776668,,,,,,,,,,,,False,False
5256701565570060288,,,NGC3114,150.84242248535156,-60.00285339355469,0.8978634,14.403607999999998,0.35055978451434,,,,,,,,,,,,False,False
5256701599929501440,,,NGC3114,150.78155517578125,-60.02475357055664,1.7398148,16.855928,0.498137985001379,,,,,,,,,,,,False,False
5256701599929566208,,,NGC3114,150.7816619873047,-60.02836227416992,0.8841200000000001,14.393271,0.3403595203485075,,,,,,,,,,,,False,False
5256563679906603136,,,NGC3114,149.596435546875,-60.9015998840332,1.6841526000000002,17.16528,0.4827243725115865,,,,,,,,,,,,False,False
5256563709975709312,,,NGC3114,149.59756469726562,-60.90140151977539,1.564827,16.412506,0.4904985926733899,,,,,,,,,,,,False,False
5256768012980196224,,,NGC3114,150.35415649414062,-59.6800537109375,1.8206005,17.02882,0.5015849797974911,,,,,,,,,,,,False,False
5256701767401731712,,,NGC3114,150.80242919921875,-59.98701858520508,1.1626911,15.468143,0.4416162555606462,,,,,,,,,,,,False,False
5256701806087948288,,,NGC3114,150.77366638183594,-59.98344421386719,0.87178326,14.163309,0.3351439627697449,,,,,,,,,,,,False,False
5256701840447694336,,,NGC3114,150.79530334472656,-59.97371673583984,1.2357464,15.638468,0.455439495985267,,,,,,,,,,,,False,False
5256701874780441344,,,NGC3114,150.87669372558594,-59.99142837524414,2.13904,18.292261,0.4957111946967664,,,,,,,,,,,,False,False
5256701904840711808,,,NGC3114,150.88478088378906,-59.97753524780274,1.2247505,15.304474,0.4680223407405283,,,,,,,,,,,,False,False
5256701904841953280,,,NGC3114,150.8887481689453,-59.98752975463867,2.0434494,17.568699,0.5062937943189308,,,,,,,,,,,,False,False
5256701909141217408,,,NGC3114,150.8976593017578,-59.98571014404297,2.388176,18.336115,0.5109809910792157,,,,,,,,,,,,False,False
5256768223466234240,,,NGC3114,150.26165771484375,-59.66831588745117,0.8465004,14.116446,0.3112521073775561,,,,,,,,,,,,False,False
5256564019211260288,,,NGC3114,149.53079223632812,-60.91278839111328,1.9127312,17.119356,0.5085175008619893,,,,,,,,,,,,False,False
5256768223470132096,,,NGC3114,150.2574005126953,-59.66754150390625,0.090480804,11.043037,0.0677739787405316,,,,,,,,,,,,False,False
5256768395264943872,,,NGC3114,150.17161560058594,-59.71210479736328,1.0292082,14.413432,0.4477312562842901,,,,,,,,,,,,False,False
5256768429624638464,,,NGC3114,150.18484497070312,-59.69597244262695,1.2210778999999998,15.575632999999998,0.4539648762557954,,,,,,,,,,,,False,False
5256768429624696192,,,NGC3114,150.19419860839844,-59.70370483398438,1.6126633,16.52104,0.4934964931005847,,,,,,,,,,,,False,False
5256702248437503616,,,NGC3114,150.8077850341797,-59.95299530029297,0.12777328,11.522437,0.0417965230129808,,,,,,,,,,,,False,False
5256702287124314240,,,NGC3114,150.83779907226562,-59.94822311401367,1.2896714,6.901714,0.5038093825491176,16.579176,0.43821847,0.026431860666657984,,,,,,,,,True,False
5256702321484059136,,,NGC3114,150.84524536132812,-59.93606567382813,1.1832561,15.466074,0.4476013331131405,,,,,,,,,,,,False,False
5256702493282694656,,,NGC3114,150.705078125,-59.9903678894043,0.9321499,14.576251,0.3705106155665031,,,,,,,,,,,,False,False
5256702493282696064,,,NGC3114,150.71023559570312,-59.98937225341797,1.0618028999999998,15.118514,0.4192719857996734,,,,,,,,,,,,False,False
5256702493282696448,,,NGC3114,150.7161102294922,-59.99171447753906,1.7026633999999998,16.641354,0.5014737824550352,,,,,,,,,,,,False,False
5256702527642442240,,,NGC3114,150.7089385986328,-59.96991729736328,0.6981363,13.384853,0.1252824110898446,,,,,,,,,,,,False,False
5256702592035504384,,,NGC3114,150.76004028320312,-59.96657943725586,1.1806678999999998,15.088882,0.4663612382079816,,,,,,,,,,,,False,False
5256769116819321856,,,NGC3114,150.26336669921875,-59.63493728637695,0.6916714,13.327447,0.1248542781856546,,,,,,,,,,,,False,False
5256631536097639552,,,NGC3114,149.39805603027344,-60.37111282348633,1.5621395,16.466923,0.488022619273428,,,,,,,,,,,,False,False
5256702630721666048,,,NGC3114,150.7310333251953,-59.96582412719727,0.22734928,11.249063,0.2153902850552634,12.130411,37.020416,3.0518682343079715,,,,,,,,,True,False
5256702660755018496,,,NGC3114,150.75103759765625,-59.95035552978516,1.5470848,16.452692000000003,0.4862576164895139,,,,,,,,,,,,False,False
5256769288617982848,,,NGC3114,150.14260864257812,-59.63028335571289,0.97787285,14.742002,0.3926700338956551,,,,,,,,,,,,False,False
5256702699441127040,,,NGC3114,150.68585205078125,-59.9738883972168,0.55059147,12.81817,0.0582326109787494,,,,,,,,,,,,False,False
5256702768134359296,,,NGC3114,150.66566467285156,-59.96213912963867,2.2610397,18.512802,0.4990101713140682,,,,,,,,,,,,False,False
5256769524805211520,,,NGC3114,150.00741577148438,-59.7518196105957,0.2081728,11.9335785,0.0328213752685625,,,,,,,,,,,,False,False
5256769529119743232,,,NGC3114,150.011474609375,-59.753868103027344,1.6053677,16.656315,0.4876148646264321,,,,,,,,,,,,False,False
5256702939959315584,,,NGC3114,150.6839599609375,-59.92793273925781,0.79268074,13.833696,0.2536978080148985,,,,,,,,,,,,False,False
5256702939959319168,,,NGC3114,150.69058227539062,-59.91928863525391,0.30741405,11.945908,0.1827789473422168,25.410452,150.26605,5.913552816770045,,,,,,,,,True,False
5256769696605187840,,,NGC3114,150.00131225585938,-59.72394943237305,1.4693661,16.222721,0.482165917438158,,,,,,,,,,,,False,False
5256703107433795456,,,NGC3114,150.79937744140625,-59.91778945922852,1.4362278,16.21349,0.4767300950002333,,,,,,,,,,,,False,False
5256703176153269376,,,NGC3114,150.77032470703125,-59.91302871704102,2.114975,17.687901999999998,0.5088358315041266,,,,,,,,,,,,False,False
5256703214837258752,,,NGC3114,150.80108642578125,-59.90701675415039,0.044241905,10.489114,0.0639879474813092,261.9063,131.06117,0.5004124375778666,,,,,,,,,True,True
5256769907093189888,,,NGC3114,149.96600341796875,-59.70943832397461,1.6332626,16.622255,0.4926334146280452,,,,,,,,,,,,False,False
5256703279232480768,,,NGC3114,150.74029541015625,-59.90568542480469,2.2365398,17.811729999999997,0.5149379970114079,,,,,,,,,,,,False,False
5256703352276190976,,,NGC3114,150.72640991210938,-59.91294479370117,1.1855898,15.41611,0.4502278913066521,,,,,,,,,,,,False,False
5256703386636272512,,,NGC3114,150.7556610107422,-59.91105651855469,0.56923676,12.796706,0.1162678290638659,,,,,,,,,,,,False,False
5256566115157475456,,,NGC3114,149.6242218017578,-60.84292221069336,1.9539261000000003,17.431288000000002,0.502309009352934,,,,,,,,,,,,False,False
5256770452516272896,,,NGC3114,150.02818298339844,-59.67178344726562,0.20929813,12.008017,-0.0013201223092368,,,,,,,,,,,,False,False
5256703764593776256,,,NGC3114,150.37600708007812,-60.18649673461914,1.3358698,15.814275,0.4723473482045615,,,,,,,,,,,,False,False
5256703764593779584,,,NGC3114,150.39300537109375,-60.187461853027344,1.1810188,15.5170555,0.4451804272981297,,,,,,,,,,,,False,False
5256703902032707584,,,NGC3114,150.29412841796875,-60.18745803833008,0.17908764,11.452592999999998,0.1243552586485507,218.21916,177.6332,0.8140128483676685,,,,,,,,,True,False
5256703970752207488,,,NGC3114,150.34568786621094,-60.16686630249024,0.17036247,11.207749,0.1481527610380241,,,,,,,,,,,,False,False
5256704005111938176,,,NGC3114,150.3234100341797,-60.1727180480957,1.8195724,17.056946,0.5005090674557298,,,,,,,,,,,,False,False
5256704108198470272,,,NGC3114,150.42259216308594,-60.17344665527344,1.5012226,16.282111999999998,0.4853118096036615,,,,,,,,,,,,False,False
5256704172584518144,,,NGC3114,150.4041290283203,-60.15915298461914,2.0167007,17.509853,0.5056985564570542,,,,,,,,,,,,False,False
5256704142550902528,,,NGC3114,150.37852478027344,-60.17732620239258,1.468935,16.255514,0.4808585185038053,,,,,,,,,,,,False,False
5256770834789874304,,,NGC3114,149.9271240234375,-59.66938781738281,2.1082458,17.875206,0.5030498206586015,,,,,,,,,,,,False,False
5256770834806132224,,,NGC3114,149.92550659179688,-59.67083358764648,1.5397816,16.590548000000002,0.4806164341907021,,,,,,,,,,,,False,False
5256704206945067520,,,NGC3114,150.43650817871094,-60.155494689941406,2.4120064,18.435932,0.5100071995283204,,,,,,,,,,,,False,False
5256704211270400512,,,NGC3114,150.43833923339844,-60.16050338745117,0.6284113,13.090881,0.0649409384562953,,,,,,,,,,,,False,False
5256704211270401152,,,NGC3114,150.44174194335938,-60.1602897644043,0.7271861999999999,13.622657,0.1554910154197983,,,,,,,,,,,,False,False
5256704275662311680,,,NGC3114,150.4176788330078,-60.15741729736328,0.8522166999999999,14.152059,0.3162358964512941,,,,,,,,,,,,False,False
5256704279989875712,,,NGC3114,150.41087341308594,-60.14832305908203,0.78120995,13.785776,0.238766442929038,,,,,,,,,,,,False,False
5256704348709336192,,,NGC3114,150.37315368652344,-60.1654052734375,1.0691738000000002,15.0858555,0.4231439433319372,,,,,,,,,,,,False,False
5256704481822986624,,,NGC3114,150.39356994628906,-60.13935852050781,1.9242611,17.178576,0.5076092993578538,,,,,,,,,,,,False,False
5256704554867782528,,,NGC3114,150.36415100097656,-60.12148666381836,0.14420795,10.936298,0.1473095878009599,139.69357,96.91811,0.6937907736197164,,,,,,,,,True,False
5256704623554408064,,,NGC3114,150.2705078125,-60.18037033081055,1.8982563,17.109939999999998,0.5072949344589824,,,,,,,,,,,,False,False
5256704722338690304,,,NGC3114,150.27163696289062,-60.15927505493164,0.4037466,12.43614,0.0597643758712578,,,,,,,,,,,,False,False
5256704726666427264,,,NGC3114,150.24720764160156,-60.1617546081543,2.2827702000000003,17.141073000000002,0.5472587905729523,,,,,,,,,,,,False,False
5256704967184710912,,,NGC3114,150.20103454589844,-60.14542770385742,1.0989075,15.215908,0.4297129000617168,,,,,,,,,,,,False,False
5256704967184733568,,,NGC3114,150.18959045410156,-60.15153503417969,1.1356621,15.249670000000002,0.4411333389468506,,,,,,,,,,,,False,False
5256705035904086272,,,NGC3114,150.24130249023438,-60.13171005249024,1.6885128,17.211810999999997,0.4820860993764344,,,,,,,,,,,,False,False
5256771998705745792,,,NGC3114,150.0482635498047,-59.62302017211914,1.9268284,17.133915,0.5094978449038481,,,,,,,,,,,,False,False
5256705310782026240,,,NGC3114,150.3481903076172,-60.11297607421875,1.4751186,16.294304,0.4804908625266609,,,,,,,,,,,,False,False
5256772003041293696,,,NGC3114,150.06455993652344,-59.63240814208984,1.4234085,16.094904,0.4788264622851739,,,,,,,,,,,,False,False
5256705242062534016,,,NGC3114,150.29550170898438,-60.11959838867188,0.69791603,13.382468,0.1253168187202584,,,,,,,,,,,,False,False
5256772140476392832,,,NGC3114,150.07928466796875,-59.60900497436523,1.4596825,16.257174,0.479221632237907,,,,,,,,,,,,False,False
5256705551300180096,,,NGC3114,150.25140380859375,-60.09217834472656,0.9922266,14.843649,0.3971716719583589,,,,,,,,,,,,False,False
5256705654379281920,,,NGC3114,150.25927734375,-60.07691955566406,1.229106,15.275847,0.4712242545293308,,,,,,,,,,,,False,False
5256705723098903168,,,NGC3114,150.46896362304688,-60.14525985717773,1.2898045,15.9492,0.4575982009494676,,,,,,,,,,,,False,False
5256705757458650624,,,NGC3114,150.4741973876953,-60.1318588256836,1.520958,16.372871,0.4850991910275921,,,,,,,,,,,,False,False
5256705894897617920,,,NGC3114,150.4932861328125,-60.10878753662109,1.1709948,15.501412,0.4428988758494478,,,,,,,,,,,,False,False
5256705929224834944,,,NGC3114,150.470947265625,-60.10190963745117,2.5546246,18.382574,0.5204124817191259,,,,,,,,,,,,False,False
5256705929257346688,,,NGC3114,150.45846557617188,-60.10983276367188,0.93521404,14.411142000000002,0.3781701977951399,,,,,,,,,,,,False,False
5256705959289265536,,,NGC3114,150.4644012451172,-60.09777069091797,0.35986233,12.175659,0.1560793546321905,,,,,,,,,,,,False,False
5256772518433617792,,,NGC3114,150.08460998535156,-59.59673309326172,1.5008602,16.808512,0.469790836114633,,,,,,,,,,,,False,False
5256705997976814080,,,NGC3114,150.4239501953125,-60.11292266845703,0.054360867,7.757387,0.026401422639686,154.00078,20.809587,0.1351265039047205,,,,,,,,,True,False
5256706032343836288,,,NGC3114,150.43695068359375,-60.10186767578125,0.03063488,10.449931,0.0510894399049879,,,,,,,,,,,,False,True
5256772655872232576,,,NGC3114,150.10643005371094,-59.57430267333984,0.7665900999999999,13.720067000000002,0.2188768569907223,,,,,,,,,,,,False,False
5256706101056032896,,,NGC3114,150.3968963623047,-60.09013748168945,1.2142935,15.606601,0.4510654930225254,,,,,,,,,,,,False,False
5256706135415782784,,,NGC3114,150.43092346191406,-60.08236312866211,0.0305786129999999,10.45212,0.0508605216162882,,,,,,,,,,,,False,True
5256706169775522560,,,NGC3114,150.4462127685547,-60.08782577514648,0.7920189000000001,13.80371,0.2541282483701023,,,,,,,,,,,,False,False
5256772793295170304,,,NGC3114,149.99473571777344,-59.6191520690918,2.3157825,18.402847,0.5047429747428128,,,,,,,,,,,,False,False
5256706272854747264,,,NGC3114,150.50897216796875,-60.09638977050781,0.09404373,11.443704,0.0120879603500577,,,,,,,,,,,,False,False
5256635762347582976,,,NGC3114,148.95159912109375,-60.46901321411133,1.5141125,16.365105,0.4842920426199057,,,,,,,,,,,,False,False
5256706444653455872,,,NGC3114,150.52691650390625,-60.05746078491211,0.20847225,11.740048,0.1030050096731879,,,,,,,,,,,,False,False
5256706479013192064,,,NGC3114,150.51608276367188,-60.05757522583008,1.4176645,15.974383,0.4827724529203302,,,,,,,,,,,,False,False
5256706543407422464,,,NGC3114,150.46145629882812,-60.06248474121094,1.5394249,16.558395,0.4815621984148524,,,,,,,,,,,,False,False
5256706582092400256,,,NGC3114,150.4835662841797,-60.05885314941406,0.7156677,13.390453,0.1633396915323064,,,,,,,,,,,,False,False
5256706582092401408,,,NGC3114,150.47682189941406,-60.05219268798828,0.76124954,13.690307999999998,0.2116947369953352,,,,,,,,,,,,False,False
5256706616452127104,,,NGC3114,150.4377899169922,-60.06514358520508,1.3127928,15.845282999999998,0.4659647621827679,,,,,,,,,,,,False,False
5256706616452166912,,,NGC3114,150.4312744140625,-60.04830551147461,1.1763945,15.495710999999998,0.4446032022560048,,,,,,,,,,,,False,False
5256706616459405184,,,NGC3114,150.44313049316406,-60.06124496459961,0.02598381,10.008094,0.0683556766615092,272.66873,39.15326,0.14359277648008997,,,,,,,,,True,True
5256706646485783552,,,NGC3114,150.44920349121094,-60.0401725769043,2.2812405,17.098886,0.5494401720956757,,,,,,,,,,,,False,False
5256706650811906048,,,NGC3114,150.44485473632812,-60.04106903076172,1.3457117,15.779387,0.4761418412247268,,,,,,,,,,,,False,False
5256706685171622016,,,NGC3114,150.49496459960938,-60.04638290405274,1.1149454,15.072942,0.4416216000894512,,,,,,,,,,,,False,False
5256706719531365888,,,NGC3114,150.49583435058594,-60.03069686889648,0.47012043,12.595509,0.0649280342896979,,,,,,,,,,,,False,False
5256773407459330176,,,NGC3114,150.0268096923828,-59.56378173828125,2.3024826000000003,18.312424,0.5059895181191403,,,,,,,,,,,,False,False
5256773480505953024,,,NGC3114,150.06446838378906,-59.5514144897461,0.02776432,9.430694,0.0703074769276298,,,,,,,,,,,,False,True
5256706925689749760,,,NGC3114,150.34765625,-60.06857681274414,0.700469,13.367374,0.1346401666821023,,,,,,,,,,,,False,False
5256706925689751168,,,NGC3114,150.34217834472656,-60.06309127807617,1.7112923,16.829401,0.4955394083275967,,,,,,,,,,,,False,False
5256706990083152896,,,NGC3114,150.40057373046875,-60.0536003112793,1.7110348000000002,16.813578,0.4960577023295433,,,,,,,,,,,,False,False
5256706994409244160,,,NGC3114,150.38803100585938,-60.05110168457031,0.3009795999999999,12.242058,0.0143203678184517,,,,,,,,,,,,False,False
5256707063096200576,,,NGC3114,150.38156127929688,-60.0498046875,2.221447,18.229404,0.5025561745130626,,,,,,,,,,,,False,False
5256707131848181760,,,NGC3114,150.3390655517578,-60.06056213378906,1.1351166,15.022341,0.4526258576907877,,,,,,,,,,,,False,False
5256773892823544960,,,NGC3114,149.61326599121094,-59.85387802124024,1.2371063,15.514595000000002,0.4608324744741198,,,,,,,,,,,,False,False
5256707234927276288,,,NGC3114,150.34376525878906,-60.04770660400391,0.86815166,14.179664,0.3310213509167414,,,,,,,,,,,,False,False
5256707269287024256,,,NGC3114,150.34950256347656,-60.02669906616211,1.1052942,15.200778,0.4324872555943416,,,,,,,,,,,,False,False
5256774025931878528,,,NGC3114,149.63494873046875,-59.8309440612793,0.62586117,12.95573,0.1389390554468658,,,,,,,,,,,,False,False
5256707338006497792,,,NGC3114,150.3197479248047,-60.017051696777344,1.324441,15.232116,0.507016033027692,,,,,,,,,,,,False,False
5256707406726116352,,,NGC3114,150.4120635986328,-60.03108978271485,1.0042858,14.804423000000002,0.4042914493028601,,,,,,,,,,,,False,False
5256707406726116864,,,NGC3114,150.42384338378906,-60.03608322143555,1.0156145,14.866935,0.4076488569641254,,,,,,,,,,,,False,False
5256569722927904640,,,NGC3114,149.45018005371094,-60.77376174926758,2.0759087,17.61846,0.5076153262251238,,,,,,,,,,,,False,False
5256707505480092416,,,NGC3114,150.43252563476562,-60.01847457885742,1.9699802,17.458804999999998,0.5029766822760963,,,,,,,,,,,,False,False
5256707509805338240,,,NGC3114,150.4244842529297,-60.01918411254883,1.888464,17.13595,0.505314372155098,,,,,,,,,,,,False,False
5256569795973396992,,,NGC3114,149.50601196289062,-60.75576400756836,1.5018635,16.269545,0.4859126842896319,,,,,,,,,,,,False,False
5256707642916903936,,,NGC3114,150.3563690185547,-60.02157592773438,1.2601604,15.701902,0.4591589310984982,,,,,,,,,,,,False,False
5256774270784577024,,,NGC3114,149.5653533935547,-59.80689239501953,2.1018925,17.711704,0.507041348855337,,,,,,,,,,,,False,False
5256707711638511104,,,NGC3114,150.33900451660156,-60.00543212890625,1.6737041,16.700332999999997,0.4952822899206996,,,,,,,,,,,,False,False
5256707745996176256,,,NGC3114,150.3526153564453,-59.99466323852539,1.5955572,15.84456,0.5283274831472426,,,,,,,,,,,,False,False
5256707750323374592,,,NGC3114,150.34547424316406,-59.9863510131836,0.17799377,10.74627,0.2062913177802372,,,,,,,,,,,,False,False
5256707784649688960,,,NGC3114,150.3870391845703,-60.00257110595703,2.142088,17.9694,0.5032073773012735,,,,,,,,,,,,False,False
5256707853369182336,,,NGC3114,150.369140625,-59.98125457763672,1.8999557,17.223457,0.5035501989941901,,,,,,,,,,,,False,False
5256707853402591744,,,NGC3114,150.3625946044922,-59.99323654174805,0.81732655,14.075897,0.2808472989038375,,,,,,,,,,,,False,False
5256707887762343040,,,NGC3114,150.38465881347656,-59.97670364379883,0.11074257,11.576328,0.0066481488588498,,,,,,,,,,,,False,False
5256707956481833088,,,NGC3114,150.19273376464844,-60.13121795654297,1.2948809,15.888688,0.4605466814177101,,,,,,,,,,,,False,False
5256708059560942976,,,NGC3114,150.20045471191406,-60.1059684753418,1.2970438,15.718326,0.467411358277747,,,,,,,,,,,,False,False
5256708196999880576,,,NGC3114,150.1217803955078,-60.11606216430664,1.1896276,15.513459,0.4476923914308667,,,,,,,,,,,,False,False
5256708265719356800,,,NGC3114,150.10101318359375,-60.10654830932617,0.82967186,14.028981,0.2950817249412862,,,,,,,,,,,,False,False
5256708368798592640,,,NGC3114,150.16366577148438,-60.07177352905274,0.78070545,13.161994,0.4095627686195889,,,,,,,,,,,,False,False
5256708609283168512,,,NGC3114,150.24600219726562,-60.07514190673828,1.6108246000000002,16.552585999999998,0.4920300757289501,,,,,,,,,,,,False,False
5256638103137170816,,,NGC3114,148.7177276611328,-60.46602630615234,2.0012417,17.253033,0.5128556448133735,,,,,,,,,,,,False,False
5256708746763096320,,,NGC3114,150.19180297851562,-60.07308578491211,-0.0111980439999999,9.941015,0.0330359868262207,,,,,,,,,,,,False,True
5256709120387751808,,,NGC3114,150.06971740722656,-60.0740966796875,2.2382774,17.798052,0.5155089411686787,,,,,,,,,,,,False,False
5256709159072564352,,,NGC3114,150.10935974121094,-60.07504272460938,0.87851906,14.225571,0.3391869202769959,,,,,,,,,,,,False,False
5256709159072568320,,,NGC3114,150.11636352539062,-60.06414794921875,0.9551344,14.533786,0.3865409756363461,,,,,,,,,,,,False,False
5256709189105050368,,,NGC3114,150.13424682617188,-60.05798721313477,1.4931879,15.651912,0.5196940843627745,,,,,,,,,,,,False,False
5256709429625397504,,,NGC3114,150.07305908203125,-60.0447998046875,1.9208412,17.173037,0.5074462132509079,,,,,,,,,,,,False,False
5256709738860962816,,,NGC3114,150.1664581298828,-60.01282119750977,0.95478344,14.640799,0.3826378096926559,,,,,,,,,,,,False,False
5256709743188155264,,,NGC3114,150.17161560058594,-60.00621032714844,0.71046925,13.453176,0.1391967087905023,,,,,,,,,,,,False,False
5256709807582526464,,,NGC3114,150.13967895507812,-60.00273513793945,1.4890232,16.288853,0.4830111906611488,,,,,,,,,,,,False,False
5256709949346493824,,,NGC3114,150.08790588378906,-59.9979133605957,0.07146835,8.647306,0.0790511496345209,280.8684,13.477145,0.04798384225494929,,,,,,,,,True,True
5256776607242836096,,,NGC3114,149.69754028320312,-59.6877326965332,1.195344,15.504657,0.4496038234418836,,,,,,,,,,,,False,False
5256776641602582400,,,NGC3114,149.76417541503906,-59.71104431152344,1.6115732,6.509695,0.5440094375428831,,,,,,,,,,,,False,False
5256776813382936576,,,NGC3114,149.8047332763672,-59.67827987670898,2.2709808,18.509426,0.4996818608487683,,,,,,,,,,,,False,False
5256776950840236288,,,NGC3114,149.73214721679688,-59.6739273071289,1.0997715,15.215805,0.43001848049523,,,,,,,,,,,,False,False
5256710258584250496,,,NGC3114,150.2905731201172,-60.02526092529297,0.72518826,13.423131,0.1768129825394533,,,,,,,,,,,,False,False
5256710258584255360,,,NGC3114,150.30471801757812,-60.01824951171875,0.76530933,13.61883,0.2251670897149633,,,,,,,,,,,,False,False
5256777053919457920,,,NGC3114,149.73159790039062,-59.66138458251953,0.90360355,13.714254,0.4445164361341577,,,,,,,,,,,,False,False
5256777225718105856,,,NGC3114,149.6276397705078,-59.6983528137207,0.77505493,13.809691,0.2287859632428983,,,,,,,,,,,,False,False
5256710567821900800,,,NGC3114,150.2581329345703,-59.99081420898438,1.2514381,15.692097,0.4573938526484505,,,,,,,,,,,,False,False
5256710602181631872,,,NGC3114,150.22518920898438,-59.99244689941406,1.034214,14.951264000000002,0.4132742912504772,,,,,,,,,,,,False,False
5256777324469217920,,,NGC3114,149.66433715820312,-59.68960189819336,2.2086449,17.78985,0.5133935682968293,,,,,,,,,,,,False,False
5256710636541380224,,,NGC3114,150.23956298828125,-59.97325134277344,0.09578037,8.600982,0.093164914364606,,,,,,,,,,,,False,True
5256710636541417728,,,NGC3114,150.2357635498047,-59.96979141235352,0.09956646,11.424886,0.0231634207485307,,,,,,,,,,,,False,False
5256710670901125376,,,NGC3114,150.32102966308594,-60.00250625610352,0.7632189,13.684671,0.2153947366622161,,,,,,,,,,,,False,False
5256710739587121536,,,NGC3114,150.29510498046875,-59.98684692382813,1.7435817999999998,16.68196,0.5053485487464972,,,,,,,,,,,,False,False
5256710739620602240,,,NGC3114,150.30126953125,-59.99070358276367,0.5500355,12.818584,0.0566555242597785,,,,,,,,,,,,False,False
5256710804014201856,,,NGC3114,150.34622192382812,-59.9682731628418,1.9254684,17.31908,0.5030307081484227,,,,,,,,,,,,False,False
5256710808340097024,,,NGC3114,150.34219360351562,-59.96966171264648,0.9731016,14.63256,0.3936971817736862,,,,,,,,,,,,False,False
5256710877059573504,,,NGC3114,150.3217315673828,-59.95685195922852,0.12353897,11.453976,0.0495872889653729,,,,,,,,,,,,False,False
5256710907091572864,,,NGC3114,150.31979370117188,-59.95163345336914,0.40748405,12.4664345,0.0442836648373705,,,,,,,,,,,,False,False
5256710911419319040,,,NGC3114,150.3406524658203,-59.95126342773438,0.8798341999999999,14.287879,0.3385971681526857,,,,,,,,,,,,False,False
5256711014498636672,,,NGC3114,150.25669860839844,-59.96229934692383,1.1584301,14.537626,0.5186681686395189,,,,,,,,,,,,False,False
5256711083218128000,,,NGC3114,150.29788208007812,-59.94632339477539,0.18802834,11.882707,0.0222581692708701,,,,,,,,,,,,False,False
5256711220656912000,,,NGC3114,150.18080139160156,-59.99021911621094,0.72428226,13.462110999999998,0.1670162703251774,,,,,,,,,,,,False,False
5256711289376299520,,,NGC3114,150.15345764160156,-59.99187469482422,0.8112383000000001,13.918066,0.2759037923644281,,,,,,,,,,,,False,False
5256711461182393728,,,NGC3114,150.18714904785156,-59.95699691772461,0.023656845,10.707881,0.0206291717033587,,,,,,,,,,,,False,False
5256711491207127424,,,NGC3114,150.12835693359375,-59.9655876159668,-0.007716179,9.156139,0.0353345417136019,,,,,,,,,,,,False,True
5256640954995494272,,,NGC3114,148.6614532470703,-60.35248947143555,0.90974903,14.345873,0.361421827202263,,,,,,,,,,,,False,False
5256711736052910080,,,NGC3114,150.14944458007812,-59.93071365356445,1.1087227,15.222263,0.432916727828237,,,,,,,,,,,,False,False
5256711804738105856,,,NGC3114,150.24412536621094,-59.94559097290039,2.2613316,18.521942000000003,0.4988461421228439,,,,,,,,,,,,False,False
5256711834807260672,,,NGC3114,150.19796752929688,-59.92823791503906,2.40588,18.082102,0.5192906169421597,,,,,,,,,,,,False,False
5256711839132133248,,,NGC3114,150.2046661376953,-59.93346786499024,0.98622894,14.69525,0.3987824086969713,,,,,,,,,,,,False,False
5256711869166999552,,,NGC3114,150.20359802246094,-59.92667007446289,2.2925663,17.713776,0.5227672920058014,,,,,,,,,,,,False,False
5256778531387985920,,,NGC3114,149.4560089111328,-59.71105194091797,0.74489117,13.606960999999998,0.1889336444496376,,,,,,,,,,,,False,False
5256711972246217600,,,NGC3114,150.2331085205078,-59.91371154785156,0.2142601,11.785646,0.0971493361841728,,,,,,,,,,,,False,False
5256711976536810240,,,NGC3114,150.21072387695312,-59.91450119018555,2.277113,18.609438,0.4980855727951498,,,,,,,,,,,,False,False
5256712006605956992,,,NGC3114,150.24072265625,-59.90665054321289,2.196434,17.701345,0.5152124376159064,,,,,,,,,,,,False,False
5256712010930837120,,,NGC3114,150.23699951171875,-59.89641189575195,0.787467,13.771567,0.2490796235024123,,,,,,,,,,,,False,False
5256778703186665088,,,NGC3114,149.424072265625,-59.72302627563477,0.91821575,14.390844,0.3662765330716323,,,,,,,,,,,,False,False
5256712045290655488,,,NGC3114,150.17311096191406,-59.92773056030274,1.0903025,15.112245,0.4303148287109608,,,,,,,,,,,,False,False
5256712320136390912,,,NGC3114,150.5391387939453,-60.03752136230469,2.2526474,18.752424,0.4941167165873649,,,,,,,,,,,,False,False
5256712320136397824,,,NGC3114,150.55239868164062,-60.04264450073242,1.4749508,16.264107,0.4815636691289812,,,,,,,,,,,,False,False
5256712423215636736,,,NGC3114,150.5328826904297,-60.01869583129883,1.7317791,16.761715,0.500594894997535,,,,,,,,,,,,False,False
5256712457608150912,,,NGC3114,150.57046508789062,-60.01421737670898,1.2469845,15.699608,0.4560395864093693,,,,,,,,,,,,False,False
5256712487639544192,,,NGC3114,150.5840606689453,-60.00373840332031,-0.0202350619999999,9.152355,0.0250681236929328,,,,,,,,,,,,False,True
5256712522001085824,,,NGC3114,150.5464630126953,-60.00151062011719,1.785368,16.851979999999998,0.503884403207252,,,,,,,,,,,,False,False
5256712423248399616,,,NGC3114,150.53302001953125,-60.02639389038086,1.2442675,15.640485,0.4575259874042059,,,,,,,,,,,,False,False
5256712595047089024,,,NGC3114,150.50563049316406,-60.02058029174805,0.03731346,10.507614,0.0544836661820963,,,,,,,,,,,,False,False
5256712595047135488,,,NGC3114,150.49501037597656,-60.0201530456543,0.23041725,12.061899,0.0031828592842908,,,,,,,,,,,,False,False
5256712629406835456,,,NGC3114,150.51878356933594,-60.00547409057617,0.83574677,14.007171,0.3028214374818651,,,,,,,,,,,,False,False
5256712663733778816,,,NGC3114,150.48707580566406,-60.00551223754883,1.7266578999999995,16.793158,0.4987616402126654,,,,,,,,,,,,False,False
5256712663766563712,,,NGC3114,150.48565673828125,-60.01842880249024,1.3721533,15.847367000000002,0.4789482388524181,,,,,,,,,,,,False,False
5256712663766564992,,,NGC3114,150.489990234375,-60.01531219482422,0.0697031,11.013802,0.0450712792769293,,,,,,,,,,,,False,False
5256712693797973120,,,NGC3114,150.4954071044922,-59.9942855834961,0.1548624,11.690315,0.0402937658365521,,,,,,,,,,,,False,False
5256712801205411584,,,NGC3114,150.50682067871094,-59.98002624511719,0.56263065,12.7257185,0.1536931989201351,,,,,,,,,,,,False,False
5256712835565155200,,,NGC3114,150.5134735107422,-59.97158050537109,1.8922939,17.209549,0.5032188291289664,,,,,,,,,,,,False,False
5256712835565272832,,,NGC3114,150.51344299316406,-59.98086929321289,1.3427782,15.894931,0.4705568788695624,,,,,,,,,,,,False,False
5256574709416594304,,,NGC3114,149.8736114501953,-60.61079406738281,0.96351147,14.685412,0.3864204035106796,,,,,,,,,,,,False,False
5256712904284763136,,,NGC3114,150.61489868164062,-59.98271560668945,0.7088413,13.406119,0.1445551049523268,,,,,,,,,,,,False,False
5256712938644496384,,,NGC3114,150.57395935058594,-59.9822998046875,1.2728033,15.664317,0.4637503203070102,,,,,,,,,,,,False,False
5256712968677721216,,,NGC3114,150.57530212402344,-59.970252990722656,2.0979557,17.802193,0.5041786537999746,,,,,,,,,,,,False,False
5256713076083457536,,,NGC3114,150.58714294433594,-59.95396041870117,0.85131264,14.126262,0.3159462696411287,,,,,,,,,,,,False,False
5256713213522286720,,,NGC3114,150.5267333984375,-59.95865631103516,0.09164524,11.114625,0.0606024090674486,,,,,,,,,,,,False,False
5256713213522287488,,,NGC3114,150.5296630859375,-59.95872116088867,0.07811737,11.280381,0.0206031596740844,,,,,,,,,,,,False,False
5256713277914169344,,,NGC3114,150.56138610839844,-59.95004653930664,1.1623135,15.43469,0.4426229507448929,,,,,,,,,,,,False,False
5256713380993444736,,,NGC3114,150.56103515625,-59.929481506347656,0.9902582,14.659412,0.4025665566790067,,,,,,,,,,,,False,False
5256713380995534336,,,NGC3114,150.55447387695312,-59.92530059814453,1.9559135,17.478827,0.5010933980041177,,,,,,,,,,,,False,False
5256780283734578432,,,NGC3114,149.32533264160156,-59.62301254272461,0.70571136,13.454618,0.1288213330568474,,,,,,,,,,,,False,False
5256713385321001600,,,NGC3114,150.56277465820312,-59.92070007324219,0.9407501,14.152235999999998,0.4039226566997875,,,,,,,,,,,,False,False
5256713385321104256,,,NGC3114,150.56011962890625,-59.93423461914063,1.8842239,17.210745000000003,0.5023450493109237,,,,,,,,,,,,False,False
5256713454040430336,,,NGC3114,150.46633911132812,-59.9819450378418,-0.14680481,8.276033,-0.0715969626748813,,,,,,,,,,,,False,False
5256713488400158336,,,NGC3114,150.42343139648438,-59.978981018066406,1.7732677,16.888486999999998,0.5010432336157189,,,,,,,,,,,,False,False
5256713518434471296,,,NGC3114,150.44215393066406,-59.96376419067383,1.9320831000000005,16.528109,0.5398524509730691,,,,,,,,,,,,False,False
5256713660198871680,,,NGC3114,150.46646118164062,-59.95356750488281,1.016489,14.889871,0.4073039495289913,,,,,,,,,,,,False,False
5256713694524763136,,,NGC3114,150.4083251953125,-59.96478271484375,2.189249,18.017593,0.5054608449697102,,,,,,,,,,,,False,False
5256780657359794176,,,NGC3114,149.5565643310547,-59.63111114501953,2.2563725,17.948723,0.5123285352791858,,,,,,,,,,,,False,False
5256713862031854848,,,NGC3114,150.4390411376953,-59.92719268798828,1.6835709,16.712432999999997,0.4961483550722423,,,,,,,,,,,,False,False
5256713935076776704,,,NGC3114,150.4160919189453,-59.92942428588867,1.0051451,14.780792000000002,0.4055916359159675,,,,,,,,,,,,False,False
5256643802523484800,,,NGC3114,149.02593994140625,-60.2954330444336,1.9681664,18.136272,0.4870795741088105,,,,,,,,,,,,False,False
5256714106875494784,,,NGC3114,150.52154541015625,-59.93040466308594,1.791605,16.40928,0.5259971253545702,,,,,,,,,,,,False,False
5256714136909774336,,,NGC3114,150.52926635742188,-59.91479873657226,1.7991313999999998,16.88929,0.5041377267604725,,,,,,,,,,,,False,False
5256714141235244160,,,NGC3114,150.5288543701172,-59.90667724609375,0.9857091999999998,14.681917000000002,0.3990153596786673,,,,,,,,,,,,False,False
5256714171267438720,,,NGC3114,150.5103759765625,-59.92131805419922,1.4374313,16.136858,0.4797862879022079,,,,,,,,,,,,False,False
5256714209921053696,,,NGC3114,150.51429748535156,-59.90013885498047,2.3796310000000003,18.619955,0.5038765586950145,,,,,,,,,,,,False,False
5256714308706394368,,,NGC3114,150.4344482421875,-59.91974258422852,1.3771057,16.034922,0.4722464280206664,,,,,,,,,,,,False,False
5256714416079470208,,,NGC3114,150.49546813964844,-59.8963623046875,0.08259487,10.467604,0.1100924983703699,,,,,,,,,,,,False,True
5256714484832624896,,,NGC3114,150.46978759765625,-59.87844848632813,0.79395485,13.812118,0.2565473413313233,,,,,,,,,,,,False,False
5256714514866912768,,,NGC3114,150.6458740234375,-59.95889282226562,2.4239330000000003,18.092035,0.5202701074209787,,,,,,,,,,,,False,False
5256714583584263552,,,NGC3114,150.6045379638672,-59.93649291992188,1.513916,16.35473,0.4846422720518224,,,,,,,,,,,,False,False
5256714587911952512,,,NGC3114,150.62391662597656,-59.93683242797852,1.5832081,16.455048,0.4916640216497468,,,,,,,,,,,,False,False
5256714622271593472,,,NGC3114,150.61972045898438,-59.93059921264648,2.4070358,18.457563,0.5091748742251271,,,,,,,,,,,,False,False
5256714656631432320,,,NGC3114,150.657470703125,-59.92727279663086,1.8612995,17.072657,0.5045886966965281,,,,,,,,,,,,False,False
5256714725350908928,,,NGC3114,150.63734436035156,-59.91522979736328,1.1496706,15.319457,0.4429670640273391,,,,,,,,,,,,False,False
5256714755382266112,,,NGC3114,150.65451049804688,-59.9098014831543,0.25885963,12.0422945,0.0608453023118049,,,,,,,,,,,,False,False
5256714759710562688,,,NGC3114,150.65530395507812,-59.9110221862793,0.31631947,11.998689,0.1752527188967482,,,,,,,,,,,,False,False
5256714725317244160,,,NGC3114,150.63424682617188,-59.90565872192383,2.5767517000000004,18.292057,0.5245363299880998,,,,,,,,,,,,False,False
5256714789743909120,,,NGC3114,150.59552001953125,-59.932655334472656,1.4097977,16.152752,0.4741645582266824,,,,,,,,,,,,False,False
5256714897149504384,,,NGC3114,150.5734405517578,-59.89429473876953,0.85458565,14.191466,0.3177993022643549,,,,,,,,,,,,False,False
5256714931509246976,,,NGC3114,150.61819458007812,-59.908912658691406,1.3362254999999998,15.901014000000002,0.4689273689238541,,,,,,,,,,,,False,False
5256714965868999680,,,NGC3114,150.63278198242188,-59.88546371459961,-0.019536018,8.614198,0.0169555747859494,63.334198,13.510073,0.21331402980740358,,,,,,,,,True,True
5256714995900433536,,,NGC3114,150.5961456298828,-59.88399887084961,0.36846924,12.290843,0.0980231980361799,,,,,,,,,,,,False,False
5256714995901214464,,,NGC3114,150.60093688964844,-59.89982223510742,1.4038143,16.103891,0.4748153610451674,,,,,,,,,,,,False,False
5256715034588474880,,,NGC3114,150.60740661621094,-59.87223052978516,0.94455814,14.498524,0.3809550638646726,,,,,,,,,,,,False,False
5256715068948295424,,,NGC3114,150.693115234375,-59.90921401977539,0.7368201999999999,13.560076,0.1783277186084843,,,,,,,,,,,,False,False
5256715137667698688,,,NGC3114,150.67601013183594,-59.89330291748047,1.8572712,17.122626999999998,0.5024209183829492,,,,,,,,,,,,False,False
5256782242219453440,,,NGC3114,149.48899841308594,-59.55208206176758,2.648077,18.523338,0.5222106172521068,,,,,,,,,,,,False,False
5256715343826128128,,,NGC3114,150.64968872070312,-59.88003158569336,0.9963875,14.673397,0.4054235426969215,,,,,,,,,,,,False,False
5256715378185871360,,,NGC3114,150.64315795898438,-59.86422348022461,0.6111717,12.835039,0.184096882684145,,,,,,,,,,,,False,False
5256715481265095552,,,NGC3114,150.65928649902344,-59.84904861450195,0.97740936,14.690999,0.3940254614976367,,,,,,,,,,,,False,False
5256715614376495104,,,NGC3114,150.53860473632812,-59.90192031860352,1.5113373,16.301523,0.4862431969545905,,,,,,,,,,,,False,False
5256715756142966144,,,NGC3114,150.5657501220703,-59.88288116455078,1.060009,14.337948999999998,0.4825907360660746,,,,,,,,,,,,False,False
5256645524840553856,,,NGC3114,149.0087432861328,-60.25891876220703,0.98450375,14.940758,0.3916577637465726,,,,,,,,,,,,False,False
5256715957975088384,,,NGC3114,150.49070739746094,-59.87047576904297,2.1181927000000003,17.698235,0.5087940062656824,,,,,,,,,,,,False,False
5256715996627484160,,,NGC3114,150.47393798828125,-59.8552360534668,2.2748852000000004,18.549961,0.4991076762984818,,,,,,,,,,,,False,False
5256716512057108096,,,NGC3114,150.5217742919922,-59.81161499023438,0.44899178,12.4590645,0.1253711076554446,,,,,,,,,,,,False,False
5256783371779171328,,,NGC3114,149.87388610839844,-59.59639739990234,2.0724240000000003,17.521126000000002,0.510364233664226,,,,,,,,,,,,False,False
5256578141064027520,,,NGC3114,149.5382537841797,-60.54394912719727,1.865385,17.092499,0.504337902247842,,,,,,,,,,,,False,False
5256716645168990976,,,NGC3114,150.5436553955078,-59.78657150268555,0.36459446,12.268439,0.1061284948670809,,,,,,,,,,,,False,False
5256783440498670080,,,NGC3114,149.86236572265625,-59.57866668701172,2.023161,17.393032,0.5100595335540188,,,,,,,,,,,,False,False
5256646413862775808,,,NGC3114,148.84327697753906,-60.30621337890625,1.5571175,16.416988,0.4891261910882375,,,,,,,,,,,,False,False
5256716718181725184,,,NGC3114,150.3629608154297,-59.95009231567383,2.3468838,17.997753,0.517601577223641,,,,,,,,,,,,False,False
5256716718215690752,,,NGC3114,150.36338806152344,-59.95108795166016,1.0590057,15.048063,0.4204111116768209,,,,,,,,,,,,False,False
5256783887179499008,,,NGC3114,149.7167205810547,-59.597923278808594,2.165001,17.70423,0.5125054835154498,,,,,,,,,,,,False,False
5256784132025869056,,,NGC3114,149.6492462158203,-59.57542037963867,0.7509203000000001,13.69246,0.1941635184996186,,,,,,,,,,,,False,False
5256784540014533760,,,NGC3114,149.75881958007812,-59.52828598022461,2.3456478,17.763482999999997,0.525329249030593,,,,,,,,,,,,False,False
5256784544342772096,,,NGC3114,149.76593017578125,-59.52964782714844,1.2442656,15.687499,0.4558019517432454,,,,,,,,,,,,False,False
5256647719534788864,,,NGC3114,148.7312469482422,-60.26135635375977,2.083704,17.433912,0.5143529595496269,,,,,,,,,,,,False,False
5256785128458446080,,,NGC3114,149.92343139648438,-59.52628326416016,1.7484627,16.910187,0.4972962922562345,,,,,,,,,,,,False,False
5256787258742370304,,,NGC3114,149.67074584960938,-59.53708267211914,2.536232,18.700363,0.511122584659705,,,,,,,,,,,,False,False
5256787602359359232,,,NGC3114,149.59239196777344,-59.48927688598633,2.1691723,17.670095,0.5139460043749786,,,,,,,,,,,,False,False
5257978270367717632,,,NGC3114,152.36123657226562,-59.94618606567383,1.1544676,15.459697,0.4395142328204938,,,,,,,,,,,,False,False
5257978579605514880,,,NGC3114,152.46974182128906,-59.9054069519043,1.461977,16.277721,0.4788796454783691,,,,,,,,,,,,False,False
5258050971249644032,,,NGC3114,151.95181274414062,-59.5727424621582,0.49098587,12.654547,0.0607668058183057,,,,,,,,,,,,False,False
5258051181736057984,,,NGC3114,151.94981384277344,-59.53495788574219,0.5787382,12.192993,0.5173870074090982,,,,,,,,,,,,False,False
5258051250440918784,,,NGC3114,151.90673828125,-59.54884338378906,2.1808453,18.382788,0.4966112438806008,,,,,,,,,,,,False,False
5257981019147193856,,,NGC3114,152.6804656982422,-59.90203857421875,1.2878733,15.688369,0.4664613816576187,,,,,,,,,,,,False,False
5258053724355717632,,,NGC3114,151.80459594726562,-59.56927871704102,0.01288414,10.956082,-0.0196749910007669,,,,,,,,,,,,False,False
5257981946860304896,,,NGC3114,152.90032958984375,-59.84762954711914,1.3897467,15.989394,0.4765027242341783,,,,,,,,,,,,False,False
5258061867605698944,,,NGC3114,152.5282745361328,-59.47127532958984,2.4871368,18.459105,0.514096690228405,,,,,,,,,,,,False,False
5258063276365094016,,,NGC3114,152.39678955078125,-59.4874496459961,1.7338505000000002,16.130695000000003,0.5344899784209085,,,,,,,,,,,,False,False
5258064959992332544,,,NGC3114,152.4647674560547,-59.4339714050293,2.5388737,18.40542,0.5187689921378447,,,,,,,,,,,,False,False
5258065131780809856,,,NGC3114,152.4156951904297,-59.42695236206055,2.2395935,18.890875,0.4911791164489147,,,,,,,,,,,,False,False
5258069976504636928,,,NGC3114,152.7982940673828,-59.29279327392578,2.389244,18.811626,0.500600747125678,,,,,,,,,,,,False,False
5258070801148019072,,,NGC3114,152.7489471435547,-59.27055740356445,1.0270033,14.77729,0.4169543757433776,,,,,,,,,,,,False,False
5258071282176685056,,,NGC3114,152.70681762695312,-59.22167587280274,1.5835361,16.175383,0.5044490246557132,,,,,,,,,,,,False,False
5258076676651607936,,,NGC3114,152.1771240234375,-59.3829345703125,2.2199802,18.384531,0.4990664432415149,,,,,,,,,,,,False,False
5258077668769249280,,,NGC3114,152.08773803710938,-59.3527946472168,2.0779629,17.678247,0.5060172323130396,,,,,,,,,,,,False,False
5258017715326322176,,,NGC3114,153.0504913330078,-59.50277709960938,2.1706867,18.163134,0.5006102568403152,,,,,,,,,,,,False,False
5258078733921165568,,,NGC3114,152.24197387695312,-59.30758666992188,2.1347027,18.29645,0.4953421330259094,,,,,,,,,,,,False,False
5257953767550460032,,,NGC3114,152.87661743164062,-60.34988784790039,2.2220669,17.782347,0.5147068459021756,,,,,,,,,,,,False,False
5258023174218873856,,,NGC3114,152.21893310546875,-59.99623107910156,0.16831398,11.857804,0.0018427211427409,,,,,,,,,,,,False,False
5258023930136646272,,,NGC3114,152.24057006835938,-59.94536209106445,2.034193,17.791296,0.499363449981783,,,,,,,,,,,,False,False
5258024106261402240,,,NGC3114,152.08934020996094,-59.98357009887695,1.2363167,15.553932,0.4589074708882342,,,,,,,,,,,,False,False
5258028332509395456,,,NGC3114,152.0546417236328,-59.83917999267578,0.6867466,13.236895,0.143332250025911,,,,,,,,,,,,False,False
5257958990227794688,,,NGC3114,152.69036865234375,-60.18469619750977,0.81563663,13.897221,0.2825859963012864,,,,,,,,,,,,False,False
5258031321809475712,,,NGC3114,152.07296752929688,-59.7386589050293,0.026795387,10.295212,0.0572638247452743,,,,,,,,,,,,False,True
5258033928830509952,,,NGC3114,152.46177673339844,-59.75495910644531,0.24748802,12.0942335,0.0133231893156419,,,,,,,,,,,,False,False
5257960506350785536,,,NGC3114,152.78504943847656,-60.13553237915039,2.1366673,18.36692,0.4940988330990346,,,,,,,,,,,,False,False
5258037025507355520,,,NGC3114,152.17938232421875,-59.68194961547852,1.6031227,16.670370000000002,0.486848696131765,,,,,,,,,,,,False,False
5258038155067756032,,,NGC3114,152.06724548339844,-59.619422912597656,2.0614395,17.61447,0.506487060417217,,,,,,,,,,,,False,False
5258040873813703040,,,NGC3114,151.75704956054688,-59.82367324829102,0.6307068,13.08021,0.0764405009766516,,,,,,,,,,,,False,False
5258042076404610688,,,NGC3114,151.71197509765625,-59.74429702758789,1.3212729,15.872649,0.4667907445828125,,,,,,,,,,,,False,False
5258042140798481920,,,NGC3114,151.68875122070312,-59.73261642456055,1.5799809,16.47843,0.4902797012648599,,,,,,,,,,,,False,False
5258042518755606784,,,NGC3114,151.71417236328125,-59.72058868408203,2.3162766,18.098515,0.5124379796040643,,,,,,,,,,,,False,False
5258240499572579200,,,NGC3114,151.20375061035156,-59.439453125,1.9853592,17.274652,0.5104708237793418,,,,,,,,,,,,False,False
5258042866678792064,,,NGC3114,151.955322265625,-59.73629760742188,1.4496994,16.225707999999997,0.4786391952001737,,,,,,,,,,,,False,False
5258234147329228800,,,NGC3114,151.4449462890625,-59.64916229248047,0.34938908,12.263628,0.0831162289880749,,,,,,,,,,,,False,False
5258234490926626816,,,NGC3114,151.44366455078125,-59.59869384765625,1.6064053,16.598492,0.4897357310165744,,,,,,,,,,,,False,False
5258243252659828096,,,NGC3114,151.60867309570312,-59.4288215637207,0.97221565,14.66194,0.3920917735444281,,,,,,,,,,,,False,False
5258045374940159104,,,NGC3114,151.62554931640625,-59.70524978637695,0.98696613,14.752857,0.3971440203930019,,,,,,,,,,,,False,False
5258236071474428416,,,NGC3114,151.35000610351562,-59.52862930297852,0.86413956,15.592539000000002,0.3597045715790671,,,,,,,,,,,,False,False
5258244695768656000,,,NGC3114,151.5740203857422,-59.35266494750977,2.1051064,17.634907000000002,0.5096193240212608,,,,,,,,,,,,False,False
5258236243277966592,,,NGC3114,151.5519256591797,-59.57240295410156,2.7826366,18.187353,0.5419853065721846,,,,,,,,,,,,False,False
5258046023447420672,,,NGC3114,151.55453491210938,-59.716796875,1.2348785,15.62302,0.4557894823768701,,,,,,,,,,,,False,False
5258236552510947968,,,NGC3114,151.49989318847656,-59.53184509277344,1.2376881000000002,15.798634,0.4507043787337314,,,,,,,,,,,,False,False
5258245726561034880,,,NGC3114,151.770751953125,-59.31204605102539,1.0885534,15.168838,0.4276046135453694,,,,,,,,,,,,False,False
5258245898359724928,,,NGC3114,151.72991943359375,-59.30446243286133,0.9808521,14.805307,0.3925359358750412,,,,,,,,,,,,False,False
5257965591594074368,,,NGC3114,153.12017822265625,-59.99301147460938,2.3714027,18.672054,0.5023257052998487,,,,,,,,,,,,False,False
5258239778009633152,,,NGC3114,151.19845581054688,-59.47435760498047,0.3010149,12.045062,0.1286770225759854,,,,,,,,,,,,False,False
5258049395029195008,,,NGC3114,151.96954345703125,-59.655982971191406,0.9726372,14.738195,0.3899890136070398,,,,,,,,,,,,False,False
5258049463748717824,,,NGC3114,152.01829528808594,-59.64557647705078,1.1097898000000002,15.254096,0.4321801822352193,,,,,,,,,,,,False,False
5258251705155339520,,,NGC3114,151.06427001953125,-59.4638786315918,1.3476648,15.913170999999998,0.4708798706873149,,,,,,,,,,,,False,False
5258253388760913664,,,NGC3114,151.0103759765625,-59.35583114624024,2.4405499,17.805113000000002,0.5314085721421873,,,,,,,,,,,,False,False
5258257133971450112,,,NGC3114,150.80677795410156,-59.32994079589844,1.9021587,17.775470000000002,0.4891105702293643,,,,,,,,,,,,False,False
5257969469951449344,,,NGC3114,152.9250030517578,-59.94842910766602,1.8216267,17.018985999999998,0.5020431520807456,,,,,,,,,,,,False,False
5258259053823219584,,,NGC3114,150.97898864746094,-59.20538711547852,1.2458382,15.629919,0.4583323598797557,,,,,,,,,,,,False,False
5258259504792983808,,,NGC3114,150.9219512939453,-59.2018928527832,1.4740982,16.831954999999997,0.4659616944648306,,,,,,,,,,,,False,False
5258259534859562240,,,NGC3114,150.89390563964844,-59.20180130004883,1.3197231000000005,15.739752,0.4718827876718119,,,,,,,,,,,,False,False
5258259951469602688,,,NGC3114,150.92335510253906,-59.1841812133789,3.0807877,18.846117,0.537318921841118,,,,,,,,,,,,False,False
5258262077482621184,,,NGC3114,151.21929931640625,-59.19813537597656,1.9091549,17.673428,0.4919422254986913,,,,,,,,,,,,False,False
5257971467139367168,,,NGC3114,152.50950622558594,-60.14908981323242,1.3440188999999998,16.025051,0.4661199063952388,,,,,,,,,,,,False,False
5258265277251295488,,,NGC3114,151.05288696289062,-59.13257598876953,0.7642088,13.684551999999998,0.2170850580279758,,,,,,,,,,,,False,False
5258266033165531136,,,NGC3114,150.98394775390625,-59.12451934814453,0.57133865,12.85832,0.07574337219075,,,,,,,,,,,,False,False
5257973356925247744,,,NGC3114,152.715087890625,-60.04043960571289,1.1169691000000002,15.072518,0.4424404731891418,,,,,,,,,,,,False,False
5258269194261405184,,,NGC3114,151.07485961914062,-58.92273330688477,0.74489594,13.601895,0.1893993599738817,,,,,,,,,,,,False,False
5258272286640071680,,,NGC3114,151.88043212890625,-59.10569763183594,1.0350723,14.442903,0.4484645531916639,,,,,,,,,,,,False,False
5257975517262193152,,,NGC3114,152.43228149414062,-60.0401611328125,0.6637801999999999,13.217442000000002,0.0946508969575853,,,,,,,,,,,,False,False
5258272797716699776,,,NGC3114,151.74452209472656,-59.11676788330078,1.4619541,16.24565,0.4800272616744674,,,,,,,,,,,,False,False
5257976891654654336,,,NGC3114,152.52122497558594,-60.03191375732422,2.1039906000000004,17.759789,0.5058361001740659,,,,,,,,,,,,False,False
5258278230859703552,,,NGC3114,151.9579315185547,-59.063758850097656,2.571041,17.982098,0.5347202085564763,,,,,,,,,,,,False,False
5258282525826241792,,,NGC3114,151.7635498046875,-58.97852325439453,2.1579914,18.581974,0.4915582142012619,,,,,,,,,,,,False,False
5258284312532078592,,,NGC3114,151.74685668945312,-58.86426162719727,1.8904457,16.539901999999998,0.5330625409168626,,,,,,,,,,,,False,False
5258285721297462016,,,NGC3114,151.77053833007812,-58.86294555664063,2.3616238,17.474968,0.5384209150282945,,,,,,,,,,,,False,False
5258288195181670912,,,NGC3114,151.30079650878906,-59.02706527709961,2.1984024,17.958408,0.5077050156356613,,,,,,,,,,,,False,False
5258289668353200512,,,NGC3114,151.55178833007812,-58.9317741394043,2.361868,18.180458,0.5133494692322017,,,,,,,,,,,,False,False
5258292318350663168,,,NGC3114,151.15980529785156,-58.94863128662109,2.2242490000000004,18.857735,0.4908647042715303,,,,,,,,,,,,False,False
5258292627604489344,,,NGC3114,151.12344360351562,-58.9131851196289,0.91833115,14.524805,0.3626580784470619,,,,,,,,,,,,False,False
5257005408733281536,,,NGC3114,148.21751403808594,-60.64340209960938,2.2362137000000004,17.593472,0.5223462521250193,,,,,,,,,,,,False,False
5257012761696389120,,,NGC3114,148.1472625732422,-60.54002380371094,2.338295,18.879435,0.4966269431440935,,,,,,,,,,,,False,False
5257016163310511360,,,NGC3114,148.05670166015625,-60.4684944152832,2.6126442,18.74892,0.514285002464335,,,,,,,,,,,,False,False
5257016919245885824,,,NGC3114,148.0381622314453,-60.45823669433594,1.2648296,15.565428,0.4660558826308211,,,,,,,,,,,,False,False
5257018293640615808,,,NGC3114,148.17991638183594,-60.38575744628906,2.0484505,17.831837,0.4994810113811835,,,,,,,,,,,,False,False
5257031208572516864,,,NGC3114,148.04006958007812,-60.31391525268555,1.1818314,15.631041,0.4419531058671757,,,,,,,,,,,,False,False
5257036401218640896,,,NGC3114,147.86294555664062,-60.1597671508789,1.1265087,15.221592,0.4391313514629126,,,,,,,,,,,,False,False
5257394979446841600,,,NGC3114,148.33482360839844,-60.2298698425293,0.8981619000000001,14.045992000000002,0.3713987648177406,,,,,,,,,,,,False,False
5257398003073030272,,,NGC3114,148.39288330078125,-60.1212158203125,2.6005611,18.739986,0.5138222089977141,,,,,,,,,,,,False,False
5256245852360903936,,,NGC3114,148.8593665642732,-60.68253596661103,0.6827507,13.32231,0.1054214721886526,,,,,,,,,,,,False,False
5256263650704643456,,,NGC3114,148.49468571372088,-60.46348020213892,0.57593536,12.934756,0.0316774104052664,,,,,,,,,,,,False,False
5256383256962929664,,,NGC3114,151.19031448885374,-60.80708561956387,0.47183514,12.5484915,0.1032337537395585,,,,,,,,,,,,False,False
5256396279304861184,,,NGC3114,150.9814249179231,-60.74223154944849,0.9378872,14.542925,0.3750009788449148,,,,,,,,,,,,False,False
5256397825493140992,,,NGC3114,150.84922316370103,-60.62790845457884,1.4140816,15.303314,0.5298238619292057,,,,,,,,,,,,False,False
5256398443968664832,,,NGC3114,151.0904679800505,-60.645990830239874,1.2113256,15.166411,0.4723929344717298,,,,,,,,,,,,False,False
5256404319483843072,,,NGC3114,150.77265250191672,-60.4739897007614,0.0910759,10.308351,0.1276084498790272,112.88119,46.895412,0.41544044672101704,,,,,,,,,True,True
5256430707719374208,,,NGC3114,151.72870477577382,-60.65737951826965,1.3025646,16.026033,0.4579601598207676,,,,,,,,,,,,False,False
5256436377116975872,,,NGC3114,151.79909005415377,-60.65237232992624,0.89428425,14.369681,0.3485277015035368,,,,,,,,,,,,False,False
5256454725218380928,,,NGC3114,152.57661980585982,-60.381620133868616,0.87110806,14.342488,0.3306303374669794,,,,,,,,,,,,False,False
5256474138471835264,,,NGC3114,152.19923269485236,-60.1472534016827,0.21276093,11.15727,0.2079627972921864,99.477585,68.65536,0.6901590946342334,,,,,,,,,True,False
5256486885936159744,,,NGC3114,151.79334907174916,-60.40531301736821,0.7438984,13.591983,0.1884815573570851,,,,,,,,,,,,False,False
5256487190834587392,,,NGC3114,151.63225054085947,-60.44189451665027,0.36571884,12.376959,0.0342650992617282,,,,,,,,,,,,False,False
5256488462145452928,,,NGC3114,151.49068812833647,-60.45931329064001,0.7936115,13.005315,0.5234749168812327,,,,,,,,,,,,False,False
5256488981879938816,,,NGC3114,151.50773615677986,-60.421347419470685,1.467556,15.827032,0.5011776560054401,,,,,,,,,,,,False,False
5256489016239713664,,,NGC3114,151.5348361111924,-60.41018616926738,1.2148714,15.294213,0.4653960041770866,,,,,,,,,,,,False,False
5256493448646566144,,,NGC3114,151.11635130189566,-60.4956362288704,1.6380711,16.590609,0.4944827250864563,,,,,,,,,,,,False,False
5256499014924212608,,,NGC3114,151.02642176841394,-60.42328675540481,0.88369656,14.325842,0.3410094328242246,,,,,,,,,,,,False,False
5256501076508647936,,,NGC3114,150.94923147214354,-60.27700395409504,0.5749006,12.868937,0.076302536076333,,,,,,,,,,,,False,False
5256502687079035776,,,NGC3114,151.14558231337054,-60.33420454288387,0.76303387,13.547072,0.2312190280654303,,,,,,,,,,,,False,False
5256502966294602880,,,NGC3114,151.2392015639799,-60.299653464177496,0.4585476,12.583609,0.0515724200440734,,,,,,,,,,,,False,False
5256505160979821952,,,NGC3114,151.3313921130087,-60.21533088808041,0.43711567,12.458586,0.1040800083728082,,,,,,,,,,,,False,False
5256506058671002240,,,NGC3114,151.11125126531937,-60.27218229099502,0.3988886,11.603909,0.4037612483712891,,,,,,,,,,,,False,False
5256508154615137152,,,NGC3114,151.1253560462481,-60.20118646513748,1.0220318,14.955397,0.4078218896096259,,,,,,,,,,,,False,False
5256509490307555712,,,NGC3114,151.15221210305032,-60.126201414552014,1.3383036,15.929194,0.4683102984934096,,,,,,,,,,,,False,False
5256509803882673920,,,NGC3114,151.09090911183068,-60.10955184778891,0.75935745,13.755084,0.2060138807709423,,,,,,,,,,,,False,False
5256523513419137792,,,NGC3114,151.81403635245923,-60.09887461912169,0.96922493,14.634157,0.3913466150023132,,,,,,,,,,,,False,False
5256524780391241856,,,NGC3114,151.71274526463554,-60.04075485232759,1.2383518,15.398308,0.4669475003925367,,,,,,,,,,,,False,False
5256527086832146944,,,NGC3114,151.89625522645645,-59.94155616685337,0.8009033,13.940304,0.2621097096943157,,,,,,,,,,,,False,False
5256531931555771264,,,NGC3114,151.46183173237864,-59.98850115690493,1.3872032,15.897308,0.4799229200954301,,,,,,,,,,,,False,False
5256533168506067968,,,NGC3114,151.17884673791374,-60.07743738491827,0.5591488,12.762343,0.1194417930811973,,,,,,,,,,,,False,False
5256538288107703168,,,NGC3114,151.62066961613274,-59.91200854632999,0.72210884,13.465133,0.1618861098859133,,,,,,,,,,,,False,False
5256542342556961024,,,NGC3114,151.3763465921315,-59.84379352462194,1.0259228,15.060104,0.4068336158186899,,,,,,,,,,,,False,False
5256542961032255616,,,NGC3114,151.3908412141681,-59.78450200648637,0.5444155,12.692481,0.1399585992111873,,,,,,,,,,,,False,False
5256543510788098688,,,NGC3114,151.51704942958722,-59.78403219580404,0.6213474,12.810391,0.2236004630704121,,,,,,,,,,,,False,False
5256558113662993280,,,NGC3114,150.19338338070085,-60.77747405769891,0.9023504,14.081084,0.3722806919872441,,,,,,,,,,,,False,False
5256562301221664768,,,NGC3114,150.00922772925009,-60.69459247993934,0.24303436,12.097768,0.0038533342889014,,,,,,,,,,,,False,False
5256583608590395264,,,NGC3114,150.45982501409384,-60.598910094080885,0.9618187,13.864951,0.4867482763505402,,,,,,,,,,,,False,False
5256588934349787392,,,NGC3114,150.19756022950153,-60.48948531436981,0.72600746,12.98046,0.3696660026219039,,,,,,,,,,,,False,False
5256592129805886208,,,NGC3114,150.70241987267562,-60.44445426337629,1.1722813,15.29018,0.4515998719120157,,,,,,,,,,,,False,False
5256592679561624832,,,NGC3114,150.54899628642545,-60.42716436144136,0.72963715,13.474522,0.1760786200448613,,,,,,,,,,,,False,False
5256597696059554944,,,NGC3114,150.36498247742523,-60.31089544552856,,,,,,,,,,,,,,,False,False
5256600376142591744,,,NGC3114,150.09439113338794,-60.47938500520072,0.27501774,11.997956,0.1093738365550915,,,,,,,,,,,,False,False
5256601475654868480,,,NGC3114,149.98034717958888,-60.43468221361475,0.16965103,11.507885,0.101917291500351,,,,,,,,,,,,False,False
5256601784892502144,,,NGC3114,149.95863263209668,-60.40416164836768,1.0320606,14.912393,0.4136683189308207,,,,,,,,,,,,False,False
5256606350406214272,,,NGC3114,149.88357666259327,-60.31471802005961,0.2695179,11.773519,0.1822748938900022,,,,,,,,,,,,False,False
5256608691172365568,,,NGC3114,150.08584299813012,-60.304443253704136,0.10759735,11.292799,0.0564469010148594,,,,,,,,,,,,False,False
5256609064829506048,,,NGC3114,150.25422742651955,-60.30663097444912,0.4881611,12.629054,0.0747444986669498,,,,,,,,,,,,False,False
5256609923822844160,,,NGC3114,150.2945614857306,-60.23021089833713,0.0766058,10.693055,0.0865021825427478,345.09766,111.46598,0.3229983651584308,,,,,,,,,True,False
5256610203027397760,,,NGC3114,150.20799719814195,-60.26591938439713,1.4154377,16.109089,0.4767897492069969,,,,,,,,,,,,False,False
5256610576658064896,,,NGC3114,150.15117199254846,-60.21262615138402,1.1498232,15.362906,0.4413746267541448,,,,,,,,,,,,False,False
5256610920255975424,,,NGC3114,150.18977492841267,-60.1920402401516,1.746191,16.838028,0.4995681577513678,,,,,,,,,,,,False,False
5256610958941664256,,,NGC3114,150.15482969387082,-60.1909174575941,0.5153189,12.5868845,0.158548117943156,,,,,,,,,,,,False,False
5256612092812965504,,,NGC3114,149.96833119156676,-60.23079088397096,1.4759855,15.5073805,0.5278245122209159,,,,,,,,,,,,False,False
5256613948212677376,,,NGC3114,150.15673851935878,-60.1763642960328,,,,,,,,,,,,,,,False,False
5256614394915269760,,,NGC3114,150.09954123242957,-60.129881173001,1.1984777,15.505191,0.4504600379910781,,,,,,,,,,,,False,False
5256614429275011456,,,NGC3114,150.10488464359227,-60.12397875328168,0.6098585,12.830425,0.1842097518876867,,,,,,,,,,,,False,False
5256621885322969600,,,NGC3114,148.95255892042536,-60.58688525943176,1.3427458,15.994433,0.4668985456646319,,,,,,,,,,,,False,False
5256630750153299072,,,NGC3114,149.13249255281988,-60.39790317407597,0.9228182,14.058736,0.3972375305137183,,,,,,,,,,,,False,False
5256631265549686144,,,NGC3114,149.29297968161114,-60.383387953747295,0.79691887,13.811724,0.2609316650826913,,,,,,,,,,,,False,False
5256635624904338432,,,NGC3114,148.90975167428567,-60.4944424411784,0.8836603,14.417599,0.3398204336085348,,,,,,,,,,,,False,False
5256644322250013696,,,NGC3114,149.20072615124985,-60.29319629875794,0.76143837,13.846215,0.2090345252043835,,,,,,,,,,,,False,False
5256653633741353472,,,NGC3114,149.79036495009413,-60.25437496861149,1.239974,15.57544,0.4589903250714722,,,,,,,,,,,,False,False
5256655283008859392,,,NGC3114,149.447056724043,-60.3033920343023,0.933136,14.45906,0.3746021088440359,,,,,,,,,,,,False,False
5256658684622379648,,,NGC3114,149.451294119606,-60.14289394268138,0.83798504,14.043449,0.3040844068861786,,,,,,,,,,,,False,False
5256660574408323328,,,NGC3114,149.822410666984,-60.126029411222206,1.4032764,15.182554,0.5402358731745796,,,,,,,,,,,,False,False
5256661295962813440,,,NGC3114,149.74038633960984,-60.11829037543336,1.0265188,14.71412,0.4200621047676906,,,,,,,,,,,,False,False
5256661708279687424,,,NGC3114,149.71698199011465,-60.070090052461794,1.0632086,14.877399,0.4295770613242003,,,,,,,,,,,,False,False
5256662258035531136,,,NGC3114,149.87352985194983,-60.0751871531603,0.13605976,11.67943,0.0164939706929658,,,,,,,,,,,,False,False
5256664525778219264,,,NGC3114,149.68767931069365,-60.09022813549487,0.00043201447,9.527595,0.0469168934774408,39.02442,50.46708,1.2932179389213216,,,,,,,,,True,True
5256664697576675584,,,NGC3114,149.6685627247753,-60.05021554491894,0.5778818,12.882155,0.0737460865170858,,,,,,,,,,,,False,False
5256666754830096384,,,NGC3114,149.73450455019832,-59.99037515321311,0.27152634,11.597645,0.226530836366891,,,,,,,,,,,,False,False
5256667034038930688,,,NGC3114,149.69821319859597,-59.96358842151421,1.3071079,15.234282,0.5008390293410593,,,,,,,,,,,,False,False
5256668064830823680,,,NGC3114,149.616285337846,-59.923448841613975,0.8784399,13.842031,0.3752805562760101,,,,,,,,,,,,False,False
5256670057695723776,,,NGC3114,149.1792550830428,-60.12820192019086,0.7951927,13.044398,0.5072641938742207,,,,,,,,,,,,False,False
5256677337629515008,,,NGC3114,149.4389309849737,-60.00235935925678,0.27007294,12.091591,0.0526009467705453,,,,,,,,,,,,False,False
5256677994795153920,,,NGC3114,149.4434771747731,-59.96399401452561,0.8831034,14.271746,0.3418160296402398,,,,,,,,,,,,False,False
5256681327689602560,,,NGC3114,149.4186123452512,-59.81855062901667,0.7974787,13.895396,0.2584243191276443,,,,,,,,,,,,False,False
5256683698511321600,,,NGC3114,149.17114799132878,-59.7759886864402,0.7144041,13.379826,0.1631313771712808,,,,,,,,,,,,False,False
5256685794455397248,,,NGC3114,149.29934443551466,-59.71404503406407,0.5992861,13.144925,-0.0348668958618864,,,,,,,,,,,,False,False
5256686069327210240,,,NGC3114,150.75634090336237,-60.40158362063704,0.8932228,14.122788,0.3589797011126439,,,,,,,,,,,,False,False
5256686653442846336,,,NGC3114,150.80974553570766,-60.337972434526726,0.040595055,9.31103,0.0790710493823256,,,,,,,,,,,,False,True
5256688199631097472,,,NGC3114,150.82614250764445,-60.317798709068825,0.23092842,11.771406,0.126238312824461,,,,,,,,,,,,False,False
5256688405789523712,,,NGC3114,150.7945183784658,-60.30426299878078,0.98075485,14.661502,0.3970124896176966,,,,,,,,,,,,False,False
5256690261215474176,,,NGC3114,150.7496897785307,-60.17866042306451,0.31045818,5.921392,0.067524956849886,,,,,,,,,,,,False,False
5256690742251626240,,,NGC3114,150.5253854873727,-60.270495046784944,0.73876953,13.088115,0.342963963854735,,,,,,,,,,,,False,False
5256690982769835392,,,NGC3114,150.5900879622829,-60.262274538264045,0.98051167,14.661692,0.3968652516528389,,,,,,,,,,,,False,False
5256691669964798080,,,NGC3114,150.47930648888777,-60.22919395783541,0.68498516,12.645121,0.4525498311165002,,,,,,,,,,,,False,False
5256693078713995392,,,NGC3114,150.68891519984462,-60.18078430944509,0.5786171,12.613978,0.2625201669996388,,,,,,,,,,,,False,False
5256693216152973952,,,NGC3114,150.72241892243713,-60.16279535167845,0.60606194,12.211484,0.5537589221776728,,,,,,,,,,,,False,False
5256693417987261824,,,NGC3114,150.62651021879975,-60.15369271163144,1.0251312,14.5011835,0.4352915213501533,,,,,,,,,,,,False,False
5256693972067269120,,,NGC3114,150.48506693154215,-60.15637922801942,0.6161766,12.142491,0.6076846899711715,,,,,,,,,,,,False,False
5256694315664699904,,,NGC3114,150.61138148020456,-60.11639985377918,0.5169468,12.487237,0.2307547232292188,,,,,,,,,,,,False,False
5256694586215864704,,,NGC3114,150.57575543023935,-60.08674088921092,0.0555439,11.054812,0.0224296028256172,,,,,,,,,,,,False,False
5256695002859812864,,,NGC3114,150.86434014701388,-60.2091632800997,0.8764925,13.346334,0.5463933889484601,,,,,,,,,,,,False,False
5256695140298808960,,,NGC3114,150.90992212800583,-60.18684785964772,0.78564835,13.8684,0.2428676877844139,,,,,,,,,,,,False,False
5256695174658558464,,,NGC3114,150.91238596829643,-60.17474441202085,0.08165741,11.2709675,0.0265980894031447,288.84796,159.37619,0.5517649839036426,,,,,,,,,True,False
5256695273410827392,,,NGC3114,150.98518264866934,-60.18628866268177,0.8255253,13.041821,0.5843110636495613,,,,,,,,,,,,False,False
5256695410849810560,,,NGC3114,150.99839451491533,-60.16666233432826,0.38880062,12.038174,0.2759487823947874,,,,,,,,,,,,False,False
5256696098044566528,,,NGC3114,150.79044310070284,-60.17083599572385,0.6643915,13.331617,0.0601474223434163,,,,,,,,,,,,False,False
5256696617767616000,,,NGC3114,150.90191762649934,-60.09100753314232,0.78880787,13.87002,0.2471923775798434,,,,,,,,,,,,False,False
5256697403714408576,,,NGC3114,150.95990352839692,-60.07588432245496,0.29551125,12.256978,-0.0050855294198411,,,,,,,,,,,,False,False
5256697820358493440,,,NGC3114,150.98530452001376,-60.05784885405021,0.8708439,14.317375,0.3306084585980733,,,,,,,,,,,,False,False
5256697957797456768,,,NGC3114,151.01669107315897,-60.04048308735993,1.1261101,15.312988,0.4355992563995951,,,,,,,,,,,,False,False
5256699469625962368,,,NGC3114,150.66470499880066,-60.09535708516715,1.2646799,15.668073,0.4615745980349673,,,,,,,,,,,,False,False
5256699877618217600,,,NGC3114,150.7677863431244,-60.05699224948689,0.6982422,13.366621,0.12975284943933,,,,,,,,,,,,False,False
5256700019381792512,,,NGC3114,150.7269130588843,-60.0564180595738,0.14587307,11.635107,0.0419014675987861,,,,,,,,,,,,False,False
5256700191180218240,,,NGC3114,150.74250145574484,-60.02670767742516,0.10799599,11.499644,0.0194767334884155,16.517178,78.278275,4.739203936653101,,,,,,,,,True,False
5256700397338625920,,,NGC3114,150.67829306828065,-60.05455970540828,1.1371193,15.334183,0.4384015387950972,,,,,,,,,,,,False,False
5256700569137409152,,,NGC3114,150.57480237814238,-60.04866848250813,1.230999,15.561363,0.4571704289657306,,,,,,,,,,,,False,False
5256700637856788224,,,NGC3114,150.62806664883408,-60.04487656213011,1.1392088,15.5495405,0.4328156741713334,,,,,,,,,,,,False,False
5256700878374971008,,,NGC3114,150.67196029837908,-60.02627022429647,0.26579666,11.377449,0.2497472076778343,,,,,,,,,,,,False,False
5256701874807723392,,,NGC3114,150.8835872646616,-60.002248679698,0.16982651,10.880913,0.1849953821514447,,,,,,,,,,,,False,False
5256701977886665216,,,NGC3114,150.87377675336296,-59.97686726865591,0.07913494,11.032132,0.0547892674667915,,,,,,,,,,,,False,False
5256702115325634944,,,NGC3114,150.8976678569565,-59.94977341067646,0.84277725,14.101844,0.3077099940318704,,,,,,,,,,,,False,False
5256702149685349760,,,NGC3114,150.82165764872653,-59.96407586711325,0.119029045,11.569909,0.0196214834675539,,,,,,,,,,,,False,False
5256702699441124096,,,NGC3114,150.67983453411895,-59.97758585035368,1.2907543,15.727652,0.4655181506835549,,,,,,,,,,,,False,False
5256702763834206976,,,NGC3114,150.6621021123341,-59.9602977076588,1.1212025,14.464865,0.5063796281755955,,,,,,,,,,,,False,False
5256703798953486976,,,NGC3114,150.31151945771686,-60.209997815204055,0.8650484,13.874561,0.3514569495108394,,,,,,,,,,,,False,False
5256704073831560576,,,NGC3114,150.42067778384288,-60.18711261806944,1.3746367,15.982795,0.4737266169169758,,,,,,,,,,,,False,False
5256704241304822272,,,NGC3114,150.43948038500943,-60.14319668348194,0.8359957,13.943385,0.3063871163637844,,,,,,,,,,,,False,False
5256704314349621760,,,NGC3114,150.43348614610264,-60.1415127511575,0.6001854,12.844805,0.152170077611407,,,,,,,,,,,,False,False
5256705276422280320,,,NGC3114,150.3138216945957,-60.111599950013954,1.077014,14.029785,0.5773565384641609,,,,,,,,,,,,False,False
5256705585659929472,,,NGC3114,150.30381628408873,-60.09944218931745,0.77897453,13.775474,0.2358090370214005,,,,,,,,,,,,False,False
5256705753130837248,,,NGC3114,150.46946793072797,-60.1228947431806,0.16215992,11.644119,0.0626844380996993,,,,,,,,,,,,False,False
5256705924929851008,,,NGC3114,150.4532038923254,-60.0942252531091,0.25454903,12.287563,-0.0968473042129576,,,,,,,,,,,,False,False
5256706925689750144,,,NGC3114,150.35889238609116,-60.074566990565664,1.3578491,16.004152,0.4695697577164792,,,,,,,,,,,,False,False
5256708815475198464,,,NGC3114,150.15773042259872,-60.05015519853163,1.1908646,15.402868,0.4523674321833932,,,,,,,,,,,,False,False
5256709983706234496,,,NGC3114,150.10393123870284,-60.000606919394265,0.124791145,11.538576,0.0343521325588872,,,,,,,,,,,,False,False
5256710327303730816,,,NGC3114,150.26781676885963,-59.99885966734363,0.12507725,10.653252,0.1483772150988733,,,,,,,,,,,,False,False
5256710670901125248,,,NGC3114,150.31956117834432,-60.00176202265787,1.2065754,14.969339,0.4869607798408545,,,,,,,,,,,,False,False
5256711461175003392,,,NGC3114,150.18400301788586,-59.95050976961679,0.9163952,13.74042,0.4571648986908453,,,,,,,,,,,,False,False
5256711942211357952,,,NGC3114,150.2511190032394,-59.91594953259007,1.1351728,15.182105,0.4439197231466523,,,,,,,,,,,,False,False
5256711942211360896,,,NGC3114,150.26595475431097,-59.9099961020916,0.17473316,11.19349,0.1554831786813271,27.332657,122.58096,4.4847802392573834,,,,,,,,,True,False
5256712491967894016,,,NGC3114,150.59386820649732,-60.00679810209306,0.06803417,10.82308,0.0638170720343935,,,,,,,,,,,,False,False
5256712595047088512,,,NGC3114,150.49812683669242,-60.01787364313831,0.0031700134,8.799892,0.0365344202039577,,,,,,,,,,,,False,True
5256712663766565504,,,NGC3114,150.48484413152514,-60.00938365541408,0.08829975,10.123721,0.1295710865982507,,,,,,,,,,,,False,True
5256712732486052608,,,NGC3114,150.51386353710225,-59.9952557652784,0.1968317,10.772211,0.2276168420925408,,,,,,,,,,,,False,False
5256712835565151872,,,NGC3114,150.50339944090285,-59.9723119360254,0.7584696,13.572376,0.2184163180575275,,,,,,,,,,,,False,False
5256713144802922368,,,NGC3114,150.53188124640045,-59.97287408770057,0.7672138,13.660118,0.224238267299359,,,,,,,,,,,,False,False
5256713277913520128,,,NGC3114,150.57284910166862,-59.95341931390429,0.16026974,11.531628,0.0845781230549863,19.469713,159.58217,8.196431555000323,,,,,,,,,True,False
5256714274346689280,,,NGC3114,150.46024972025293,-59.90551787063304,1.4640408,16.191317,0.482449808109821,,,,,,,,,,,,False,False
5256714519192475648,,,NGC3114,150.63834880849737,-59.94531997743025,0.22665405,11.892193,0.0780526837776952,,,,,,,,,,,,False,False
5256714862789759104,,,NGC3114,150.57488724594782,-59.91073507272928,1.1525135,14.658117,0.4961455914094498,,,,,,,,,,,,False,False
5256715167699125120,,,NGC3114,150.67164925746798,-59.88263585437153,0.4507103,11.890501,0.423832609472596,86.45164,204.77771,2.368696649363737,,,,,,,,,True,False
5256716786935038080,,,NGC3114,150.35066928370324,-59.94497577034657,0.5043907,12.619952,0.1133637011650663,,,,,,,,,,,,False,False
5256716786935041408,,,NGC3114,150.34891581482984,-59.93575584997767,1.2309122,15.439786,0.4625822545548654,,,,,,,,,,,,False,False
5256718775471646848,,,NGC3114,150.29009970929897,-59.80811084368423,0.48571682,11.688384,0.5130288329752728,,,,,,,,,,,,False,False
5256719638793315712,,,NGC3114,150.54253099766953,-59.779177363901766,0.62845707,13.004206,0.1149283837512443,,,,,,,,,,,,False,False
5256720252941581952,,,NGC3114,150.38703229302192,-59.76284415057954,1.4136391,16.125183,0.4758572896314271,,,,,,,,,,,,False,False
5256722937329848320,,,NGC3114,151.0762715148578,-59.91028177839705,0.7317829,13.626688,0.1636368817605363,,,,,,,,,,,,False,False
5256725514309721728,,,NGC3114,150.9102621951901,-59.95162966257399,0.9672651,13.925526,0.476838410132631,,,,,,,,,,,,False,False
5256725960986340992,,,NGC3114,150.8970918489423,-59.89598254050792,0.6057501,12.818214,0.1831463715985145,,,,,,,,,,,,False,False
5256726819979797248,,,NGC3114,150.83635316220472,-59.86900884527275,0.32087898,12.262901,0.0345438946582562,,,,,,,,,,,,False,False
5256728056930423936,,,NGC3114,150.93701047380588,-59.82491411278015,1.3470173,15.146643,0.5240461265014537,,,,,,,,,,,,False,False
5256730187234288768,,,NGC3114,151.23095901372312,-59.82136418072668,1.1221924,15.026669,0.4470555147539204,,,,,,,,,,,,False,False
5256736268907742720,,,NGC3114,150.99806746363862,-59.63192174590444,1.0471334,14.976779,0.4179812355215185,,,,,,,,,,,,False,False
5256738742784577408,,,NGC3114,150.74978373097588,-59.84314008926994,,,,,,,,,,,,,,,False,False
5256739258204853248,,,NGC3114,150.7761855632636,-59.81451506653959,0.61806965,12.87014,0.1765040712256089,,,,,,,,,,,,False,False
5256740147230085504,,,NGC3114,150.55968700927,-59.76997353357474,0.6336632,12.744421,0.292268626921763,,,,,,,,,,,,False,False
5256740387748314496,,,NGC3114,150.69497336618767,-59.75086291691487,0.6906624,13.115883,0.2079092269849339,,,,,,,,,,,,False,False
5256743518812159232,,,NGC3114,150.5304771496774,-59.71664947015711,0.7719431,13.360101,0.2999826532750223,,,,,,,,,,,,False,False
5256745923993693952,,,NGC3114,150.66153967182436,-59.61106329120703,0.834219,13.832805,0.3134138913508792,,,,,,,,,,,,False,False
5256756742984091648,,,NGC3114,149.9799261764738,-59.9831438863386,1.6624584,16.690565,0.494135977602982,,,,,,,,,,,,False,False
5256757640666185216,,,NGC3114,149.912853186656,-59.944039596869246,0.4646635,12.588953,0.0593220499375075,,,,,,,,,,,,False,False
5256757984263584128,,,NGC3114,149.95123961625745,-59.93119965859413,0.3168087,12.1309395,0.1091447412897277,,,,,,,,,,,,False,False
5256758602739027328,,,NGC3114,150.08707290406934,-59.93052586642487,0.9938116,13.930465,0.5095540014218111,,,,,,,,,,,,False,False
5256759152481046784,,,NGC3114,150.11415033650096,-59.87224990861554,1.2095699,14.581206,0.543079041996038,,,,,,,,,,,,False,False
5256759805314875392,,,NGC3114,150.00385656570018,-59.86534376848334,,,,,,,,,,,,,,,False,False
5256760286351367296,,,NGC3114,150.05575774968224,-59.82602638052958,0.05099106,10.859397,0.0388283439147689,,,,,,,,,,,,False,False
5256761007920524288,,,NGC3114,149.78336047614405,-59.91434744126218,0.4513321,12.518276,0.0868565527429757,,,,,,,,,,,,False,False
5256765509046822656,,,NGC3114,150.14848394960674,-59.80313888717314,1.2453136,15.644329,0.4576447225105469,,,,,,,,,,,,False,False
5256767570631174528,,,NGC3114,150.22556825186248,-59.73356235547463,1.4374762,15.793599,0.4964198368447416,,,,,,,,,,,,False,False
5256768841941378688,,,NGC3114,150.15839802432325,-59.64981449752998,0.9762039,14.60284,0.3968130392906089,,,,,,,,,,,,False,False
5256770074562614656,,,NGC3114,150.0475214098627,-59.70375830561135,1.6593075,16.549784,0.499128839722774,,,,,,,,,,,,False,False
5256775125443637504,,,NGC3114,149.55301317164552,-59.78745285844539,0.45878696,12.546047,0.0802825179949478,,,,,,,,,,,,False,False
5256777431876548608,,,NGC3114,149.6390186944341,-59.67331035525933,0.62721443,13.18268,0.0182919000590655,,,,,,,,,,,,False,False
5256779321661991552,,,NGC3114,149.4376172092951,-59.64625437179066,0.34829712,12.217237,0.111184036960411,,,,,,,,,,,,False,False
5256783376111773952,,,NGC3114,149.8761242411197,-59.58508823520578,0.8210554,13.666413,0.3169940600846702,,,,,,,,,,,,False,False
5256795127143091584,,,NGC3114,150.2834942640273,-59.48329941648274,0.7835407,13.876548,0.2398868962362922,,,,,,,,,,,,False,False
5256799250311694720,,,NGC3114,150.16473455764026,-59.41909101874298,0.7135401,13.287285,0.1893448034848875,,,,,,,,,,,,False,False
5256809489513512448,,,NGC3114,149.96600643136148,-59.42562156054008,1.4330101,15.869902,0.4911167771675777,,,,,,,,,,,,False,False
5257393909978046848,,,NGC3114,148.53935760809466,-60.16461812319127,0.15597343,11.951418,-0.0569319665444074,,,,,,,,,,,,False,False
5257431984886926976,,,NGC3114,148.85083401087485,-59.79121616911893,0.3089304,12.251121,0.0219005753562958,,,,,,,,,,,,False,False
5257439647109090048,,,NGC3114,148.83781183677948,-59.66368183221266,0.8608637,14.235157,0.3229575400995793,,,,,,,,,,,,False,False
5257531078369061376,,,NGC3114,149.3349086640622,-59.57983107759056,0.19533062,11.708929,0.0930253191350275,279.8708,159.62852,0.5703650398683965,,,,,,,,,True,False
5257531868642900736,,,NGC3114,149.14853638198528,-59.564338049485,0.66110325,13.329887,0.0528936538765814,,,,,,,,,,,,False,False
5257538083431239680,,,NGC3114,149.08680042963584,-59.415803874207,1.334404,15.506592,0.488363677272951,,,,,,,,,,,,False,False
5257569217680454272,,,NGC3114,149.57868062037895,-59.10502653854698,1.0097713,14.856475,0.4052199534151166,,,,,,,,,,,,False,False
5257978442166470912,,,NGC3114,152.45800273765482,-59.94811958909088,1.3078403,15.231022,0.5013859333691751,,,,,,,,,,,,False,False
5258028504307894528,,,NGC3114,151.91105216952903,-59.90213260561953,0.97523785,14.811974,0.3895862145105914,,,,,,,,,,,,False,False
5258239782325961856,,,NGC3114,151.19780835818202,-59.47460685601498,,,,,,,,,,,,,,,False,False
5258260741766439296,,,NGC3114,151.20812926264887,-59.25150687329823,0.79262066,13.794177,0.2555612973074361,,,,,,,,,,,,False,False
5339528223158658816,,,NGC3532,167.9142744387149,-58.265877207614,2.6171455000000003,17.917,0.4292802469977076,,,,,,,,,,,,False,False
5339529112198028544,,,NGC3532,167.70044478723818,-58.22847774327803,2.5423908,16.829576,0.528584582158433,,,,,,,,,,,,False,False
5339529185253043328,,,NGC3532,167.78538066144603,-58.24388045985064,0.17327213,10.05842,0.0901555836593554,,,,,,,,,,,,False,True
5339532307651465088,,,NGC3532,167.58047523416084,-58.19825849726432,2.0002518,15.279089,0.6044197892524651,,,,,,,,,,,,False,False
5339532861745113216,,,NGC3532,167.59330873303972,-58.15096335255714,1.1719246,7.3147135,0.7119766516370639,6.8662934,0.7523507,0.10957159214897517,,,,,,,,,True,False
5339535026408844160,,,NGC3532,167.61197672611425,-58.06558574041389,0.055903435,9.56602,0.0366963574815218,,,,,,,,,,,,False,True
5339535851042579840,,,NGC3532,167.55968233418778,-58.04142078506296,0.7857475,12.517139,0.0844327801172702,,,,,,,,,,,,False,False
5339541039363510656,,,NGC3532,167.667460782549,-58.01429178297838,0.9614668,13.267888,0.1959092412650274,,,,,,,,,,,,False,False
5339511382574538624,,,NGC3532,168.12888935622928,-58.444659951088006,2.793539,18.501038,0.4205383991529848,,,,,,,,,,,,False,False
5339514994679734144,,,NGC3532,168.1156314386101,-58.36644995781728,0.7169924,12.1109705,0.09851216508123,,,,,,,,,,,,False,False
5339515368302655744,,,NGC3532,168.05879288323922,-58.32948017293382,2.4518776,17.123213,0.4648074574122844,,,,,,,,,,,,False,False
5339515956752376832,,,NGC3532,167.91405491110334,-58.314368974494045,0.6030979000000001,11.479429,0.1465950728795469,,,,,,,,,,,,False,False
5339516437788816256,,,NGC3532,167.96408186853532,-58.27585513370311,0.9151201,13.028841,0.1931525430668718,,,,,,,,,,,,False,False
5339516506482953728,,,NGC3532,167.93199858237162,-58.261658947572094,2.380146,16.98844,0.4596623510320656,,,,,,,,,,,,False,False
5339516536533753344,,,NGC3532,168.14200047830587,-58.34303696272898,2.5858498,17.41541,0.4686313981071631,,,,,,,,,,,,False,False
5339517709099144576,,,NGC3532,168.0116960308143,-58.287657386363534,1.296607,14.220453,0.3649741165194026,,,,,,,,,,,,False,False
5338917096538337280,,,NGC3532,164.8956319514112,-58.35610313621444,2.8532982,18.250044,0.4509722328599173,,,,,,,,,,,,False,False
5338785155140117632,,,NGC3532,164.62387252209516,-58.925099032854135,2.3177814,16.608970000000006,0.4878686638508117,,,,,,,,,,,,False,False
5338917547536746752,,,NGC3532,164.82092995407058,-58.34371720359589,1.4565706,14.66435,0.3976455395107377,,,,,,,,,,,,False,False
5338785395661054464,,,NGC3532,164.572298191374,-58.949782420842645,3.2352352000000004,17.91026,0.5647334964000871,,,,,,,,,,,,False,False
5338917891134380288,,,NGC3532,164.85248955279704,-58.3154981622054,1.0593348,13.579453,0.2586326540564679,,,,,,,,,,,,False,False
5338918436564150528,,,NGC3532,164.98162217796474,-58.32122804287847,2.686964,16.830942,0.5727731734809722,,,,,,,,,,,,False,False
5338918440890044288,,,NGC3532,164.9847719699169,-58.32265333184032,1.1706991000000002,13.958319,0.2980250984191514,,,,,,,,,,,,False,False
5338786323374302208,,,NGC3532,164.5344407888114,-58.86333217918498,3.130722,17.675060000000006,0.5706596089591015,,,,,,,,,,,,False,False
5338919914032981888,,,NGC3532,164.84193690633515,-58.24799217536201,2.7254944,17.36872,0.5095249795906155,,,,,,,,,,,,False,False
5338920021438058880,,,NGC3532,164.80079687405902,-58.21572782906875,0.61670685,10.815398,0.5558065266701278,74.60806,18.71969,0.2509070735789136,,,,,,,,,True,False
5338787457238337664,,,NGC3532,164.7054266129299,-58.80492595275469,0.47254467,11.004267,0.1204445407526802,63.141693,15.290152,0.24215619305614758,,,,,,,,,True,False
5338920498152702080,,,NGC3532,164.87130574058116,-58.19447226598052,2.8899212000000003,17.645689,0.5176496710706266,,,,,,,,,,,,False,False
5338920738670638208,,,NGC3532,165.26359715981658,-58.3118045505098,2.8494205000000004,18.061321,0.4664023800820843,,,,,,,,,,,,False,False
5338920949125621632,,,NGC3532,165.16305369452635,-58.30312916729204,2.6418114,18.252357,0.4089015083600376,,,,,,,,,,,,False,False
5338921185343268608,,,NGC3532,165.27983622244398,-58.27601928218161,2.4264488,17.14882,0.4549401569027719,,,,,,,,,,,,False,False
5338921327080204288,,,NGC3532,165.30198532966293,-58.26431629156056,2.7032585,18.239584,0.4220146829217458,,,,,,,,,,,,False,False
5338921906897796224,,,NGC3532,165.13716102860192,-58.256544437361406,2.4877987,17.198276999999994,0.4663288292320784,,,,,,,,,,,,False,False
5338922460954670464,,,NGC3532,165.15539004134436,-58.20554830120007,2.5092487,16.83355,0.5178504702107246,,,,,,,,,,,,False,False
5338922697172656768,,,NGC3532,165.11352116642732,-58.18345454590744,0.6054745,11.598452,0.0411997648772494,,,,,,,,,,,,False,False
5338922800255064832,,,NGC3532,165.28550069288983,-58.23449926843978,3.0096645,18.449558,0.4647164943522366,,,,,,,,,,,,False,False
5338922804552176000,,,NGC3532,165.28383539990523,-58.23301841387909,2.8638515,18.171785,0.4596584674813102,,,,,,,,,,,,False,False
5338923384367443584,,,NGC3532,165.329508753233,-58.1809917182697,1.9592237,15.635402,0.5020616925744575,,,,,,,,,,,,False,False
5338923594851388544,,,NGC3532,165.3135971361541,-58.15717745632029,0.1352662999999999,10.091572,0.0271313479391732,32.81949,2.1247654,0.06474096337267884,,,,,,,,,True,True
5338924724398867968,,,NGC3532,165.16122138849855,-58.13345004868896,2.6607895,17.228983,0.5094820855766528,,,,,,,,,,,,False,False
5338925518996533760,,,NGC3532,164.97030870299955,-58.166723520910814,0.108371735,8.794866,0.144691514297631,,,,,,,,,,,,False,True
5338926137471780864,,,NGC3532,164.93785802909989,-58.18559593438234,0.9639034,13.242805,0.2099309645648397,,,,,,,,,,,,False,False
5338927236983569792,,,NGC3532,165.08166747476255,-58.13075710271779,1.5058355,14.721354500000002,0.422216477005176,,,,,,,,,,,,False,False
5338927305703048832,,,NGC3532,165.05826633360638,-58.12024735538577,1.7012815,15.16574,0.4563879181779826,,,,,,,,,,,,False,False
5338927885496590208,,,NGC3532,165.1089987670307,-58.08279176452635,2.8002663,18.0585,0.4563768524083619,,,,,,,,,,,,False,False
5338931738109809536,,,NGC3532,164.79376607117644,-58.219303562034206,2.6379967,17.608503,0.4617995252997892,,,,,,,,,,,,False,False
5338931772469548672,,,NGC3532,164.78876551334224,-58.20434496141112,0.56010914,11.239614,0.1914774917926055,,,,,,,,,,,,False,False
5338878136915462528,,,NGC3532,164.83550146231497,-58.81493825127865,2.139679,16.014599,0.513702114394413,,,,,,,,,,,,False,False
5338878343073949056,,,NGC3532,164.88115270999282,-58.80128334216315,0.35934544,10.550575,0.1820983918594134,,,,,,,,,,,,False,False
5338878441825570176,,,NGC3532,164.91893398201918,-58.772085008346366,1.7018346999999998,15.170505,0.4557397104650748,,,,,,,,,,,,False,False
5338879781855915008,,,NGC3532,165.0032991933154,-58.71444447393536,2.6785622000000004,17.675892,0.4647762143863473,,,,,,,,,,,,False,False
5338879786183149440,,,NGC3532,165.01875048683047,-58.71647239021801,1.2886114,14.26195,0.3465807868248124,,,,,,,,,,,,False,False
5338880606489644160,,,NGC3532,164.95156975085584,-58.690297097482976,2.6238537,17.371565,0.4830703975645947,,,,,,,,,,,,False,False
5338884214268209536,,,NGC3532,164.78859381428762,-58.60236560334874,2.8920174,18.078283,0.47374102807278,,,,,,,,,,,,False,False
5338884424747751552,,,NGC3532,164.68860789637486,-58.65572571069425,1.0191431,13.427879999999998,0.2440922785243605,,,,,,,,,,,,False,False
5338884867097229824,,,NGC3532,164.71904423583337,-58.62583737400725,2.4209518,16.677546,0.5120685562678071,,,,,,,,,,,,False,False
5338885107615417984,,,NGC3532,164.72339643376233,-58.58623917428177,2.5424957000000004,17.200075,0.4809757026639093,,,,,,,,,,,,False,False
5338885970904936960,,,NGC3532,165.10272474611372,-58.66889339335411,2.8142338,18.562555,0.4200873370447863,,,,,,,,,,,,False,False
5338887512796656000,,,NGC3532,164.95859349312374,-58.56259366353847,1.8176136000000005,15.401197,0.4751608148099875,,,,,,,,,,,,False,False
5338887650235390208,,,NGC3532,165.12717662848678,-58.60934049380926,0.6522894,11.736073,0.1428893163089823,42.363472,49.117973,1.1594416293357634,,,,,,,,,True,False
5338887654563399936,,,NGC3532,165.13746600043245,-58.610283327515056,0.626276,11.641537,0.1032288903307687,43.73413,52.40593,1.1982844977137992,,,,,,,,,True,False
5338887753315085568,,,NGC3532,165.14536483929126,-58.59828622747526,2.5914173,16.502205,0.5974121594290461,,,,,,,,,,,,False,False
5338888131271955840,,,NGC3532,165.0630371893216,-58.54988019709872,2.1008072,15.671043,0.5630450642200606,,,,,,,,,,,,False,False
5338888204288417920,,,NGC3532,165.14976482536576,-58.56513938759455,2.802822,18.3698,0.4317519735224425,,,,,,,,,,,,False,False
5338888440509600128,,,NGC3532,165.09542937755424,-58.550331324640645,2.3604546,15.755461,0.6652548776933015,,,,,,,,,,,,False,False
5338888719715278208,,,NGC3532,165.01017698512575,-58.573273541565285,0.53007793,10.97904,0.2872011568066244,160.291,24.733957,0.15430658614644616,,,,,,,,,True,False
5338888990272016000,,,NGC3532,164.94568797575656,-58.54943858487319,2.8542595,17.774373999999995,0.4953075744154255,,,,,,,,,,,,False,False
5338889265143783552,,,NGC3532,165.03066404557973,-58.532266976518656,2.6581516,17.439337,0.4843144887724364,,,,,,,,,,,,False,False
5338889406910197120,,,NGC3532,165.05043296652084,-58.50927031273041,1.5782309,14.823918,0.45120352980736,,,,,,,,,,,,False,False
5338889952338342400,,,NGC3532,164.86847259354894,-58.60279203077322,2.3590221,16.51202,0.5157745303630596,,,,,,,,,,,,False,False
5338890197183928704,,,NGC3532,164.77180616026416,-58.57451777242266,1.5802383,14.8484955,0.446901485184084,,,,,,,,,,,,False,False
5338890437670953856,,,NGC3532,164.84846445001068,-58.566200930788966,2.8104916,18.268816,0.4410004260550778,,,,,,,,,,,,False,False
5338892151361821824,,,NGC3532,164.91331034995682,-58.50870858566699,2.1638927000000003,16.510603,0.448898270399148,,,,,,,,,,,,False,False
5338773301042044416,,,NGC3532,164.8667351454746,-59.184064592344704,2.3889294,16.761545,0.4902746878411762,,,,,,,,,,,,False,False
5338893182153991296,,,NGC3532,164.7581498034889,-58.464966164760206,2.692995,17.172710000000002,0.5253635587592849,,,,,,,,,,,,False,False
5338893392639701632,,,NGC3532,164.74433334797442,-58.46742321190737,1.9755001,15.7870865,0.4819712209594025,,,,,,,,,,,,False,False
5338893633127074176,,,NGC3532,164.73814198322643,-58.40993058411835,2.690977,17.236332,0.516674121400897,,,,,,,,,,,,False,False
5338773889479165440,,,NGC3532,164.84754802534923,-59.13187421819258,2.235653,16.259497,0.5107167749728492,,,,,,,,,,,,False,False
5338897309649705344,,,NGC3532,164.54003935658997,-58.54618681683355,1.5822163,14.905155,0.4355409785235813,,,,,,,,,,,,False,False
5338897339682307712,,,NGC3532,164.54397134168096,-58.52669676655368,2.8675652,17.544455,0.5241090903306798,,,,,,,,,,,,False,False
5338775092070082048,,,NGC3532,164.7654733353164,-59.060163540592974,2.8023396000000003,18.02933,0.4593757201479748,,,,,,,,,,,,False,False
5338903666201449600,,,NGC3532,164.6398883622241,-58.45256644416708,2.0086184,15.989770000000002,0.4631029145445232,,,,,,,,,,,,False,False
5338905826540127104,,,NGC3532,164.67234032154502,-58.36681288531347,2.6953240000000003,17.482914,0.488820073034119,,,,,,,,,,,,False,False
5338906036992679552,,,NGC3532,164.64820235324646,-58.36357454349844,2.6958237,17.355255,0.5034763535207067,,,,,,,,,,,,False,False
5338912393576000896,,,NGC3532,165.19465886896177,-58.47581230567769,0.29356766,10.298853,0.1861162007390041,274.79816,21.550722,0.07842382205179249,,,,,,,,,True,True
5338912977691491968,,,NGC3532,165.03774256268954,-58.478548830912274,2.1942253,16.034708,0.5326922022272624,,,,,,,,,,,,False,False
5338913252569403008,,,NGC3532,164.9746514474996,-58.44763503401077,2.349512,16.620601999999998,0.4967636234235188,,,,,,,,,,,,False,False
5338914279039671296,,,NGC3532,165.14474156730003,-58.408860105970746,2.3433437,16.581968,0.500173524258716,,,,,,,,,,,,False,False
5338780074232499072,,,NGC3532,164.88170232586344,-59.06285764935605,1.1204128,13.766116,0.2886603475912228,,,,,,,,,,,,False,False
5338780074232509312,,,NGC3532,164.8947163751608,-59.06284416408693,1.3602839,14.404386,0.3784416929267374,,,,,,,,,,,,False,False
5338780241697389824,,,NGC3532,164.83687599954942,-59.05084084787688,2.7914696,17.506691,0.5099082144513403,,,,,,,,,,,,False,False
5338915417233069440,,,NGC3532,165.05193969601808,-58.346424564163854,1.8530006,15.486963,0.4772310971873763,,,,,,,,,,,,False,False
5338915760830527360,,,NGC3532,165.1080520134916,-58.3144289972926,1.0289754999999998,13.492539,0.2387611832510944,,,,,,,,,,,,False,False
5338780417829932928,,,NGC3532,164.92037507331258,-59.04649197641216,1.0344648,13.436828,0.2669531332172591,,,,,,,,,,,,False,False
5338780894535361920,,,NGC3532,164.85455366413964,-58.99271396189872,2.3690395,16.558512,0.512230457323651,,,,,,,,,,,,False,False
5338781341206437504,,,NGC3532,164.69502474278937,-58.99719877437207,1.7118529999999998,15.063602,0.4850788347772752,,,,,,,,,,,,False,False
5338781551701592320,,,NGC3532,164.81771932583828,-58.99391972470429,2.4728088,16.478706,0.5604489147193029,,,,,,,,,,,,False,False
5338782062763569792,,,NGC3532,164.95021126647248,-59.00436623789194,2.8600216,17.202168,0.566856497006625,,,,,,,,,,,,False,False
5338782406356808576,,,NGC3532,164.85564563237685,-58.96297092735987,0.6309891,11.608875,0.1587127891591833,,,,,,,,,,,,False,False
5338782921757118080,,,NGC3532,164.91164902289552,-58.92193928432855,2.7350445,17.646734,0.4809789056642055,,,,,,,,,,,,False,False
5338782926091019392,,,NGC3532,164.9176870082534,-58.92614396901321,1.4325972,14.656885999999998,0.3807022260013956,,,,,,,,,,,,False,False
5338783127915600640,,,NGC3532,164.90383398781643,-58.8824262450083,2.4987888,17.020031,0.4902447198526823,,,,,,,,,,,,False,False
5338783544566249728,,,NGC3532,164.74944506406862,-58.90191839395472,1.7370328999999998,15.269568,0.4563869096027533,,,,,,,,,,,,False,False
5338783613285749504,,,NGC3532,164.79347555133782,-58.90303990194892,0.97335434,13.219425,0.2379892227835884,,,,,,,,,,,,False,False
5338783750699197184,,,NGC3532,164.85902764305652,-58.89528228444304,2.8460407,18.290234,0.4462845105653607,,,,,,,,,,,,False,False
5338784918929000192,,,NGC3532,164.68651737262988,-58.93916245660861,1.6421756999999997,15.523134,0.3628751383630135,,,,,,,,,,,,False,False
5340160919067943040,,,NGC3532,166.65397175626472,-58.7130779882044,2.1631927,16.08246,0.5116603769358653,,,,,,,,,,,,False,False
5340160923401620352,,,NGC3532,166.64571040823532,-58.70594489802178,2.1718102000000004,16.282885,0.4831016022735968,,,,,,,,,,,,False,False
5340160992121127168,,,NGC3532,166.68957426093183,-58.69002670831831,0.54262733,11.18255,0.178842404898583,17.74032,15.838385,0.8927902653390695,,,,,,,,,True,False
5340161022147218688,,,NGC3532,166.6905277403767,-58.68876920352358,1.0964127,13.735779,0.2651002458033899,,,,,,,,,,,,False,False
5340161056506952832,,,NGC3532,166.64742428693174,-58.67957692576488,2.8312054,17.56054,0.5133925159772365,,,,,,,,,,,,False,False
5340161090862579712,,,NGC3532,166.66392881571784,-58.666153255392246,1.0839223999999998,13.62151,0.2820476333881198,,,,,,,,,,,,False,False
5340161129520731136,,,NGC3532,166.61649376761537,-58.69506993679535,2.5456295,17.253923,0.4757058862320517,,,,,,,,,,,,False,False
5340161129560052352,,,NGC3532,166.62884371372004,-58.69844754757865,0.9153671,13.108678,0.1602359158227952,,,,,,,,,,,,False,False
5340161159586164608,,,NGC3532,166.6122054668272,-58.68083338265343,1.2605046999999998,14.181959,0.3385158425276474,,,,,,,,,,,,False,False
5340161163919802240,,,NGC3532,166.60933622362307,-58.67985416986583,0.12231064,9.706992,0.0992625747323631,260.4696,27.307974,0.10484130969602595,,,,,,,,,True,True
5340161198240215680,,,NGC3532,166.58563669608813,-58.68183398710878,2.5083542000000003,18.329885,0.3776845864201373,,,,,,,,,,,,False,False
5340161266999026944,,,NGC3532,166.6219372820843,-58.67500326906215,1.3880758,4.924737,2.970717778935873,9.118251,0.4891516,0.053645331763734073,,,,,,,,,True,False
5340161335718508800,,,NGC3532,166.60429742631118,-58.66232990439176,0.8155918000000001,12.563276,0.1646973436821011,,,,,,,,,,,,False,False
5340161434482361600,,,NGC3532,166.68956472233302,-58.65547818936288,2.540884,17.200312,0.480511013551746,,,,,,,,,,,,False,False
5340161473157492352,,,NGC3532,166.67372877131243,-58.65552921547074,1.0685463,13.592943,0.2682929775296181,,,,,,,,,,,,False,False
5340161576236734848,,,NGC3532,166.71239132766848,-58.638856090396864,0.59381676,10.917662,0.4705350213811523,,,,,,,,,,,,False,False
5340161679276780416,,,NGC3532,166.62866331364916,-58.64657396725367,0.18690014,10.148612,0.0820184591965446,,,,,,,,,,,,False,True
5340161679315925376,,,NGC3532,166.6258017385403,-58.63625001093328,1.4613161,14.681907,0.3973850717718305,,,,,,,,,,,,False,False
5340161748035398528,,,NGC3532,166.5983956453719,-58.629176058446646,2.3281975,16.487524,0.5088215835886016,,,,,,,,,,,,False,False
5340161816754900096,,,NGC3532,166.63806175067188,-58.61544386296364,1.8296146,15.439075,0.4741882718536894,,,,,,,,,,,,False,False
5340161885474368896,,,NGC3532,166.6220690027989,-58.61898778206666,1.0816593,13.0002575,0.6099466459371038,,,,,,,,,,,,False,False
5340161885474372480,,,NGC3532,166.6324441868201,-58.61950844853825,0.46437168,10.187927,0.4711232818008097,,,,,,,,,,,,False,False
5340161915496760192,,,NGC3532,166.62828156073687,-58.59811600997087,2.7953415,17.737883,0.485631583269117,,,,,,,,,,,,False,False
5340269775044255872,,,NGC3532,165.84352672669826,-57.80967557448015,2.936163,18.248331,0.4675410454929916,,,,,,,,,,,,False,False
5340161954193779840,,,NGC3532,166.5529652587026,-58.66513680209686,0.8479929,12.228286,0.595063867816699,,,,,,,,,,,,False,False
5340161954193782784,,,NGC3532,166.54953638756902,-58.66094001517671,0.40550137,10.799905,0.1202738850436024,51.233006,7.6029177,0.14839882125987297,,,,,,,,,True,False
5340161988553524736,,,NGC3532,166.57408639930068,-58.665130120729245,1.4428139,14.47291,0.4332403167160221,,,,,,,,,,,,False,False
5340161988553536256,,,NGC3532,166.55477398725537,-58.64738455648889,2.8396778,18.097097,0.4611973404517704,,,,,,,,,,,,False,False
5340162022913251328,,,NGC3532,166.5371945365193,-58.66436612617946,2.7149754,17.259178,0.5202134167943574,,,,,,,,,,,,False,False
5340162057273013248,,,NGC3532,166.53105901794402,-58.63841597422052,0.038809776,8.535994,0.0654619626399571,214.39003,21.53652,0.10045485790547257,,,,,,,,,True,True
5340162125992508800,,,NGC3532,166.58730503302348,-58.63840530748581,1.9839354,15.877734,0.4704110335026888,,,,,,,,,,,,False,False
5340162229071686912,,,NGC3532,166.5165840446398,-58.65216241903189,1.4587669,14.569933,0.421643980524111,,,,,,,,,,,,False,False
5340162259097783680,,,NGC3532,166.51161471940526,-58.63777002191552,2.1436424,16.198618,0.4851531142121074,,,,,,,,,,,,False,False
5340162293453729152,,,NGC3532,166.46255535434244,-58.63019608771549,2.1584244,16.156734,0.49749326947002,,,,,,,,,,,,False,False
5340162293457520896,,,NGC3532,166.485821177769,-58.64488363674329,2.7351970000000003,18.211609,0.4305021881558566,,,,,,,,,,,,False,False
5340162297752998016,,,NGC3532,166.4688715863578,-58.63463155409429,3.2318974,16.910162,0.723341249193434,,,,,,,,,,,,False,False
5340162297791385344,,,NGC3532,166.48397166867124,-58.64031822677215,2.8276234,17.79072,0.4875842218003067,,,,,,,,,,,,False,False
5340162332151270016,,,NGC3532,166.47199969405702,-58.61795202109292,0.7291403000000001,12.130418,0.1386134927087922,,,,,,,,,,,,False,False
5340162435230352384,,,NGC3532,166.48765748185926,-58.6088240885376,1.8774614,15.587245,0.470933465783601,,,,,,,,,,,,False,False
5340162465252568832,,,NGC3532,166.49931097579864,-58.60237789774757,2.9433842,17.728298000000006,0.5207090939653912,,,,,,,,,,,,False,False
5340162503949645184,,,NGC3532,166.5843547704977,-58.62235203544427,2.8860377999999995,17.537262,0.529474969027033,,,,,,,,,,,,False,False
5340162538309397120,,,NGC3532,166.60083291030702,-58.61280125876919,2.6779308,17.029257,0.5405333446614813,,,,,,,,,,,,False,False
5340162710108101376,,,NGC3532,166.57016079730334,-58.58829648912632,0.94392014,13.213921,0.1808082860305049,,,,,,,,,,,,False,False
5340162813149366784,,,NGC3532,166.52404164189787,-58.58580967152909,2.7940884,18.195068,0.4436319080803118,,,,,,,,,,,,False,False
5340213661266454784,,,NGC3532,166.2253867119824,-58.51270910351805,2.917673,17.800532999999994,0.5068831031791877,,,,,,,,,,,,False,False
5340162881868803200,,,NGC3532,166.51252729569433,-58.58245466817328,2.9565601000000004,18.023113,0.492506992715266,,,,,,,,,,,,False,False
5340213631236461312,,,NGC3532,166.21860278865142,-58.53038853464211,1.889018,15.110789000000002,0.5837596207417327,,,,,,,,,,,,False,False
5340213768675433216,,,NGC3532,166.2401010136208,-58.50669615109583,2.4818344,16.870117,0.5045048667927854,,,,,,,,,,,,False,False
5340162950626468480,,,NGC3532,166.52758894926197,-58.561563505296576,0.9065695,12.985132,0.1927263590641279,,,,,,,,,,,,False,False
5340213803019490688,,,NGC3532,166.24479183393763,-58.49319327784548,2.5216541,18.020826,0.4007962008798166,,,,,,,,,,,,False,False
5340213837394913024,,,NGC3532,166.2192257702702,-58.49272987938475,0.701911,11.957539,0.1763792489174768,29.949942,20.292816,0.6775577728998606,,,,,,,,,True,False
5340213901780626816,,,NGC3532,166.17405249835957,-58.51153466475554,0.91616154,13.045016,0.1883862150985295,,,,,,,,,,,,False,False
5340213940474116352,,,NGC3532,166.18077405561928,-58.49729903776402,2.7772617000000004,17.602549,0.4956970046487396,,,,,,,,,,,,False,False
5340213974833846784,,,NGC3532,166.13291452488855,-58.49400335816482,2.5168896000000003,16.338486,0.6013969785946497,,,,,,,,,,,,False,False
5340214009193591808,,,NGC3532,166.12966560013737,-58.480185850912406,0.91744614,13.075889,0.1781026671269607,,,,,,,,,,,,False,False
5340214077913205760,,,NGC3532,166.18307378747446,-58.46440274131086,0.321805,10.620919,0.0749600450223988,,,,,,,,,,,,False,False
5340163122424976512,,,NGC3532,166.68532318766046,-58.61133634897408,1.7442398,15.228898999999998,0.4687722946528144,,,,,,,,,,,,False,False
5340214142299124864,,,NGC3532,166.14500049270217,-58.45419344612428,2.6347732999999995,17.167822,0.5100334006844622,,,,,,,,,,,,False,False
5340214180992306432,,,NGC3532,166.25743657081998,-58.4851077942831,0.84185314,12.645223,0.1998475646914131,,,,,,,,,,,,False,False
5340163294223690624,,,NGC3532,166.71354460921802,-58.58290949969991,2.2478142000000005,16.379282,0.4966114498666647,,,,,,,,,,,,False,False
5340214382813394304,,,NGC3532,166.21847605209666,-58.4442631800497,2.0940876,16.067116,0.4861765039203377,,,,,,,,,,,,False,False
5340163328583404416,,,NGC3532,166.65644410696038,-58.60458152565404,2.2787933,16.454829999999998,0.4964342679243082,,,,,,,,,,,,False,False
5340214558933816320,,,NGC3532,166.17741530310778,-58.43520399833957,2.5874367,18.52578,0.3809419066202757,,,,,,,,,,,,False,False
5340163466022376960,,,NGC3532,166.6785254089044,-58.58140718588592,1.5939808000000002,14.92009,0.4402616641808112,,,,,,,,,,,,False,False
5340214627668924544,,,NGC3532,166.1931204942996,-58.42079602897268,1.5901108,14.898073000000002,0.4425049480375859,,,,,,,,,,,,False,False
5340214662028660992,,,NGC3532,166.15937094701056,-58.41273633451964,1.9931564,15.835342,0.4816022576274237,,,,,,,,,,,,False,False
5340214795134148352,,,NGC3532,166.08074834012984,-58.46963019121686,2.6853542,16.876762,0.5651267131596927,,,,,,,,,,,,False,False
5340214833827321984,,,NGC3532,166.0932468463755,-58.45423527983375,2.0726585,15.986304999999998,0.4905365004461058,,,,,,,,,,,,False,False
5340214898213371392,,,NGC3532,166.11580292419424,-58.44300027953346,2.5278912,17.38249,0.4572899138752094,,,,,,,,,,,,False,False
5340214936906544512,,,NGC3532,166.09197963159798,-58.43895548464943,2.4177876,16.050112,0.6214562722316767,,,,,,,,,,,,False,False
5340215001296344320,,,NGC3532,166.055387883793,-58.45825345544913,2.6907558,17.794537,0.4562919771023999,,,,,,,,,,,,False,False
5340215211784289408,,,NGC3532,166.03200474326505,-58.41996057636833,0.62448883,11.6089,0.126061435198079,60.088875,40.43056,0.6728460135091562,,,,,,,,,True,False
5340163981418476032,,,NGC3532,166.66389637955413,-58.53694320927632,2.0683174,15.987595,0.4884996086108928,,,,,,,,,,,,False,False
5340163981418477440,,,NGC3532,166.64604637420774,-58.52903014558889,1.5541649,14.868862,0.4241272885290426,,,,,,,,,,,,False,False
5340215246144032512,,,NGC3532,166.05028106939932,-58.41785777347349,1.2629757,14.160376,0.3465824166460562,,,,,,,,,,,,False,False
5340164015778222720,,,NGC3532,166.69621359996833,-58.53529594871925,0.51813984,10.680645,0.4123701018948042,40.16369,11.83248,0.29460639697199137,,,,,,,,,True,False
5340164084497918080,,,NGC3532,166.65294117382817,-58.51693800588512,1.8902721,15.58206,0.4782461933557273,,,,,,,,,,,,False,False
5340164118819962880,,,NGC3532,166.67711056722638,-58.51073828430256,2.835146,18.49102,0.4289569656636863,,,,,,,,,,,,False,False
5340215349223412992,,,NGC3532,166.1119279989579,-58.4273638960363,1.0646076,12.95028,0.6100940127028323,,,,,,,,,,,,False,False
5340215349223413504,,,NGC3532,166.1012688846652,-58.42264793919107,1.4046354,13.810021,0.6440141139876687,,,,,,,,,,,,False,False
5340164187577098624,,,NGC3532,166.5974296096406,-58.558465206713215,1.4935017,14.600113,0.4421009843114257,,,,,,,,,,,,False,False
5340164217621029248,,,NGC3532,166.58415990668507,-58.572380469940775,2.454504,16.799248000000002,0.5056908571540946,,,,,,,,,,,,False,False
5340215452302499584,,,NGC3532,166.1352526424991,-58.39044559783338,0.8396206,12.688213,0.1643794881535682,,,,,,,,,,,,False,False
5340164251958210560,,,NGC3532,166.58581761013318,-58.55255964920981,0.83064747,11.915901,0.9046611689882338,,,,,,,,,,,,False,False
5340164290656319232,,,NGC3532,166.5990487821045,-58.54080455860375,0.94447994,13.19034,0.1907759596981388,,,,,,,,,,,,False,False
5340164393735537024,,,NGC3532,166.6007185954409,-58.5307580432729,0.41544056,10.797493,0.1426748313335727,,,,,,,,,,,,False,False
5340164428095235840,,,NGC3532,166.54693131401885,-58.5521308595574,2.499012,16.854809,0.5117888177004843,,,,,,,,,,,,False,False
5340164496814686592,,,NGC3532,166.50804305858026,-58.541287049385225,1.3958282,14.504367000000002,0.3853156899262749,,,,,,,,,,,,False,False
5340164496814687488,,,NGC3532,166.50641258347082,-58.5338220468147,0.6065054,11.459374,0.1811715691469152,,,,,,,,,,,,False,False
5340215967698741632,,,NGC3532,166.2847828732921,-58.41640883030656,1.5231934,14.812223,0.4145777410129982,,,,,,,,,,,,False,False
5340164702973188864,,,NGC3532,166.60853790932526,-58.52681075568381,-0.007633209,8.982944,0.0104947486132798,,,,,,,,,,,,False,True
5340164737332972928,,,NGC3532,166.61472504707277,-58.50533284031369,1.8951902,15.589935999999998,0.4792277726508256,,,,,,,,,,,,False,False
5340164806014568960,,,NGC3532,166.5965706340921,-58.50626656445643,0.14831543,10.12647,0.0343410258901529,,,,,,,,,,,,False,True
5340164836070295552,,,NGC3532,166.62197910488732,-58.50374173036575,0.6090821999999999,11.562415,0.0948609437646706,27.630377,28.818079,1.0429853707750714,,,,,,,,,True,False
5340164874771895296,,,NGC3532,166.62906245588698,-58.496176414906,0.9211626,13.069751,0.1891564301976791,,,,,,,,,,,,False,False
5340216208216902272,,,NGC3532,166.18734335194324,-58.39261363510608,1.3299531999999998,13.597241,0.6597384563969537,,,,,,,,,,,,False,False
5340164909093811200,,,NGC3532,166.59530978896044,-58.48801705470883,2.4175072,16.765333,0.4987483303008819,,,,,,,,,,,,False,False
5340164909131623040,,,NGC3532,166.60308014105405,-58.49702624672648,2.6900864,17.382816000000002,0.4987826314148595,,,,,,,,,,,,False,False
5340216276948717696,,,NGC3532,166.22502172194822,-58.3740291685396,0.9167061,13.037567,0.1929641663115752,,,,,,,,,,,,False,False
5340216306961388288,,,NGC3532,166.20180084970676,-58.384478142344754,2.70479,17.447746,0.4950953304787778,,,,,,,,,,,,False,False
5340216311296129024,,,NGC3532,166.18889705650184,-58.3743914864851,0.8330593000000001,12.690703,0.1416282462365008,,,,,,,,,,,,False,False
5340216345655872512,,,NGC3532,166.18755763228737,-58.361133018503615,2.489565,16.429245,0.5748776923405134,,,,,,,,,,,,False,False
5340165012172974848,,,NGC3532,166.5841226115084,-58.49265453877759,2.8105965,17.669323000000006,0.4963679987800397,,,,,,,,,,,,False,False
5340165042228725248,,,NGC3532,166.52862630212348,-58.483963698318526,0.6200180000000001,11.642871,0.0699219721227957,,,,,,,,,,,,False,False
5340216410040607616,,,NGC3532,166.29995116573954,-58.38322045087192,2.7938976,17.685513,0.4907410088500019,,,,,,,,,,,,False,False
5340165282750363392,,,NGC3532,166.4460506837856,-58.61355574181015,0.7639694,11.587251,0.8376476046781646,69.021385,29.951199,0.43394085760521905,,,,,,,,,True,False
5340216753635661056,,,NGC3532,166.20394340540776,-58.33421102586754,1.6500216,15.0591,0.4470140799356711,,,,,,,,,,,,False,False
5340165390167830400,,,NGC3532,166.4527989794688,-58.59459829573486,0.43236828,10.93046,0.0805414017733704,22.780045,12.777066,0.5608885320463589,,,,,,,,,True,False
5340165527568215808,,,NGC3532,166.38706509154812,-58.59416927888493,2.5984135,18.218666,0.4026169980938962,,,,,,,,,,,,False,False
5340217067210233088,,,NGC3532,166.16476707176926,-58.35889157368374,0.9898205,13.384811,0.207882437187789,,,,,,,,,,,,False,False
5340217135929707136,,,NGC3532,166.12561689597047,-58.34753011811422,0.5879545,11.471583,0.0846675714578276,,,,,,,,,,,,False,False
5340217238989818368,,,NGC3532,166.10820103507356,-58.351903839399405,2.4253502,17.609331,0.4109604447811653,,,,,,,,,,,,False,False
5340165695071705984,,,NGC3532,166.40641982919496,-58.56262337770665,2.9356728,18.400867,0.4547053970085214,,,,,,,,,,,,False,False
5340165729427726208,,,NGC3532,166.38421372765154,-58.57097173675318,2.818304,17.538636999999998,0.5127877154701982,,,,,,,,,,,,False,False
5340165763791180544,,,NGC3532,166.37762617795437,-58.557997170368346,2.8520985,17.91339,0.4808090563362084,,,,,,,,,,,,False,False
5340217509557401728,,,NGC3532,166.1798642147701,-58.32331454370263,2.840849,17.895689,0.480071586837206,,,,,,,,,,,,False,False
5340165802484698752,,,NGC3532,166.45934248798417,-58.57711317449565,1.3323258999999998,14.282259,0.3836026015949369,,,,,,,,,,,,False,False
5340217543911590272,,,NGC3532,166.13607590856688,-58.329608752361686,2.517601,17.446993,0.4482089133562913,,,,,,,,,,,,False,False
5340217646988981376,,,NGC3532,166.1818010523295,-58.296094412214,2.128664,15.350906,0.6566390762968735,,,,,,,,,,,,False,False
5340217651325832064,,,NGC3532,166.20211422511804,-58.30596513460173,2.3878155,16.059294,0.6072612599146032,,,,,,,,,,,,False,False
5340165905563911680,,,NGC3532,166.44701400769276,-58.55606395782305,1.3657122,14.404503,0.3832634354418941,,,,,,,,,,,,False,False
5340165935589882624,,,NGC3532,166.4842971368025,-58.5615907223286,2.8762074,17.839252,0.4935260886407951,,,,,,,,,,,,False,False
5340165969945747968,,,NGC3532,166.4788619408373,-58.54085477012229,2.2786922,16.465881,0.4947845302251312,,,,,,,,,,,,False,False
5340217788764762112,,,NGC3532,166.11734981064924,-58.30393987368883,0.64856815,11.8221035,0.0346748081325376,15.702739,17.706488,1.127605063040276,,,,,,,,,True,False
5340166008643129984,,,NGC3532,166.4465447142419,-58.53858171640968,2.2809277000000003,16.51912,0.4879349661348163,,,,,,,,,,,,False,False
5340166008643133312,,,NGC3532,166.45375118321817,-58.54729920180026,0.93846893,13.2137985,0.169841332014066,,,,,,,,,,,,False,False
5340166008643136384,,,NGC3532,166.4543423983041,-58.54167670586436,0.018289566,9.182577,0.0309705672810331,,,,,,,,,,,,False,True
5340166042964650624,,,NGC3532,166.46850603189552,-58.52761529224647,2.4492682999999995,16.988602,0.4797582282051455,,,,,,,,,,,,False,False
5340217921868173824,,,NGC3532,166.12722705429397,-58.27629654292152,2.295948,16.487984,0.4975727096709197,,,,,,,,,,,,False,False
5340166111722333184,,,NGC3532,166.42638607550376,-58.53764761418274,1.355691,14.388384,0.3782466391727951,,,,,,,,,,,,False,False
5340166141744601728,,,NGC3532,166.3745704698211,-58.5365454631788,2.6461506,17.130754,0.5178958396348146,,,,,,,,,,,,False,False
5340166176108041472,,,NGC3532,166.39186784156038,-58.53075918829235,3.0060272,17.993448,0.5059817837423225,,,,,,,,,,,,False,False
5340218029295260032,,,NGC3532,166.0102351441027,-58.444510546784656,0.076441765,9.596662,0.0582055381482442,,,,,,,,,,,,False,True
5340218093668229632,,,NGC3532,165.9823923894485,-58.42653718403142,0.7251568,11.421676,0.7378419376284575,15.523449,24.078274,1.5510904825338752,,,,,,,,,True,False
5340218132362042496,,,NGC3532,165.97506053055773,-58.413717437456405,1.7874259999999995,15.356565,0.4675017085562244,,,,,,,,,,,,False,False
5340218231107182720,,,NGC3532,165.97287031129926,-58.39525742161389,0.05480194,8.321978,0.0726859520520151,105.72528,6.0296907,0.05703168343465252,,,,,,,,,True,True
5340218299827168128,,,NGC3532,165.9507358024243,-58.41132014599303,2.0450764,15.834084,0.5050146541725473,,,,,,,,,,,,False,False
5340166485341977600,,,NGC3532,166.35224565548563,-58.55552524987518,2.3615952,16.592035,0.5048344594364684,,,,,,,,,,,,False,False
5340166519700942336,,,NGC3532,166.35950010846432,-58.54554331273485,0.05218792,9.502213,0.040442644955021,142.21507,12.42262,0.0873509396718646,,,,,,,,,True,True
5340218510319177088,,,NGC3532,165.92569872061168,-58.37260533597061,1.0764847,13.68092,0.2531523366437865,,,,,,,,,,,,False,False
5340218613398416768,,,NGC3532,166.03240698017075,-58.3738703042649,0.7435274000000001,12.235449,0.114839888936725,,,,,,,,,,,,False,False
5340218643422559616,,,NGC3532,166.0076809769634,-58.37799775207732,2.2316132,16.244736,0.511567037844229,,,,,,,,,,,,False,False
5340218750818118400,,,NGC3532,166.04414705166457,-58.35622589360833,2.7297897,18.376532,0.4172729848749874,,,,,,,,,,,,False,False
5340218750837385856,,,NGC3532,166.0498339263413,-58.35449664011471,1.8937111,15.456236,0.5045721977466806,,,,,,,,,,,,False,False
5340218987026133120,,,NGC3532,165.98308767016616,-58.34149801651535,2.9139042,17.253141,0.5740507719631398,,,,,,,,,,,,False,False
5340219193184551680,,,NGC3532,165.8654956595871,-58.37470301842746,2.9931793,17.743448,0.5304150423052774,,,,,,,,,,,,False,False
5340166833276551168,,,NGC3532,166.26741763480473,-58.51682405708639,0.9691056999999998,13.314304000000002,0.1941172511736316,,,,,,,,,,,,False,False
5340166897662543232,,,NGC3532,166.34898127768318,-58.52658671434365,2.6219482000000003,17.351065,0.4848664358917097,,,,,,,,,,,,False,False
5340166901957758336,,,NGC3532,166.36741032116555,-58.53462851690272,2.7832355,18.66712,0.4076087656290267,,,,,,,,,,,,False,False
5340166936356023680,,,NGC3532,166.36511998945312,-58.52093428483226,2.4806862,17.672035,0.4188099019100398,,,,,,,,,,,,False,False
5340166936356025344,,,NGC3532,166.3681184192054,-58.51894405761716,2.2349434,16.068823000000002,0.5431483124935274,,,,,,,,,,,,False,False
5340219502414030720,,,NGC3532,165.81605106414003,-58.33736471920102,0.6790056,11.893509,0.1227865529826664,,,,,,,,,,,,False,False
5340219575483504768,,,NGC3532,165.84355142312808,-58.33110011416359,0.1843462,10.105644,0.0919394743935713,189.69815,29.957388,0.15792135031364302,,,,,,,,,True,True
5340219678530796672,,,NGC3532,165.9067341695077,-58.3439150086865,2.6262188,18.562649,0.3858591246175326,,,,,,,,,,,,False,False
5340167176873943296,,,NGC3532,166.2913663773271,-58.49717589571922,0.7963743000000001,12.466313,0.1625094595244258,,,,,,,,,,,,False,False
5340220022147681664,,,NGC3532,165.8274079365055,-58.30912482716739,1.0846071000000002,13.64174,0.276607835068315,,,,,,,,,,,,False,False
5340220052172522880,,,NGC3532,165.83718649919754,-58.29845795287074,2.490736,16.924473000000006,0.50001168494474,,,,,,,,,,,,False,False
5340167245593416960,,,NGC3532,166.27393973402744,-58.499053603780425,0.67290306,11.897044,0.0865569410648829,,,,,,,,,,,,False,False
5340167279953159552,,,NGC3532,166.26922573367838,-58.48419716761256,0.25004673,10.386152,0.0809892648267153,58.919884,9.384173,0.15927005219494322,,,,,,,,,True,False
5340220365726169984,,,NGC3532,166.04673032898006,-58.30578318612357,2.7489872,17.489386,0.5013999066011315,,,,,,,,,,,,False,False
5340167309975722624,,,NGC3532,166.31337363873394,-58.48421724507144,2.6088676,17.963917000000006,0.4236956746389508,,,,,,,,,,,,False,False
5340167447418369920,,,NGC3532,166.47778313401471,-58.51783018938535,2.7083817000000003,18.11411,0.4326826997112467,,,,,,,,,,,,False,False
5340167451752169216,,,NGC3532,166.47759076041012,-58.52950658802304,1.4722366000000002,14.707375,0.4000622684691225,,,,,,,,,,,,False,False
5340167584853624192,,,NGC3532,166.49750553256962,-58.5095065613758,2.6794147,16.966967,0.5498574522215228,,,,,,,,,,,,False,False
5340220846793858688,,,NGC3532,166.0305942351011,-58.27735231027668,2.6242943,18.528414,0.3875578168432635,,,,,,,,,,,,False,False
5340220911164228480,,,NGC3532,166.07437039980798,-58.2680340705857,1.8939524,15.485076,0.4988350442723956,,,,,,,,,,,,False,False
5340221018580197760,,,NGC3532,166.05562057279275,-58.2482006596284,2.2204266,16.459787,0.4752647146048601,,,,,,,,,,,,False,False
5340167692270339584,,,NGC3532,166.4620217425977,-58.4800227442138,1.7324332999999998,15.136185,0.4815346930941456,,,,,,,,,,,,False,False
5340167760998930816,,,NGC3532,166.4348075809057,-58.49142072894549,0.14215946,10.028558,0.0552905833848884,,,,,,,,,,,,False,True
5340167791011260544,,,NGC3532,166.39472784501135,-58.48842063876205,0.6091757,11.542625,0.1146086049662683,,,,,,,,,,,,False,False
5340221156019129472,,,NGC3532,165.9936370430963,-58.2468908002191,1.7352657,15.266916,0.4558997521665403,,,,,,,,,,,,False,False
5340167825370475008,,,NGC3532,166.4070643186664,-58.48597243791132,2.7638054,17.466425,0.5077199117307842,,,,,,,,,,,,False,False
5340167894087009408,,,NGC3532,166.43961606057763,-58.46556286223118,0.6192913000000001,11.644178,0.0648871113557542,,,,,,,,,,,,False,False
5340167898428770304,,,NGC3532,166.46044218369352,-58.47258947529662,2.096775,15.980717000000002,0.5016197380124815,,,,,,,,,,,,False,False
5340221392207954688,,,NGC3532,165.9132724518918,-58.28070090297143,2.6034489,18.055843,0.4154174259351953,,,,,,,,,,,,False,False
5340168001508017664,,,NGC3532,166.5076468442401,-58.47982778058122,0.72025394,12.152891,0.0768435745498046,,,,,,,,,,,,False,False
5340221426567690752,,,NGC3532,165.89452656344412,-58.26520508597846,2.9007263,18.141743,0.469791069295808,,,,,,,,,,,,False,False
5340168138946991488,,,NGC3532,166.5288478635981,-58.46378913153096,1.9445744,15.625923,0.4967437760832876,,,,,,,,,,,,False,False
5340168173306731136,,,NGC3532,166.52488402598755,-58.44829688329562,2.0731945,15.910932999999998,0.5036683625171079,,,,,,,,,,,,False,False
5340221671415309568,,,NGC3532,165.85297698599246,-58.25977865861648,0.27044487,10.327462,0.1393521837861013,155.10556,22.898394,0.1476310326979897,,,,,,,,,True,False
5340221804518665088,,,NGC3532,165.8661633140936,-58.24117459718176,2.3500233,16.33796,0.5403478884773744,,,,,,,,,,,,False,False
5340168448184315264,,,NGC3532,166.4657169924024,-58.42000717140888,1.2490091,14.1793375,0.3274439370840144,,,,,,,,,,,,False,False
5340168482544050560,,,NGC3532,166.42559989751226,-58.41526753566336,0.96946335,13.232655,0.2248758606824155,,,,,,,,,,,,False,False
5340222049372349952,,,NGC3532,165.96322145828168,-58.213090480197344,2.10808,16.100319,0.4865228238069115,,,,,,,,,,,,False,False
5340168688702453376,,,NGC3532,166.37724964883338,-58.45996060696026,1.9822521,15.792797,0.484047577863109,,,,,,,,,,,,False,False
5340168757421931648,,,NGC3532,166.35571408899222,-58.44756968232139,1.8769064,15.344385999999998,0.5193554955085234,,,,,,,,,,,,False,False
5340168791781677568,,,NGC3532,166.35793788877228,-58.42738845751147,2.2210522,16.260385999999997,0.5050642882690785,,,,,,,,,,,,False,False
5340222530409352704,,,NGC3532,166.28379284274118,-58.31840748734896,0.43885136,10.938808,0.0892783875166396,,,,,,,,,,,,False,False
5340222530409353856,,,NGC3532,166.281434597434,-58.31286575247324,0.96319866,13.256267,0.2035075688599138,,,,,,,,,,,,False,False
5340169032299841280,,,NGC3532,166.2969643573027,-58.41692949578965,0.02986145,9.414594,0.0231718693216074,,,,,,,,,,,,False,True
5340169066659587328,,,NGC3532,166.30413399957138,-58.40236070817596,0.33926487,10.666396,0.0791446435796593,,,,,,,,,,,,False,False
5340169375897232512,,,NGC3532,166.34103974720233,-58.41581949585804,0.73258877,12.124611,0.160320106698881,,,,,,,,,,,,False,False
5340169405918513408,,,NGC3532,166.33133585153757,-58.39197174633012,2.7996426,17.52184,0.5101658463830212,,,,,,,,,,,,False,False
5340223041469185920,,,NGC3532,166.29543336698373,-58.2781836237225,2.4659863,16.950745,0.4893255873269055,,,,,,,,,,,,False,False
5340223178906966016,,,NGC3532,166.31158681315728,-58.258908972085685,2.2786388,16.121412,0.551094091204757,,,,,,,,,,,,False,False
5340223217585907968,,,NGC3532,166.29766403265214,-58.23868799169971,2.5306778,17.017429999999994,0.4997572795319434,,,,,,,,,,,,False,False
5340223217603875328,,,NGC3532,166.29781772480678,-58.238127749964285,2.571661,16.802570000000006,0.5415590395327001,,,,,,,,,,,,False,False
5340169788214923136,,,NGC3532,166.75726696934245,-58.507728733251646,0.9168825,13.06476,0.1815089987486165,,,,,,,,,,,,False,False
5340169788214925824,,,NGC3532,166.7772480531046,-58.50709255032506,1.5320377,14.748747,0.4353613349251025,,,,,,,,,,,,False,False
5340170097452786688,,,NGC3532,166.69756599835796,-58.46794228462578,2.8050728,17.961634,0.4660662031599781,,,,,,,,,,,,False,False
5340170234891539328,,,NGC3532,166.77414372065616,-58.462069373222505,2.6000347,17.19098,0.4976886064376031,,,,,,,,,,,,False,False
5340170269251271168,,,NGC3532,166.73780948904337,-58.46860776772222,0.15893745,10.023959,0.0797242960402806,,,,,,,,,,,,False,True
5340170299271675008,,,NGC3532,166.7434626419579,-58.44960099689217,2.8288498,17.227139,0.5549260860395788,,,,,,,,,,,,False,False
5340170303611015424,,,NGC3532,166.75076087900987,-58.45745353917116,2.1986332,16.122522,0.5190531862344433,,,,,,,,,,,,False,False
5340170337970754944,,,NGC3532,166.78663742981942,-58.46446387454139,1.1727953000000002,14.000815,0.2895326908612277,,,,,,,,,,,,False,False
5340224214018217856,,,NGC3532,166.21605742899845,-58.21844691310853,2.9228191000000003,17.877556,0.4999068614454275,,,,,,,,,,,,False,False
5340170372330497024,,,NGC3532,166.78795414303178,-58.44935272065177,2.2358952000000003,16.187975,0.5225867788275984,,,,,,,,,,,,False,False
5340170574149600000,,,NGC3532,166.6857680602721,-58.4278180709799,2.3916054,16.84742,0.4800122626623511,,,,,,,,,,,,False,False
5340224523273937280,,,NGC3532,166.16166102589702,-58.186373630155785,2.8948803,17.738317000000006,0.5084408365566523,,,,,,,,,,,,False,False
5340170677258537472,,,NGC3532,166.70694604176364,-58.41900613053728,1.5677681,14.9075775,0.425161844544164,,,,,,,,,,,,False,False
5340224763792377216,,,NGC3532,166.35946942174093,-58.22894818942398,0.37963104,10.70423,0.1324842237078384,,,,,,,,,,,,False,False
5340170750287782528,,,NGC3532,166.65035039129543,-58.48176321660361,1.891839,15.501788,0.494410263150659,,,,,,,,,,,,False,False
5340224866871394176,,,NGC3532,166.32682673363675,-58.1997360848066,0.0099983215,9.055768,0.0281767935788214,,,,,,,,,,,,False,True
5340224896894024832,,,NGC3532,166.28961040631089,-58.21816088039913,2.3033352,16.248291000000002,0.5381823884697661,,,,,,,,,,,,False,False
5340170784647524096,,,NGC3532,166.6484104370598,-58.46717767102665,2.9821262,17.636001999999994,0.5405925674891566,,,,,,,,,,,,False,False
5340170922086493952,,,NGC3532,166.6665335166665,-58.4509196597695,0.38343334,10.289197,0.3260173729356514,113.03392,14.110858,0.12483737624953643,,,,,,,,,True,False
5340171025165668224,,,NGC3532,166.58635367749355,-58.46180965140872,0.2809496,10.310318,0.1624407153990221,,,,,,,,,,,,False,False
5340171059525409664,,,NGC3532,166.58986501357634,-58.446497691425975,0.30658722,10.608739,0.0545040496727394,100.73527,56.283184,0.5587237121615894,,,,,,,,,True,False
5340171089550754688,,,NGC3532,166.55196417832892,-58.44671258398646,2.4170265,17.205583999999998,0.4463492851300888,,,,,,,,,,,,False,False
5340171162604625024,,,NGC3532,166.58433702732867,-58.43106860087477,0.27182102,10.28308,0.1590199551345673,,,,,,,,,,,,False,True
5340171226981629312,,,NGC3532,166.57246350930996,-58.42517178738285,0.10446358,9.900634,0.036632736859055,,,,,,,,,,,,False,True
5340171227014430848,,,NGC3532,166.5601921514737,-58.42235139200629,2.7754822,18.085072,0.4489322100348716,,,,,,,,,,,,False,False
5340225691488436608,,,NGC3532,166.28686650872447,-58.121583051462224,2.8047314,17.980438,0.4642735467969527,,,,,,,,,,,,False,False
5340171368727005440,,,NGC3532,166.63778101370215,-58.41905106721672,3.0559998,18.154718,0.5002348309118068,,,,,,,,,,,,False,False
5340171403086749312,,,NGC3532,166.6350633730367,-58.40555997346297,2.7237492000000003,18.442675,0.4115403244623405,,,,,,,,,,,,False,False
5340225932007804288,,,NGC3532,166.2143869546091,-58.16311007213562,2.803339,18.265512,0.4398502642543609,,,,,,,,,,,,False,False
5340171574921497984,,,NGC3532,166.61221992959068,-58.409319931926056,1.7304897,15.234421,0.4596377414077086,,,,,,,,,,,,False,False
5340171604940714240,,,NGC3532,166.596621502793,-58.3931512699485,2.4634418,16.811664999999998,0.5067651058618238,,,,,,,,,,,,False,False
5340226241260966912,,,NGC3532,166.16262184827008,-58.11928617876074,0.49067497,11.112349,0.0764380173420578,41.139904,16.318178,0.3966508526612021,,,,,,,,,True,False
5340226275603487360,,,NGC3532,166.2643668472471,-58.15158996965043,2.7364445,17.352552,0.5142950592538571,,,,,,,,,,,,False,False
5340226344340200192,,,NGC3532,166.2299508055871,-58.13483113765275,2.0410604,15.956048,0.4821981995668804,,,,,,,,,,,,False,False
5340171918483071488,,,NGC3532,166.77096839333586,-58.424862605498895,2.8445663,18.178,0.4552261636861199,,,,,,,,,,,,False,False
5340226619218118144,,,NGC3532,166.16719481162397,-58.107190981008976,1.1837883,13.971721,0.3097473038955108,,,,,,,,,,,,False,False
5340172017278347776,,,NGC3532,166.79945660386292,-58.40164907511856,2.2578602,16.510939999999998,0.4811600530561524,,,,,,,,,,,,False,False
5340226687937623552,,,NGC3532,166.21341950094768,-58.110000553591696,2.3780212000000005,15.65378,0.7004007671365281,,,,,,,,,,,,False,False
5340172085975106688,,,NGC3532,166.78544789382832,-58.39019219741808,0.05307579,8.900589,0.0825107037964641,,,,,,,,,,,,False,True
5340226756657108992,,,NGC3532,166.17709516803566,-58.09300936408026,0.34780598,10.566416,0.153347217806766,249.69144,24.036608,0.09626524641773863,,,,,,,,,True,False
5340172159037118720,,,NGC3532,166.74621914638772,-58.39845989480293,0.9404545,13.095788,0.2212547702507004,,,,,,,,,,,,False,False
5340172262116357504,,,NGC3532,166.74568091654317,-58.38816598712478,1.1102419,13.702231,0.2941707125921166,,,,,,,,,,,,False,False
5340172463932227456,,,NGC3532,166.7801779981044,-58.369782983860006,0.699811,11.988107,0.1334082861290811,,,,,,,,,,,,False,False
5340172468274819968,,,NGC3532,166.7720743747429,-58.36386738436696,0.93336964,13.135534,0.1888696082713959,,,,,,,,,,,,False,False
5340172571353882368,,,NGC3532,166.8159368579796,-58.34532194123511,2.3760642999999995,16.535185000000002,0.5181038050452682,,,,,,,,,,,,False,False
5340172605713619456,,,NGC3532,166.80630707191068,-58.35108979168511,2.6475296000000004,16.985575,0.5378775164332664,,,,,,,,,,,,False,False
5340172949275318400,,,NGC3532,166.68206058192456,-58.3892201000171,2.6707592,18.012152,0.433020076264613,,,,,,,,,,,,False,False
5340172949311127936,,,NGC3532,166.6761696081936,-58.382919791669295,1.2721796,14.236466,0.3367240157738225,,,,,,,,,,,,False,False
5340172983670865664,,,NGC3532,166.6948918619081,-58.38414608430454,1.0974808,13.728678,0.2685945825134619,,,,,,,,,,,,False,False
5340173151128984576,,,NGC3532,166.66259730641727,-58.35338280006911,2.5842342,16.883064,0.5336634652774043,,,,,,,,,,,,False,False
5340173361627803392,,,NGC3532,166.63491059794163,-58.33690055486022,2.8232288,18.000328,0.4664062235422587,,,,,,,,,,,,False,False
5340173426007529856,,,NGC3532,166.59402469161043,-58.32704839042079,2.6892204,17.258020000000002,0.5134986375130298,,,,,,,,,,,,False,False
5340173430347270656,,,NGC3532,166.6061957591373,-58.32616059167376,1.860878,15.418814,0.4948413169067866,,,,,,,,,,,,False,False
5340173533435130880,,,NGC3532,166.70518676842178,-58.3251409803291,0.15398979,10.095592,0.0522192299049147,,,,,,,,,,,,False,True
5340228646424714624,,,NGC3532,165.99552883054216,-58.112761719051846,2.7152367,17.08005,0.5440494540827873,,,,,,,,,,,,False,False
5340228676468593408,,,NGC3532,165.97512651423838,-58.1187028291453,1.0966358,13.662212,0.2875252935388092,,,,,,,,,,,,False,False
5340173632163328384,,,NGC3532,166.7083408760899,-58.30979391660932,0.6718588000000001,11.913514,0.0639088723028672,14.32237,39.70401,2.7721675951675593,,,,,,,,,True,False
5340228818241201920,,,NGC3532,165.91816123610192,-58.11923159014529,1.4579086,14.635834,0.4051784068978598,,,,,,,,,,,,False,False
5340228882651310080,,,NGC3532,165.9455597311471,-58.094277793168246,2.700571,16.701082,0.5985318879177008,,,,,,,,,,,,False,False
5340173808304411648,,,NGC3532,166.64071203101696,-58.30144705169964,1.5253391,14.810215,0.4165521105359517,,,,,,,,,,,,False,False
5340228886960722432,,,NGC3532,165.9427449909729,-58.09611189832211,2.6736298,18.326778,0.4099369006069535,,,,,,,,,,,,False,False
5340173842663985152,,,NGC3532,166.60415694745774,-58.299245856901855,1.4455452,14.658199,0.3904696060000999,,,,,,,,,,,,False,False
5340228990039961728,,,NGC3532,165.91294121881938,-58.06926592270182,0.5743437,11.298401,0.194490650078988,65.06041,35.516987,0.5459078262802217,,,,,,,,,True,False
5340229020081849600,,,NGC3532,166.13297578137747,-58.15355071650082,2.1149235,16.34105,0.4537742481143447,,,,,,,,,,,,False,False
5340173911383636992,,,NGC3532,166.66178067653695,-58.2907373154199,0.7874708,12.431438,0.1528983740730323,,,,,,,,,,,,False,False
5340174014462713984,,,NGC3532,166.63784991520475,-58.2765776966971,1.4198942,14.540631,0.3968485160021232,,,,,,,,,,,,False,False
5340174083182376704,,,NGC3532,166.53967498319005,-58.42302773901315,0.5730276,11.359691,0.1323955657393571,,,,,,,,,,,,False,False
5340174113202648832,,,NGC3532,166.4921700650118,-58.42251531106603,2.4463482000000005,16.713708999999998,0.515067077295887,,,,,,,,,,,,False,False
5340174117506490880,,,NGC3532,166.48880892970232,-58.41390108333404,3.2005863,18.668074,0.4814244761362103,,,,,,,,,,,,False,False
5340174181919575296,,,NGC3532,166.52312785039032,-58.4069735059412,1.6127615,14.921609,0.4526399505873138,,,,,,,,,,,,False,False
5340174491189560064,,,NGC3532,166.48411094911395,-58.37825629527344,2.2607174,16.541716,0.4779042890362465,,,,,,,,,,,,False,False
5340229810340036224,,,NGC3532,166.1289619774502,-58.057621694437714,2.4142609,17.520256,0.4158164786872091,,,,,,,,,,,,False,False
5340174873456055296,,,NGC3532,166.49221334283502,-58.3593302720488,0.9046421,12.331085,0.7459192965384072,,,,,,,,,,,,False,False
5340229952112764160,,,NGC3532,166.07598339887733,-58.060824760404266,1.3570414,14.357270000000002,0.3872900847857358,,,,,,,,,,,,False,False
5340175109632057472,,,NGC3532,166.4649719031852,-58.3143246741829,0.74648285,12.291085,0.0840892117723416,,,,,,,,,,,,False,False
5340230055192017536,,,NGC3532,166.08186989004508,-58.04626546869771,1.9506655,15.607329,0.5033050124803125,,,,,,,,,,,,False,False
5340230192630810624,,,NGC3532,165.99630246768558,-58.09633224338539,1.3574753000000002,14.405852,0.3755759612149066,,,,,,,,,,,,False,False
5340175354492378496,,,NGC3532,166.3860670193159,-58.34120416619626,0.98679066,13.335238,0.2194715130817117,,,,,,,,,,,,False,False
5340175590671443840,,,NGC3532,166.3665902645759,-58.328990285314894,2.5828419,16.449495000000002,0.6041194305306302,,,,,,,,,,,,False,False
5340175595010751616,,,NGC3532,166.371862764738,-58.3232802548818,2.4422283,16.518093,0.5433884209384356,,,,,,,,,,,,False,False
5340175625036345472,,,NGC3532,166.35686278371648,-58.32764755882749,2.484003,16.341573999999998,0.5887724421070106,,,,,,,,,,,,False,False
5340175801168999808,,,NGC3532,166.41840702087862,-58.31716240643472,1.4910822,14.702279,0.4154774921374838,,,,,,,,,,,,False,False
5340175968646515968,,,NGC3532,166.38921835774957,-58.31990688117996,2.720747,17.873112,0.4557843588457641,,,,,,,,,,,,False,False
5340230845466030976,,,NGC3532,166.04219252395382,-58.01042236423943,1.0402184,13.536568,0.2426254508809248,,,,,,,,,,,,False,False
5340176213494640256,,,NGC3532,166.3675245725696,-58.27222253968751,2.419838,16.653278,0.5152075430638198,,,,,,,,,,,,False,False
5340176346590863744,,,NGC3532,166.54211384340675,-58.32023727656947,2.9522495,17.893435,0.5047239531014225,,,,,,,,,,,,False,False
5340176350924851456,,,NGC3532,166.55614851509864,-58.31979619167716,0.10106659,9.697912,0.0736011711760707,165.6087,16.580862,0.1001207182955968,,,,,,,,,True,True
5340176350933600896,,,NGC3532,166.534904152257,-58.31683973757814,2.7336292,17.720072000000005,0.4732205680670677,,,,,,,,,,,,False,False
5340176625802764672,,,NGC3532,166.47977962582408,-58.28510059430666,1.142314,13.851494,0.2925311610157915,,,,,,,,,,,,False,False
5340231360862342528,,,NGC3532,165.79091228416132,-58.31457234110579,2.7584934,17.13466,0.5485389557340653,,,,,,,,,,,,False,False
5340176694522262272,,,NGC3532,166.51766844066148,-58.275405526296126,2.308237,16.548517,0.4930947033463582,,,,,,,,,,,,False,False
5340231498301270016,,,NGC3532,165.71094780034232,-58.31118430401394,1.6527119,15.08301,0.4437138310843646,,,,,,,,,,,,False,False
5340176861978712576,,,NGC3532,166.5442271803782,-58.27593062670028,0.26007366,10.475053,0.0512003232425984,44.62211,4.166114,0.0933643433714811,,,,,,,,,True,False
5340176935003485824,,,NGC3532,166.59301415753842,-58.26744355701354,2.9032364,18.221048,0.4633447641442718,,,,,,,,,,,,False,False
5340232219855890048,,,NGC3532,165.77045542511146,-58.237871861456135,2.0511017,15.9351425,0.489974379491743,,,,,,,,,,,,False,False
5340232357294739968,,,NGC3532,165.67740990707827,-58.28395950861096,1.0673914,13.648545,0.2495476466973824,,,,,,,,,,,,False,False
5340177377395977856,,,NGC3532,166.4539588339624,-58.28340507774435,2.6300716,18.037132,0.4224393888183708,,,,,,,,,,,,False,False
5340177553515711488,,,NGC3532,166.42342654364495,-58.252326771084405,1.2295532,14.095485,0.3282390145336626,,,,,,,,,,,,False,False
5340177721006974976,,,NGC3532,166.3675114800144,-58.23760708527551,2.5211868,16.871614,0.5162190047345353,,,,,,,,,,,,False,False
5340233040159242496,,,NGC3532,165.70991589318484,-58.2093049383771,3.1329384,18.318724,0.499802365671172,,,,,,,,,,,,False,False
5340233147568774656,,,NGC3532,165.64039452530528,-58.228730066042,2.0236788,15.897662,0.4844616271682607,,,,,,,,,,,,False,False
5340233319367522176,,,NGC3532,165.63551383141433,-58.18420683067559,0.77201176,12.3378525,0.1600567851332691,,,,,,,,,,,,False,False
5340233319367531264,,,NGC3532,165.65203007300232,-58.18356555221571,0.6068878000000001,11.525745,0.1199857520722747,20.481245,16.374603,0.7994925601446592,,,,,,,,,True,False
5340233422446750464,,,NGC3532,165.8098589681518,-58.23979092657325,1.8496876,15.454203,0.4818386000170019,,,,,,,,,,,,False,False
5340284755852726016,,,NGC3532,167.42905053810145,-58.07146932715861,2.622778,18.263857,0.4043376708129663,,,,,,,,,,,,False,False
5340233662964994816,,,NGC3532,165.79714199182425,-58.18591211975754,0.36984253,10.621351,0.1633136090717298,145.46674,20.663572,0.14205014837068597,,,,,,,,,True,False
5340285099449872640,,,NGC3532,167.32870979010133,-58.10897884550706,1.9890938,15.755923999999998,0.4937368140225662,,,,,,,,,,,,False,False
5340178584308460032,,,NGC3532,167.2785320344232,-58.50359629018285,2.2735443,16.702892000000002,0.4611509770686732,,,,,,,,,,,,False,False
5340178683047825920,,,NGC3532,167.27789715896083,-58.48317413288666,2.6082382,17.345573,0.4819316037969113,,,,,,,,,,,,False,False
5340234247060710656,,,NGC3532,165.77481400571364,-58.1694071366164,2.646286,18.59188,0.3877586100225692,,,,,,,,,,,,False,False
5340234380208687744,,,NGC3532,165.79424352209818,-58.14697839805075,2.2971954,15.813393,0.6223978124834145,,,,,,,,,,,,False,False
5340178790466868992,,,NGC3532,167.21262274808117,-58.493594276464215,0.49172688,11.091371,0.098730368262197,54.83274,10.693173,0.19501438374226784,,,,,,,,,True,False
5340285374327826816,,,NGC3532,167.26175497050676,-58.071171573545314,2.7102451000000003,18.537203,0.4027794006712814,,,,,,,,,,,,False,False
5340234590677873408,,,NGC3532,165.68391426213194,-58.17906361190346,0.64358807,11.719947,0.1138305806811426,,,,,,,,,,,,False,False
5340178962265622400,,,NGC3532,167.19896440079853,-58.45505460758892,2.3752422,16.695068,0.4948597603376808,,,,,,,,,,,,False,False
5340234792504072704,,,NGC3532,165.661468306566,-58.16856138721652,2.6969223,16.653042000000006,0.6057607087499739,,,,,,,,,,,,False,False
5340234826894371456,,,NGC3532,165.67251014560722,-58.16208753980089,2.5315514,16.753653,0.5362956083530325,,,,,,,,,,,,False,False
5340179030985147264,,,NGC3532,167.30623322302142,-58.46955613331664,1.4323158,14.615448,0.3896123660973318,,,,,,,,,,,,False,False
5340235346592189568,,,NGC3532,165.66821151221566,-58.12734992394184,1.9111652,15.560982,0.4926664044393736,,,,,,,,,,,,False,False
5340235587110436352,,,NGC3532,165.66949342374272,-58.08384379374807,0.8346367,12.719999,0.129662438560738,,,,,,,,,,,,False,False
5340235793268617472,,,NGC3532,165.57294524643726,-58.21255085333107,1.8515425,15.480575,0.4776982514990858,,,,,,,,,,,,False,False
5340236136866011008,,,NGC3532,165.50012828581146,-58.1772402907927,1.771883,15.323232999999998,0.4654620698646632,,,,,,,,,,,,False,False
5340236239945233280,,,NGC3532,165.55444199663427,-58.19185735251408,2.58115,17.047051999999994,0.5104332120262781,,,,,,,,,,,,False,False
5340236480463432320,,,NGC3532,165.53590987364882,-58.163554418042224,0.10451031,9.936489,0.0279295565813289,106.9383,13.702136,0.12813123081253394,,,,,,,,,True,True
5340236720960852992,,,NGC3532,165.45704616822286,-58.2038070071356,2.7883434,18.088934,0.4512724997463817,,,,,,,,,,,,False,False
5340236755341275776,,,NGC3532,165.46053121518142,-58.18422858327717,1.202858,14.060779,0.3081121374173541,,,,,,,,,,,,False,False
5340237064558329600,,,NGC3532,165.36059439268467,-58.153154495701685,2.7717915,17.914028,0.4632391801918029,,,,,,,,,,,,False,False
5340180233576027648,,,NGC3532,167.1890420470803,-58.4095966686437,1.423459,14.568463,0.3932333768985694,,,,,,,,,,,,False,False
5340237266430050432,,,NGC3532,165.47566995783268,-58.14801618369675,2.4129810000000003,16.640352,0.5148432236428381,,,,,,,,,,,,False,False
5340287023636947456,,,NGC3532,167.43055050295976,-57.984044177562645,0.994524,13.447565,0.1960313159474808,,,,,,,,,,,,False,False
5340237300797403904,,,NGC3532,165.47434308032254,-58.13061616006768,2.918209,17.876057,0.4990458997771615,,,,,,,,,,,,False,False
5340237305097153920,,,NGC3532,165.48503510862537,-58.14370218029982,1.9826689,15.775649,0.4872532914145814,,,,,,,,,,,,False,False
5340180508453947008,,,NGC3532,167.137455371407,-58.385692423539645,1.5159655,14.738496,0.4258268646138783,,,,,,,,,,,,False,False
5340180577140881536,,,NGC3532,167.11096889218717,-58.373073809131526,2.3679447,17.552227,0.4018299982095022,,,,,,,,,,,,False,False
5340180577173417216,,,NGC3532,167.10633387829182,-58.37799022779696,1.2484751,14.061751,0.3579509162682783,,,,,,,,,,,,False,False
5340237889192677888,,,NGC3532,165.583237247062,-58.142246376276425,2.7077694,17.820122,0.4577522069793267,,,,,,,,,,,,False,False
5340180985155468928,,,NGC3532,167.24365951299436,-58.40077623515021,2.7541409,17.836706,0.4665665742985871,,,,,,,,,,,,False,False
5340238164070596096,,,NGC3532,165.52598515586945,-58.11893996057602,2.0968266,16.038479000000002,0.4919495079048378,,,,,,,,,,,,False,False
5340238438948871808,,,NGC3532,165.60490383578122,-58.094684417315314,2.7731419,18.61871,0.408920707894081,,,,,,,,,,,,False,False
5340181264337439872,,,NGC3532,167.29748089721642,-58.36964984924803,2.4713573,16.117353,0.6286846410019502,,,,,,,,,,,,False,False
5340181363112722560,,,NGC3532,167.34360258176957,-58.34642206023008,3.079708,17.939384,0.5275570316172377,,,,,,,,,,,,False,False
5340181363112722816,,,NGC3532,167.3452136762507,-58.34422216751137,2.7206116,17.750189000000006,0.4672764132742227,,,,,,,,,,,,False,False
5340238816925848832,,,NGC3532,165.57929439527396,-58.046114331547386,1.8205805,15.387481,0.4794784765760783,,,,,,,,,,,,False,False
5340181607965794688,,,NGC3532,167.2777181480337,-58.33281450566076,1.1321802,13.820225,0.288441691880741,,,,,,,,,,,,False,False
5340239263582265216,,,NGC3532,165.4040015624271,-58.06672161161004,2.8210526,18.608612,0.4181911340425412,,,,,,,,,,,,False,False
5340181985922832512,,,NGC3532,167.18613800296134,-58.33687667613742,2.5187607000000005,18.126707,0.3927907213017411,,,,,,,,,,,,False,False
5340289291338787200,,,NGC3532,167.14190827072918,-57.96759906340742,2.3280506,16.850123999999994,0.4602887867704919,,,,,,,,,,,,False,False
5340240083901660928,,,NGC3532,165.8365754702042,-58.14171346051618,0.7307806,11.648946,0.6313635153796174,,,,,,,,,,,,False,False
5340240088236370560,,,NGC3532,165.827380324433,-58.13491830764621,2.3724003,16.709116,0.4920402243052575,,,,,,,,,,,,False,False
5340182123361735936,,,NGC3532,167.1213092900444,-58.33980802711744,0.47424316,11.046881,0.0885122765442915,116.77012,30.347588,0.259891725725725,,,,,,,,,True,False
5340240152625237888,,,NGC3532,165.8755447850979,-58.12646376581645,2.9867077,17.974583,0.503790216709495,,,,,,,,,,,,False,False
5340240294394798976,,,NGC3532,165.80465184748715,-58.130357833623,1.7571392,15.28067,0.4656445041739369,,,,,,,,,,,,False,False
5340240569272816896,,,NGC3532,165.88140834109137,-58.094786073938856,0.21635723,10.214202,0.1019746133389108,,,,,,,,,,,,False,True
5340289841093431296,,,NGC3532,167.02219231241403,-57.97351200955029,2.6326485,17.082932999999993,0.5203568065596418,,,,,,,,,,,,False,False
5340240672333010816,,,NGC3532,165.85723634035372,-58.07472810797148,2.8315773,18.432228,0.4325791764939168,,,,,,,,,,,,False,False
5340290012933932160,,,NGC3532,167.02661147393457,-57.94140679143711,0.030804634,9.335896,0.0328779019077197,,,,,,,,,,,,False,True
5340240771096423040,,,NGC3532,165.85621285424833,-58.06392639825262,0.7536229999999999,12.2579775,0.1421234058339105,,,,,,,,,,,,False,False
5340290111677657344,,,NGC3532,167.07980917893892,-57.94795505105773,2.7615547,17.52327,0.5006667659899514,,,,,,,,,,,,False,False
5340240878510479232,,,NGC3532,165.82612079886775,-58.06506686708568,1.134943,13.830325,0.2891287893283281,,,,,,,,,,,,False,False
5340182741837192192,,,NGC3532,167.1701427145961,-58.27902815091913,1.221508,14.03628,0.3352023283033607,,,,,,,,,,,,False,False
5340182741837347200,,,NGC3532,167.1887215820853,-58.28188965701405,2.0082836,15.786837,0.4969515883075714,,,,,,,,,,,,False,False
5340240912870204288,,,NGC3532,165.79528634176762,-58.06081343702626,2.1021519,15.978611,0.5042457972161277,,,,,,,,,,,,False,False
5340241119028524032,,,NGC3532,165.7460189526195,-58.10058828298212,0.11856365,9.713458,0.0933673086152573,,,,,,,,,,,,False,True
5340183016714762240,,,NGC3532,167.07127892992068,-58.40447094147742,0.8513222,12.729829,0.1760963670368825,,,,,,,,,,,,False,False
5340183081099614720,,,NGC3532,167.0390833858761,-58.38175169332546,2.8991852,17.974825,0.4850175718918326,,,,,,,,,,,,False,False
5340291078086218752,,,NGC3532,167.1754421335432,-57.90272765510478,2.1628685,16.289265,0.4788148235451777,,,,,,,,,,,,False,False
5340291352923663744,,,NGC3532,167.24106154684117,-57.878485252248325,3.0135117,18.402243,0.4693875055381241,,,,,,,,,,,,False,False
5340183493411341568,,,NGC3532,167.05574660826724,-58.36361577455117,2.6218586,17.258184,0.4955349628447247,,,,,,,,,,,,False,False
5340241737503914624,,,NGC3532,165.73247878776402,-58.04182267215615,1.3793755,14.475905,0.3780119568058538,,,,,,,,,,,,False,False
5340183630847194752,,,NGC3532,167.0665919001686,-58.338841650710194,0.7666816999999999,12.328114,0.1444376057548455,,,,,,,,,,,,False,False
5340183772629089920,,,NGC3532,167.00287383148938,-58.339280845983296,2.894062,17.872835000000006,0.4940511389441453,,,,,,,,,,,,False,False
5340242115461131008,,,NGC3532,165.7292468472413,-57.99422375486081,2.674303,17.795717,0.4524691676941339,,,,,,,,,,,,False,False
5340183841348608384,,,NGC3532,167.0230919648993,-58.32679591090067,0.9045439,12.996903,0.1823134035312698,,,,,,,,,,,,False,False
5340242184161822720,,,NGC3532,165.70558019616183,-57.987271130124206,2.8323822,17.662098,0.502263319603664,,,,,,,,,,,,False,False
5340183875708329088,,,NGC3532,166.98576228469827,-58.32188394785518,2.4976406000000004,17.436564999999998,0.4442102404837218,,,,,,,,,,,,False,False
5340184008812543616,,,NGC3532,166.91060437873338,-58.37198467801869,2.567215,17.626554000000006,0.4432244905557997,,,,,,,,,,,,False,False
5340184459796450432,,,NGC3532,166.8714139299371,-58.31870805677512,2.8677807,17.901817,0.4853682597135345,,,,,,,,,,,,False,False
5340184459796463104,,,NGC3532,166.87687894700616,-58.32260869680224,2.9881325,17.724398,0.5314681701298362,,,,,,,,,,,,False,False
5340184489848884736,,,NGC3532,166.96997826268102,-58.33970207686686,2.9286823,18.085968,0.4806454949260981,,,,,,,,,,,,False,False
5340184494183568768,,,NGC3532,166.96215543569468,-58.338724542379545,2.1816616,16.2347,0.4941605846596928,,,,,,,,,,,,False,False
5340184528543341952,,,NGC3532,166.97090552471118,-58.32284509881536,1.7377176,15.248509,0.4609844285091278,,,,,,,,,,,,False,False
5340184665982335232,,,NGC3532,166.97473656478226,-58.30704341947614,1.3013783,14.369184,0.3335024638529681,,,,,,,,,,,,False,False
5340184906500802816,,,NGC3532,166.92224866718632,-58.2978674244296,1.9399872,15.691904,0.482319623690075,,,,,,,,,,,,False,False
5340243554235222656,,,NGC3532,165.77443053135266,-57.95068946446579,0.79901123,12.518624,0.1342404736569288,,,,,,,,,,,,False,False
5340243588597180544,,,NGC3532,165.73978214062274,-57.98752216106457,2.4969387000000003,16.937172,0.5002020603171946,,,,,,,,,,,,False,False
5340185043907060480,,,NGC3532,167.08274125143896,-58.33318824869807,2.6738644,18.55774,0.3948348629165311,,,,,,,,,,,,False,False
5340243726038225920,,,NGC3532,165.74508554349094,-57.95889619714722,2.8389053,17.601969,0.5105071779773065,,,,,,,,,,,,False,False
5340243760397964544,,,NGC3532,165.74796922081777,-57.942496494443255,2.404436,16.988132,0.4667670500157657,,,,,,,,,,,,False,False
5340185215705987712,,,NGC3532,167.10854104603578,-58.30482518044961,1.5815287,14.870221,0.4428432896960352,,,,,,,,,,,,False,False
5340243897834851840,,,NGC3532,165.81110062304222,-57.9383033356538,2.3999443,16.804188,0.488112634374756,,,,,,,,,,,,False,False
5340185524975876608,,,NGC3532,167.01509140912316,-58.28019422735456,2.616375,17.175514,0.5040362578715245,,,,,,,,,,,,False,False
5340244275791997056,,,NGC3532,165.77038559554208,-57.90771113411518,2.5491943,17.037810999999998,0.5024859437460472,,,,,,,,,,,,False,False
5340244550669827584,,,NGC3532,165.64381380717043,-58.03222661817328,2.7488232000000004,17.530184,0.4967773108433929,,,,,,,,,,,,False,False
5340185937292807680,,,NGC3532,167.03455608079898,-58.25782577294481,1.4306173,14.640801000000002,0.3826497491265454,,,,,,,,,,,,False,False
5340186005980211072,,,NGC3532,167.06643422552258,-58.249043332086856,2.7253380000000003,17.97759,0.447539890978787,,,,,,,,,,,,False,False
5340186074731821952,,,NGC3532,167.04541129184025,-58.229457396467296,0.8504276,12.735637,0.1698487954349012,,,,,,,,,,,,False,False
5340186143451130112,,,NGC3532,166.98886340921632,-58.29063494353331,1.4364743,5.8394666,0.6938134932531717,9.361056,0.55553806,0.05934566142965067,,,,,,,,,True,False
5340186207827570048,,,NGC3532,166.9611169264506,-58.286397935443965,0.11571407,9.747183,0.0837488108045382,,,,,,,,,,,,False,True
5340186448346583552,,,NGC3532,166.92825536358342,-58.2568262283345,1.6094446000000002,14.968993,0.4399674717287222,,,,,,,,,,,,False,False
5340186555768258304,,,NGC3532,166.93186069594068,-58.24818649710009,1.8340368,15.470582,0.4704846392588423,,,,,,,,,,,,False,False
5340187036774866176,,,NGC3532,166.91728869613826,-58.20917722086016,2.807436,17.9486,0.467778022130124,,,,,,,,,,,,False,False
5340246169910239488,,,NGC3532,165.5237970257767,-57.92480609410217,1.5559645,14.848718,0.4298002238599165,,,,,,,,,,,,False,False
5340187101181804544,,,NGC3532,166.96165214242797,-58.198706680668224,1.0811377,13.612768,0.280751218323615,,,,,,,,,,,,False,False
5340187277290646656,,,NGC3532,167.36036800456023,-58.33241369816058,2.7478943,18.678638,0.4006380787509833,,,,,,,,,,,,False,False
5340187311682813696,,,NGC3532,167.31758204694182,-58.32656759962257,0.7842416999999999,12.393463,0.1688372714674615,,,,,,,,,,,,False,False
5340187513505884800,,,NGC3532,167.29438944457658,-58.314418672236926,2.7349014,18.234882,0.4286607776693231,,,,,,,,,,,,False,False
5340246960184280832,,,NGC3532,165.5908820655649,-57.924234519762535,1.8617811,15.473947,0.4843110869007739,,,,,,,,,,,,False,False
5340247093288269184,,,NGC3532,165.61562890731037,-57.89590114979832,0.6854315,11.896992,0.1534001523567432,,,,,,,,,,,,False,False
5340143812205915520,,,NGC3532,167.16267029232446,-58.86540060220073,2.4986763,16.978507999999998,0.4954115527293348,,,,,,,,,,,,False,False
5340144018408744192,,,NGC3532,167.12153742994914,-58.827297343090045,0.8493271000000001,12.774845,0.1442580996769009,,,,,,,,,,,,False,False
5340144117155872768,,,NGC3532,167.0907947076343,-58.81728835284024,2.5638866,16.85797,0.5310902376160869,,,,,,,,,,,,False,False
5340144224567185152,,,NGC3532,167.10088320553723,-58.816709737663146,1.8506737,16.211246,0.3705709260399508,,,,,,,,,,,,False,False
5340188819176065536,,,NGC3532,167.16460851997462,-58.23198457953761,2.642542,18.555103,0.3892855302683366,,,,,,,,,,,,False,False
5340144465085178368,,,NGC3532,166.99246845182057,-58.842186528799495,2.600607,17.475294,0.466099820929649,,,,,,,,,,,,False,False
5340144671243614720,,,NGC3532,166.96419215172938,-58.82978395279487,0.12633896,9.6471195,0.1138527267733082,,,,,,,,,,,,False,True
5340144911761908480,,,NGC3532,167.03146699574202,-58.80788250542308,1.8672829,15.594667,0.4645560573404436,,,,,,,,,,,,False,False
5340144946077525376,,,NGC3532,167.02973808386722,-58.79659871393423,2.758585,18.405674,0.4206961441214901,,,,,,,,,,,,False,False
5340248953055588608,,,NGC3532,166.381883613019,-58.12523459850606,1.2034806999999998,14.006305,0.3230601207405891,,,,,,,,,,,,False,False
5340248987415385216,,,NGC3532,166.40600370586262,-58.1100770409772,0.8691473,12.839694,0.1669194484926523,,,,,,,,,,,,False,False
5340145182304114560,,,NGC3532,166.98450879314976,-58.79740892428896,2.4276695,16.671518,0.5151139336344729,,,,,,,,,,,,False,False
5340249154888983936,,,NGC3532,166.2976205631866,-58.111641894292,2.6212558999999995,17.433557999999998,0.475651676602331,,,,,,,,,,,,False,False
5340145255314997888,,,NGC3532,166.95730884510945,-58.78732015976798,2.8706074,18.350178,0.4462916178823058,,,,,,,,,,,,False,False
5340189918682566400,,,NGC3532,167.32052642992326,-58.183541835492704,2.678873,17.071635999999998,0.5349333402407273,,,,,,,,,,,,False,False
5340145289719080064,,,NGC3532,166.94288612913766,-58.76021601944683,0.4001131,10.6924305,0.179428862696296,,,,,,,,,,,,False,False
5340145354106484992,,,NGC3532,167.00193192668277,-58.7526313771838,2.4825459,16.996191,0.4884997440971867,,,,,,,,,,,,False,False
5340145427158100864,,,NGC3532,166.96880582369002,-58.74445690213764,1.2738208999999998,14.211351,0.3445641963499591,,,,,,,,,,,,False,False
5340145427158116864,,,NGC3532,166.96354495090253,-58.73620613506869,0.25828838,10.444267,0.0649027393106327,,,,,,,,,,,,False,False
5340190262285215616,,,NGC3532,167.3665114519306,-58.17357066839642,2.1652145000000003,16.519588,0.448213412186021,,,,,,,,,,,,False,False
5340145667676358272,,,NGC3532,167.1371217625973,-58.77074585647648,2.7536964,17.171383,0.5421658902244866,,,,,,,,,,,,False,False
5340145736352002048,,,NGC3532,167.10222966140373,-58.7802447191541,3.1433716,18.646101,0.4730735163882957,,,,,,,,,,,,False,False
5340145770711880192,,,NGC3532,167.1208121277441,-58.77469661184104,3.050579,18.61122300000001,0.4592578231678709,,,,,,,,,,,,False,False
5340145873834802304,,,NGC3532,167.10984846887646,-58.756326845197584,2.2579117,16.283587,0.5152028442014492,,,,,,,,,,,,False,False
5340250082584276480,,,NGC3532,166.2784275364553,-58.065654863657024,2.61092,17.803787,0.4374607886169694,,,,,,,,,,,,False,False
5340250597983781376,,,NGC3532,166.28968612925385,-58.02881196122283,2.629696,17.113838,0.5155002274836595,,,,,,,,,,,,False,False
5340191331772513664,,,NGC3532,167.2829458367394,-58.096865056054384,0.76494026,12.430005,0.060940565119996,,,,,,,,,,,,False,False
5340146492267546496,,,NGC3532,167.10013031389687,-58.70009852016794,2.8128052,18.041952,0.4604600366267327,,,,,,,,,,,,False,False
5340250877201114880,,,NGC3532,166.24969737102302,-58.00190292939039,2.116603,15.5538,0.5974458314940065,,,,,,,,,,,,False,False
5340146526670002432,,,NGC3532,167.1259624911656,-58.69483559919578,1.5556983999999998,14.8235,0.4352685028943313,,,,,,,,,,,,False,False
5340146595389269376,,,NGC3532,167.05513941139822,-58.751579723284905,2.2456665,16.285313000000002,0.5103474113350636,,,,,,,,,,,,False,False
5340146732784899840,,,NGC3532,167.06187350801724,-58.72552558745737,2.5943336,17.272854000000002,0.4865112549451748,,,,,,,,,,,,False,False
5340146767198237696,,,NGC3532,167.04210220983194,-58.731720174094896,0.18672466,10.011648,0.1212443520014171,,,,,,,,,,,,False,True
5340251289499358592,,,NGC3532,166.355808699905,-58.028966224677895,2.9839783,17.945566,0.506196935862693,,,,,,,,,,,,False,False
5340191774113562752,,,NGC3532,167.12779143649598,-58.220762022348296,2.831602,18.419924,0.4334961312088534,,,,,,,,,,,,False,False
5340146801547783168,,,NGC3532,167.03193520393413,-58.71256569691855,1.7915238999999998,15.36576,0.4679466876103834,,,,,,,,,,,,False,False
5340146973346422400,,,NGC3532,167.01702864751553,-58.72661144485246,1.0706444,13.648724,0.2542058289272068,,,,,,,,,,,,False,False
5340147007706228352,,,NGC3532,167.0159351885437,-58.70188604480303,2.456009,16.856394,0.4984853557737815,,,,,,,,,,,,False,False
5340147248224472960,,,NGC3532,167.08710179336828,-58.69690243934328,1.597353,14.179656,0.6828673738970529,,,,,,,,,,,,False,False
5340192396924247040,,,NGC3532,167.1355756083414,-58.16071443244287,2.173645,15.835321,0.5622037136185578,,,,,,,,,,,,False,False
5340192431284003712,,,NGC3532,167.1477086298289,-58.15249242858948,1.0774498,13.672666,0.2569214015070784,,,,,,,,,,,,False,False
5340147351303730176,,,NGC3532,167.06422953680868,-58.66911436585367,0.22103405,10.335316,0.0593041378688549,107.65908,36.281605,0.3370045982187475,,,,,,,,,True,False
5340252251590761088,,,NGC3532,166.31966970460255,-57.983524516881936,1.1513596,13.885588,0.2943430301391896,,,,,,,,,,,,False,False
5340147557462156544,,,NGC3532,167.02310159725232,-58.65709188958724,0.48354435,11.026465,0.131548031736251,29.315187,9.262347,0.315957288623129,,,,,,,,,True,False
5340147656208916224,,,NGC3532,166.90842719649442,-58.81405257156071,3.0566025000000003,17.787895000000006,0.5396757998058794,,,,,,,,,,,,False,False
5340192873617931904,,,NGC3532,167.03014705584792,-58.17289581241032,1.6224184,14.951949,0.4523143950549557,,,,,,,,,,,,False,False
5340147797979862912,,,NGC3532,166.91109900185563,-58.790073537339886,0.10048294,9.897995,0.0319276858423641,,,,,,,,,,,,False,True
5340147901059140480,,,NGC3532,166.88476398115645,-58.759490581790274,1.7480383000000002,14.712594,0.606873555709984,,,,,,,,,,,,False,False
5340147969734084864,,,NGC3532,166.85120768997734,-58.773267417354745,2.9306526,17.305560999999994,0.5710288240813639,,,,,,,,,,,,False,False
5340148072857787392,,,NGC3532,166.84307590608245,-58.76060750739057,2.9599514,17.120596,0.6066176581405329,,,,,,,,,,,,False,False
5340193393357059584,,,NGC3532,167.01516352317535,-58.11960794484392,0.8789568000000001,12.882893,0.1716211453818834,,,,,,,,,,,,False,False
5340148171605016320,,,NGC3532,166.82553839037308,-58.74235799067417,3.1676998,18.139738,0.5245310208028275,,,,,,,,,,,,False,False
5340193702594525056,,,NGC3532,167.0021643862626,-58.10507891961818,0.8659085999999999,12.8803835,0.1376676167879283,,,,,,,,,,,,False,False
5340193732618876416,,,NGC3532,166.98500351577238,-58.08688510965121,2.8141747,18.08149,0.4572742091715756,,,,,,,,,,,,False,False
5340148309039761280,,,NGC3532,166.9091165701646,-58.74569714271257,2.011857,14.797717,0.7701372034280481,,,,,,,,,,,,False,False
5340148416455302912,,,NGC3532,166.91163619378332,-58.7374914244745,2.4110222,16.648756,0.5129811948368671,,,,,,,,,,,,False,False
5340193943112817280,,,NGC3532,167.13758979299254,-58.12224080862784,0.7734966,12.297574,0.1989560553561148,,,,,,,,,,,,False,False
5340303928592825472,,,NGC3532,167.0366968972695,-57.84656040906626,2.9488697,18.401308,0.4571785445336688,,,,,,,,,,,,False,False
5340194217961088896,,,NGC3532,167.0871051577861,-58.10039499301098,1.7754793000000002,15.323432,0.467429372956912,,,,,,,,,,,,False,False
5340148760053027840,,,NGC3532,166.7941438797927,-58.7615729397434,0.18829823,10.231544,0.054121397660915,26.353462,7.59997,0.28838601926380675,,,,,,,,,True,True
5340148794412279296,,,NGC3532,166.78435325742566,-58.74416123083021,1.4356117,14.59285,0.3974096095850568,,,,,,,,,,,,False,False
5340148828727324800,,,NGC3532,166.7678338845995,-58.76151977607103,2.0543756,15.98153,0.4836401778225249,,,,,,,,,,,,False,False
5340304508408455296,,,NGC3532,167.0415177168687,-57.77964428832252,2.087904,15.189329,0.6812218419161553,,,,,,,,,,,,False,False
5340149099313773312,,,NGC3532,166.70421613072511,-58.73581049477211,0.77310467,12.380523,0.1315229814452431,,,,,,,,,,,,False,False
5340149138009673600,,,NGC3532,166.71392667328294,-58.71602845495551,1.2677088,14.215159,0.3375040088262277,,,,,,,,,,,,False,False
5340149202392815232,,,NGC3532,166.75422633671195,-58.712209779605466,0.19792843,9.447208,0.2275660906824806,,,,,,,,,,,,False,True
5340149206729221760,,,NGC3532,166.7412138961339,-58.6992812452761,1.0560473999999995,13.600167,0.2472509629425144,,,,,,,,,,,,False,False
5340149241088915712,,,NGC3532,166.71335682700612,-58.70676732671525,0.039634705,8.57283,0.0671065090654792,,,,,,,,,,,,False,True
5340149241088926720,,,NGC3532,166.7280990219712,-58.70784647833247,1.4014721,14.439715,0.4060422394084912,,,,,,,,,,,,False,False
5340194870825758720,,,NGC3532,167.111276561521,-58.03439875649632,2.4681492,16.755173000000006,0.5160875522926219,,,,,,,,,,,,False,False
5340149275448709760,,,NGC3532,166.7118231213064,-58.68502759119372,1.4197768999999998,14.46374,0.4157947665826331,,,,,,,,,,,,False,False
5340194905185502976,,,NGC3532,167.11944922357884,-58.02973892098344,1.4318113,14.578373999999998,0.3977116232432496,,,,,,,,,,,,False,False
5340149309808437888,,,NGC3532,166.80076292724527,-58.71994335176914,0.5277653,11.099345,0.1986477477968365,,,,,,,,,,,,False,False
5340149374214324096,,,NGC3532,166.77746236363345,-58.702175461786354,2.498573299999999,16.305744,0.6009240548141437,,,,,,,,,,,,False,False
5340254381875154176,,,NGC3532,166.01342898399255,-57.99281756871213,2.7283363,17.995255,0.4466621831414323,,,,,,,,,,,,False,False
5340149447203569536,,,NGC3532,166.8119945209972,-58.69304805965101,2.5988026,18.530123,0.3827743639150593,,,,,,,,,,,,False,False
5340149515966949888,,,NGC3532,166.78288471463918,-58.68519883812401,0.6029129,11.21684,0.3575715025285718,108.33369,53.261703,0.4916448705845799,,,,,,,,,True,False
5340195381886319232,,,NGC3532,167.01582784672183,-58.048837421568784,2.5327778,16.83417,0.5249795078670967,,,,,,,,,,,,False,False
5340149619046148864,,,NGC3532,166.76009848405292,-58.68305191739563,2.6771812,17.055126,0.5367217696706625,,,,,,,,,,,,False,False
5340254656772157824,,,NGC3532,165.97996685436885,-57.97651304790519,1.8798189,15.558234,0.4774523647377501,,,,,,,,,,,,False,False
5340149756485184512,,,NGC3532,166.77283872675605,-58.65751226077713,1.6402912,14.991144,0.4554148994111579,,,,,,,,,,,,False,False
5340149825204658944,,,NGC3532,166.7267440989551,-58.64212425187686,1.0399227,13.549889000000002,0.2380044230816278,,,,,,,,,,,,False,False
5340149825204669184,,,NGC3532,166.74628206786224,-58.64533176118739,0.2731265999999999,9.580209,0.3076693124285538,,,,,,,,,,,,False,False
5340149859564401920,,,NGC3532,166.93858903821726,-58.7151068654201,0.45783615,10.959739,0.1188870857468883,,,,,,,,,,,,False,False
5340195729819184000,,,NGC3532,167.0593230630724,-58.006547106146094,1.1107101,13.744832999999998,0.2818911013917237,,,,,,,,,,,,False,False
5340149928283894528,,,NGC3532,166.91583683879523,-58.70151344785242,0.7682743000000001,12.332522,0.1479399438965321,,,,,,,,,,,,False,False
5340149962643652480,,,NGC3532,166.91884644827852,-58.69514473132552,1.429203,14.53662,0.4055250444618903,,,,,,,,,,,,False,False
5340150100082689408,,,NGC3532,166.9237953342031,-58.66599222107676,1.8683243000000005,15.509901,0.4807458911019936,,,,,,,,,,,,False,False
5340196073417374848,,,NGC3532,166.83271780612668,-58.327032861908044,0.83819866,12.674215,0.1685194779869414,,,,,,,,,,,,False,False
5340150374960612096,,,NGC3532,166.8722242375485,-58.642502767666855,1.188942,13.954397,0.3205148602569341,,,,,,,,,,,,False,False
5340150443680126848,,,NGC3532,166.95409983778652,-58.65574061316701,2.0717049,16.085855,0.4741509333769996,,,,,,,,,,,,False,False
5340196348265594880,,,NGC3532,166.7666861044583,-58.30250697793935,2.6140766,17.88403,0.4313367264884633,,,,,,,,,,,,False,False
5340150512356520832,,,NGC3532,166.92490865262786,-58.63942349525636,2.7209473,17.620564,0.4803486953350321,,,,,,,,,,,,False,False
5340196515783665152,,,NGC3532,166.76304230549223,-58.276833150282975,1.8268232,15.192424,0.5254132852023088,,,,,,,,,,,,False,False
5340150679861560192,,,NGC3532,166.8951344266843,-58.640762610156095,0.33552265,10.5371895,0.1471756305041068,,,,,,,,,,,,False,False
5340196623173210624,,,NGC3532,166.85706135501837,-58.27999324964512,2.0677633,15.175426000000002,0.6735209381976528,,,,,,,,,,,,False,False
5340256271680282368,,,NGC3532,166.1838948663721,-57.87437566169,1.3440409,13.84223,0.5506326220540436,,,,,,,,,,,,False,False
5340306501273136896,,,NGC3532,166.6960116914087,-57.79716194235085,0.5352526,11.0743,0.2391265440970819,,,,,,,,,,,,False,False
5340150851664681344,,,NGC3532,166.92471665364144,-58.60906578607712,2.6420555,17.754358,0.4489230933855753,,,,,,,,,,,,False,False
5340150989122139904,,,NGC3532,166.83050356341698,-58.65564442605435,2.1998577,16.44059,0.4706875085978423,,,,,,,,,,,,False,False
5340256615277551104,,,NGC3532,166.07635174787862,-57.8861548956981,2.9160633,18.203775,0.4674119288965186,,,,,,,,,,,,False,False
5340151126542581120,,,NGC3532,166.83763671065125,-58.62671372792423,2.1934452,16.319761,0.485653497272091,,,,,,,,,,,,False,False
5340151160898634880,,,NGC3532,166.80491858399637,-58.63721503272102,3.0334663,17.260901999999998,0.6047595561772955,,,,,,,,,,,,False,False
5340256683997069696,,,NGC3532,166.1053142342071,-57.87875820681536,2.3070621,16.34502,0.5234615969871841,,,,,,,,,,,,False,False
5340197207288776448,,,NGC3532,166.69607462289082,-58.27844894690778,0.8509760000000001,12.775336,0.1489033066346362,,,,,,,,,,,,False,False
5340306844870519552,,,NGC3532,166.722835159855,-57.78399955888529,0.17930508,9.891884,0.1388121107773556,,,,,,,,,,,,False,True
5340197379087028352,,,NGC3532,166.6992934337096,-58.23509705688286,1.3851776000000002,14.455593,0.3878766386192598,,,,,,,,,,,,False,False
5340151337033203456,,,NGC3532,166.7322039930195,-58.62341392310078,0.3106022,10.401565,0.1710777280377738,,,,,,,,,,,,False,False
5340197447811725184,,,NGC3532,166.67625075541113,-58.26294440971958,2.9756145,17.690819,0.5325021324554483,,,,,,,,,,,,False,False
5340151401416814720,,,NGC3532,166.7937045711459,-58.61250122482651,2.3987427,16.69979,0.5017675989540933,,,,,,,,,,,,False,False
5340197516525940480,,,NGC3532,166.63911198911526,-58.24831469926968,1.5964632,14.923646,0.4411592172736192,,,,,,,,,,,,False,False
5340151440112463360,,,NGC3532,166.7477206429717,-58.6124393443878,1.4658937,14.618833,0.4154750434407185,,,,,,,,,,,,False,False
5340151474472251008,,,NGC3532,166.75016046809768,-58.5950026538636,1.1798143,13.927509,0.317217991534773,,,,,,,,,,,,False,False
5340197615269057280,,,NGC3532,166.6399804990422,-58.23308752721962,2.8706493,18.046774,0.4721703978762747,,,,,,,,,,,,False,False
5340151508788869504,,,NGC3532,166.85921540078252,-58.62233124554271,2.4254189,16.96285,0.4759027839558065,,,,,,,,,,,,False,False
5340197683980182528,,,NGC3532,166.73528069086765,-58.235694925663736,0.029989243,8.345244000000001,0.0504709055663478,225.07257,17.491371,0.07771436119470267,,,,,,,,,True,True
5340151577551470720,,,NGC3532,166.82000831351695,-58.61781483745175,1.8577394,15.534169,0.4707765443444491,,,,,,,,,,,,False,False
5340197791403924608,,,NGC3532,166.71975555910825,-58.21632963167912,1.927844,15.66763,0.4809130000981598,,,,,,,,,,,,False,False
5340151680587825536,,,NGC3532,166.87060880460112,-58.59417288662205,2.6276436000000003,17.339117,0.487689173916917,,,,,,,,,,,,False,False
5340151714947546880,,,NGC3532,166.82122565164033,-58.58091735178064,2.6941414,18.36083,0.4115350446773287,,,,,,,,,,,,False,False
5340151852429410688,,,NGC3532,166.7729237372959,-58.58774107583963,1.271903,14.181503,0.3502503042895394,,,,,,,,,,,,False,False
5340151951168504448,,,NGC3532,166.80310335890806,-58.56855534897362,1.0203619000000002,13.478985,0.2290811168624655,,,,,,,,,,,,False,False
5340257646070092032,,,NGC3532,166.46183012577015,-57.94780920886848,1.8844223,15.5508,0.4811628748831228,,,,,,,,,,,,False,False
5340257749132399872,,,NGC3532,166.47510217898,-57.93561960645052,2.9716854,18.51588,0.4523421763465073,,,,,,,,,,,,False,False
5340152127307744640,,,NGC3532,167.1797872831245,-58.71075165058282,0.15152264,9.84984,0.1105882685335473,250.48361,19.907082,0.07947458917571493,,,,,,,,,True,True
5340198542996529536,,,NGC3532,166.82387863616052,-58.20448182344371,2.6637783,17.370893,0.4934052147182119,,,,,,,,,,,,False,False
5340152230387020288,,,NGC3532,167.2241019769524,-58.6886260258076,1.5922031,14.968932999999998,0.4285832537307419,,,,,,,,,,,,False,False
5340152329133454720,,,NGC3532,167.14738634285894,-58.69689382694578,2.7636107999999995,17.774523000000006,0.4747024491605439,,,,,,,,,,,,False,False
5340152333466180352,,,NGC3532,167.16005084784285,-58.69706208662756,1.4975557,14.735894,0.4127169906713742,,,,,,,,,,,,False,False
5340152333466182784,,,NGC3532,167.13821129463977,-58.68754801836293,1.5678796999999998,14.75615,0.4600414597914599,,,,,,,,,,,,False,False
5340152333466183936,,,NGC3532,167.16160498962603,-58.69497425244701,2.3456745,16.146914000000002,0.5728856536898317,,,,,,,,,,,,False,False
5340198753476860544,,,NGC3532,166.8123223083223,-58.174426669164994,0.60138226,11.482479,0.1357522525916073,41.222748,16.353022,0.3966989779526585,,,,,,,,,True,False
5340152539624660608,,,NGC3532,167.1203963554925,-58.6544865655612,2.2131615,16.233503,0.5063559601498777,,,,,,,,,,,,False,False
5340198959635335680,,,NGC3532,166.89778618371432,-58.15767010113957,2.4010487,16.69569,0.5030793348549335,,,,,,,,,,,,False,False
5340152608344183936,,,NGC3532,167.23167245026843,-58.67207746364232,1.1854334,14.0154705,0.3001850325922572,,,,,,,,,,,,False,False
5340152642662475264,,,NGC3532,167.2159106014609,-58.6586898122752,2.9984741,17.940620000000006,0.5098471645205006,,,,,,,,,,,,False,False
5340199337556135936,,,NGC3532,166.74353639250825,-58.19186548032853,2.9416866,18.410751,0.4550523905882142,,,,,,,,,,,,False,False
5340152848862460928,,,NGC3532,167.2148389117704,-58.62108794301621,0.85749435,12.765424,0.1739823827558596,,,,,,,,,,,,False,False
5340199440671427456,,,NGC3532,166.73819682731752,-58.176500634723816,1.2615776,14.204168,0.3340680231805152,,,,,,,,,,,,False,False
5340152883222095104,,,NGC3532,167.17501928124145,-58.650421930327816,2.5894642000000005,17.397064,0.4714946004485031,,,,,,,,,,,,False,False
5340258711221985664,,,NGC3532,166.35308889288956,-57.90552552877957,1.1605148,13.898473,0.3020073982236365,,,,,,,,,,,,False,False
5340199608125527040,,,NGC3532,166.69757172983373,-58.16726904513445,0.42446804,10.732886,0.2026279235121275,,,,,,,,,,,,False,False
5340199642493752448,,,NGC3532,166.7026934223439,-58.15717126818432,2.9033985,18.13754,0.4707134440132896,,,,,,,,,,,,False,False
5340153085047697536,,,NGC3532,167.14040916569962,-58.60065252713508,2.778942,17.080044,0.5620329063712917,,,,,,,,,,,,False,False
5340199779932706432,,,NGC3532,166.71517552394496,-58.13316513857768,2.909563,17.927410000000005,0.4919306722123645,,,,,,,,,,,,False,False
5340153256842680320,,,NGC3532,167.0609968092879,-58.63887349668283,2.4662037,16.858751,0.5012746447036696,,,,,,,,,,,,False,False
5340199990427308544,,,NGC3532,166.76109520136438,-58.13055464515328,2.2920628,16.403225,0.5088756900746637,,,,,,,,,,,,False,False
5340153428672845312,,,NGC3532,167.0389437591762,-58.6485055894876,2.741043,18.828152,0.3905657197059338,,,,,,,,,,,,False,False
5340259256637076480,,,NGC3532,166.35945776445945,-57.85982563557996,2.2058144,16.218811,0.5059055499412507,,,,,,,,,,,,False,False
5340153570416813952,,,NGC3532,167.04166344946591,-58.62621610185815,1.4804125,14.652895999999998,0.418785493879723,,,,,,,,,,,,False,False
5340259394075327872,,,NGC3532,166.3858600952732,-57.843431816390975,2.3994484000000003,16.778254999999998,0.4913612418364996,,,,,,,,,,,,False,False
5340153944033307136,,,NGC3532,167.08902196004016,-58.57667890188154,0.6774578,11.921766,0.0850837874941016,,,,,,,,,,,,False,False
5340200643262154112,,,NGC3532,166.57719255162618,-58.20535518079018,1.7880535,15.372812,0.4646768182762748,,,,,,,,,,,,False,False
5340200673285769344,,,NGC3532,166.59902505210945,-58.20519940920917,2.8274117000000003,17.005982999999997,0.5870633054802817,,,,,,,,,,,,False,False
5340153982733756672,,,NGC3532,167.06574807416487,-58.59735454371784,2.1884727,16.017498,0.5334353276299715,,,,,,,,,,,,False,False
5340154051453582208,,,NGC3532,167.02639302557657,-58.5838371728916,2.807228,18.027355,0.4605822261005493,,,,,,,,,,,,False,False
5340154150199668352,,,NGC3532,167.07393708670102,-58.56069969646786,2.5999355,17.028408,0.5182557468311038,,,,,,,,,,,,False,False
5340154184551489792,,,NGC3532,167.04385364855722,-58.56510685109537,0.91789913,13.117106,0.1625301907930681,,,,,,,,,,,,False,False
5340154223252004352,,,NGC3532,167.0271561159925,-58.5517541543445,2.50708,17.013582,0.4934365571970069,,,,,,,,,,,,False,False
5340201193018035712,,,NGC3532,166.60199893117303,-58.16431966488111,1.9290342,15.311984,0.5558482735197536,,,,,,,,,,,,False,False
5340201193018335872,,,NGC3532,166.60333716529053,-58.15974945961279,2.4590797,16.731485,0.5165864325599507,,,,,,,,,,,,False,False
5340154532448528768,,,NGC3532,167.19066120439263,-58.59870571008725,2.7117062,17.809683,0.4596048524497297,,,,,,,,,,,,False,False
5340154562511432064,,,NGC3532,167.17781463159432,-58.58271673533977,2.533287,16.886345000000002,0.517847792425557,,,,,,,,,,,,False,False
5340154631230910976,,,NGC3532,167.1589868047916,-58.57826542199929,2.5873013,17.470428,0.4632871158505331,,,,,,,,,,,,False,False
5340201772791859456,,,NGC3532,166.47265282844523,-58.13781826709596,2.688242,17.302967000000002,0.5077412136226683,,,,,,,,,,,,False,False
5340260944605230464,,,NGC3532,166.40717047418502,-57.81278401635546,2.4775581,17.405228,0.442175845465268,,,,,,,,,,,,False,False
5340155082204783744,,,NGC3532,167.22089324212803,-58.55585861922617,2.9223804,18.355377,0.4558470337235779,,,,,,,,,,,,False,False
5340155112267265536,,,NGC3532,167.19736762072785,-58.53976457424218,2.7047348,17.602415,0.4783633295977555,,,,,,,,,,,,False,False
5340202528704737408,,,NGC3532,166.46021623961855,-58.08447930964391,1.5683231000000002,14.849998,0.4381917312520699,,,,,,,,,,,,False,False
5340155391442083840,,,NGC3532,167.1262892723044,-58.56513772224644,2.8638191,18.274187,0.451073694305307,,,,,,,,,,,,False,False
5340155460161574272,,,NGC3532,167.11287499776134,-58.55898598806928,2.697691,18.42193,0.4080338158239377,,,,,,,,,,,,False,False
5340155627663330048,,,NGC3532,167.07309134331857,-58.55838459247893,2.590086,17.24484,0.4886179313546505,,,,,,,,,,,,False,False
5340202876645309824,,,NGC3532,166.6284958383391,-58.0986682122412,2.5898876,16.843270999999998,0.5411508802434144,,,,,,,,,,,,False,False
5340155735080550912,,,NGC3532,167.0606600311406,-58.53844514875922,2.6337109,18.031906,0.4236138419780115,,,,,,,,,,,,False,False
5340155735080557184,,,NGC3532,167.03629713609354,-58.52649115195226,1.6063747,14.960724,0.4397166107965352,,,,,,,,,,,,False,False
5340155735080564736,,,NGC3532,167.05228929984847,-58.5278166337007,0.82936954,12.639334,0.1614592421218382,,,,,,,,,,,,False,False
5340155765107371776,,,NGC3532,167.07561726305627,-58.52632388859117,2.5636635,17.527105,0.4517965517557496,,,,,,,,,,,,False,False
5340155906879316736,,,NGC3532,167.13668748906682,-58.52865388169401,0.2078085,10.233236,0.0822975229048945,,,,,,,,,,,,False,True
5340203288926334336,,,NGC3532,166.64656593850643,-58.07864089659083,2.8628635,18.13356,0.4627722843195337,,,,,,,,,,,,False,False
5340262215915364480,,,NGC3532,166.2383390824027,-57.8326857141304,0.84668064,12.79503,0.1257939279458635,,,,,,,,,,,,False,False
5340156078678157056,,,NGC3532,167.15216238471638,-58.48659323999559,2.0185537,15.747291,0.5089504343352947,,,,,,,,,,,,False,False
5340262490793273088,,,NGC3532,166.15813885423364,-57.80203971071991,2.2798443,16.550825,0.4831472954758204,,,,,,,,,,,,False,False
5340156284836500736,,,NGC3532,167.08094850159372,-58.48186589481893,1.4763699,14.723171,0.3997037974666267,,,,,,,,,,,,False,False
5340156422275500672,,,NGC3532,167.06545736245891,-58.45409894984585,2.0317278,14.835828,0.7690702624146903,,,,,,,,,,,,False,False
5340156490994565888,,,NGC3532,166.9810302204169,-58.60864337771359,1.3445168,14.2907915,0.3929962055239966,,,,,,,,,,,,False,False
5340156800232194432,,,NGC3532,166.88149182319373,-58.58273840620535,1.3311043,14.317905,0.3732200647216062,,,,,,,,,,,,False,False
5340204418497491072,,,NGC3532,166.57838279704131,-58.03193407557509,3.076723,17.981188,0.522360753671636,,,,,,,,,,,,False,False
5340157075110216192,,,NGC3532,166.98533420635806,-58.56689274863701,1.8138494,15.430589,0.4674551794854837,,,,,,,,,,,,False,False
5340157109469989248,,,NGC3532,166.97628163185897,-58.55006973527611,2.118146,15.91746,0.521932143804969,,,,,,,,,,,,False,False
5340204457193070080,,,NGC3532,166.56367408046196,-58.02148848702569,1.0071497,13.409993,0.2296564367980169,,,,,,,,,,,,False,False
5340157242576113280,,,NGC3532,166.97343094229726,-58.52511104444263,2.896576,17.894331,0.4924229143382364,,,,,,,,,,,,False,False
5340157345650254848,,,NGC3532,166.91564513849414,-58.53965060943354,2.7159595000000003,16.752457,0.5946471880007245,,,,,,,,,,,,False,False
5340205110029244160,,,NGC3532,166.8545578178956,-58.12537753293625,1.1558447,13.82774,0.3165904169947549,,,,,,,,,,,,False,False
5340157929765810176,,,NGC3532,166.77124608279914,-58.52799575139712,2.4867554,16.978604999999998,0.4919186520185282,,,,,,,,,,,,False,False
5340157934103609216,,,NGC3532,166.78926950021932,-58.5269949773736,0.08179569,9.134977,0.1094894158196221,,,,,,,,,,,,False,True
5340205346224739072,,,NGC3532,166.82570932730982,-58.0725845738216,2.5427856,17.080389999999998,0.4953283895123054,,,,,,,,,,,,False,False
5340205380570072192,,,NGC3532,166.92324957381268,-58.10611395637307,2.76968,18.02175,0.4531464521536277,,,,,,,,,,,,False,False
5340158037182861440,,,NGC3532,166.7859634811954,-58.50908803066988,0.5945873,11.437739,0.1481763787039525,,,,,,,,,,,,False,False
5340158140262144256,,,NGC3532,166.87539252060083,-58.51296967982501,0.87606525,12.831805,0.1906325930464311,,,,,,,,,,,,False,False
5340158483859534080,,,NGC3532,166.80201056491492,-58.48394970968529,0.40471268,10.787327,0.1274255866348471,,,,,,,,,,,,False,False
5340205964679971968,,,NGC3532,166.79361917535613,-58.08476215503882,2.636835,16.873978,0.5508784496208879,,,,,,,,,,,,False,False
5340158586938781440,,,NGC3532,166.8161901473842,-58.47479734749899,0.42935467,10.892382,0.1037791330215111,143.92226,23.234303,0.16143647966617536,,,,,,,,,True,False
5340158793097310976,,,NGC3532,167.01334743666766,-58.500346891784574,0.12898159,8.748692,0.1663528492708787,,,,,,,,,,,,False,True
5340158960563148160,,,NGC3532,166.9622786850206,-58.49632145145426,2.5382862,17.530276999999998,0.4452824513150248,,,,,,,,,,,,False,False
5340206514434455168,,,NGC3532,166.8137666831369,-58.0394533079395,0.9251108,13.063493,0.2009146036467308,,,,,,,,,,,,False,False
5340159033615462016,,,NGC3532,166.94721454447046,-58.48519841721668,0.121165276,9.468223,0.1302130049577728,,,,,,,,,,,,False,True
5340159239782012416,,,NGC3532,167.0485175676117,-58.46785761408749,2.8175392,18.48607,0.4260427974408746,,,,,,,,,,,,False,False
5340159308493488768,,,NGC3532,167.02859517480508,-58.45773112517456,1.1550941,13.899938,0.2949955248221093,,,,,,,,,,,,False,False
5340159548970941312,,,NGC3532,166.95417913609714,-58.44186884569302,2.3833466,16.715483,0.4946804705703717,,,,,,,,,,,,False,False
5340159617731155840,,,NGC3532,166.9997271182277,-58.437843777452976,0.4280100000000001,10.901516,0.0935780817120423,145.75726,61.01297,0.41859300867757804,,,,,,,,,True,False
5340159819548513792,,,NGC3532,166.87554108431843,-58.47362154176444,0.024430275,9.394296,0.0187758533467363,,,,,,,,,,,,False,True
5340159853916337024,,,NGC3532,166.8818141049743,-58.45954834052999,2.8671417000000003,18.007607,0.4750617158321332,,,,,,,,,,,,False,False
5340159858208303872,,,NGC3532,166.89721260691144,-58.45712017142708,0.9404688,12.578726,0.6051680131991158,,,,,,,,,,,,False,False
5340159956995552256,,,NGC3532,166.88409162230678,-58.44737073252208,2.2133312000000003,17.106610999999994,0.3999285175318919,,,,,,,,,,,,False,False
5340207755729035136,,,NGC3532,166.97685936321238,-57.97610630314493,2.162859,16.063375,0.5147879455778448,,,,,,,,,,,,False,False
5340160270566250368,,,NGC3532,166.82476858286302,-58.40438559659995,1.9241657,15.660021,0.4805258691842847,,,,,,,,,,,,False,False
5340160339285652480,,,NGC3532,166.93438590504533,-58.41806671972163,1.203083,14.053939000000002,0.3100943716066264,,,,,,,,,,,,False,False
5340160408005130752,,,NGC3532,166.88866248334745,-58.40155375176776,2.2978077,15.952192000000002,0.5921479546879832,,,,,,,,,,,,False,False
5340160506743689984,,,NGC3532,166.89360927433242,-58.39813510603348,1.6463747,15.079297,0.4405155307269431,,,,,,,,,,,,False,False
5340160511043862144,,,NGC3532,166.90548288253297,-58.3913821600534,2.5598240000000003,17.055094,0.503324184993972,,,,,,,,,,,,False,False
5340160511084370176,,,NGC3532,166.91276421933813,-58.39780569397104,0.31686592,10.485733,0.1415974185844774,186.27696,19.668562,0.1055877334480872,,,,,,,,,True,False
5340267331176468992,,,NGC3532,165.8873979967934,-57.864232285091326,2.906376,17.635220999999994,0.5227479845062629,,,,,,,,,,,,False,False
5340268155812284288,,,NGC3532,165.82073247782063,-57.84130903310678,2.7497654,17.50544,0.4997763326098918,,,,,,,,,,,,False,False
5340209336240511744,,,NGC3532,166.64933690506987,-58.02196965446039,2.9948597,18.61698,0.4488115873533571,,,,,,,,,,,,False,False
5340210023471375360,,,NGC3532,166.68142789655306,-57.95833147733204,0.8875685,12.886561,0.1928910337509898,,,,,,,,,,,,False,False
5340210813745315456,,,NGC3532,166.5148391989531,-57.94827509470298,1.8654251,15.579281,0.4663952363116734,,,,,,,,,,,,False,False
5340211393520105088,,,NGC3532,166.5220094430554,-57.88978641849403,0.6935071999999999,11.955997,0.1340159578819744,,,,,,,,,,,,False,False
5337847069907519616,,,NGC3532,167.0017583599769,-59.54925794828747,0.9797411,13.220185999999998,0.2505109936249726,,,,,,,,,,,,False,False
5337888026719383424,,,NGC3532,167.2470633663254,-59.09357641693728,2.8713856,18.248266,0.4547041480243222,,,,,,,,,,,,False,False
5337888026719383552,,,NGC3532,167.25932428241654,-59.09769155705733,2.195118,16.437931,0.469380524828319,,,,,,,,,,,,False,False
5337847413477937024,,,NGC3532,166.92693320805333,-59.5206938558234,2.6759453,18.741259,0.3843341172641685,,,,,,,,,,,,False,False
5337888262914662144,,,NGC3532,167.15411042488708,-59.12661347251601,2.828573200000001,17.367126000000006,0.5362371149092124,,,,,,,,,,,,False,False
5337888267237442688,,,NGC3532,167.15147063199362,-59.121262682713,1.2524729,14.025572,0.3729376447350826,,,,,,,,,,,,False,False
5337888915726764416,,,NGC3532,167.1633603079852,-59.062383106994,2.3008575,16.842115,0.4529283996486298,,,,,,,,,,,,False,False
5337889126231023744,,,NGC3532,167.14344783437124,-59.05205727181257,0.47267914,10.832676,0.2406767796436127,18.898928,7.2933774,0.3859148730552336,,,,,,,,,True,False
5337848646112785024,,,NGC3532,167.22904182420197,-59.613525281112025,2.8617592,17.558687,0.5210130990073015,,,,,,,,,,,,False,False
5337848684792236672,,,NGC3532,167.23031999565944,-59.59447852297778,2.8053741000000003,18.292685,0.4381245324013332,,,,,,,,,,,,False,False
5337848753513164672,,,NGC3532,167.26137585011773,-59.58047084293321,2.7809582,17.807804,0.4753554226948688,,,,,,,,,,,,False,False
5337889332375937408,,,NGC3532,167.29872399078062,-59.0906865289341,2.2482738,16.282882999999998,0.5117104154300384,,,,,,,,,,,,False,False
5337848852269000960,,,NGC3532,167.17667981482097,-59.5929163547526,0.8461399,12.511839,0.3207184031354178,,,,,,,,,,,,False,False
5337849436409168640,,,NGC3532,167.20441132175355,-59.53473012398156,2.2495842,17.381815,0.3860829391199765,,,,,,,,,,,,False,False
5337849505108674048,,,NGC3532,167.1936922471333,-59.53059525074278,2.9368134,17.420692000000006,0.556869721031665,,,,,,,,,,,,False,False
5337890260102624768,,,NGC3532,167.2965373579075,-58.996756827574366,0.83952236,12.7383,0.1346161845962688,,,,,,,,,,,,False,False
5337849887407127424,,,NGC3532,167.37520881514803,-59.531570854225656,0.613019,11.456074,0.2137578945243511,,,,,,,,,,,,False,False
5337890397541422336,,,NGC3532,167.2208626489999,-59.04252268138183,1.8169613,15.416943,0.4717385629139488,,,,,,,,,,,,False,False
5337890564996879232,,,NGC3532,167.18696396993974,-59.01908486056486,2.7019634,17.422134,0.4972880989066532,,,,,,,,,,,,False,False
5337890706779042944,,,NGC3532,167.11278350841678,-59.01589850880948,1.1602173,13.895773000000002,0.3023930419930813,,,,,,,,,,,,False,False
5337890981643899392,,,NGC3532,167.20097573311017,-58.99457781949497,2.6804943,18.69157,0.3879845533242551,,,,,,,,,,,,False,False
5337890981657080320,,,NGC3532,167.197659918735,-58.98621862042984,1.7134361,15.169266,0.4629510941309606,,,,,,,,,,,,False,False
5337891050363601664,,,NGC3532,167.24382812072312,-58.98261101561178,2.6812172000000003,18.262121,0.4159988278133347,,,,,,,,,,,,False,False
5337850712040655232,,,NGC3532,167.3554673870176,-59.46432597543532,0.38649845,10.731417,0.128340656280501,43.126823,9.5358715,0.2211123110088587,,,,,,,,,True,False
5337850776416643200,,,NGC3532,167.2829096255691,-59.51967247896227,2.7864265,17.671507000000005,0.4904718497904007,,,,,,,,,,,,False,False
5337891153455832960,,,NGC3532,167.20872292821443,-58.9600052241312,2.4172478,16.745160000000002,0.5014123678961332,,,,,,,,,,,,False,False
5337850986918490112,,,NGC3532,167.25074725543303,-59.48857875569481,0.19109917,10.104539,0.10180133263923,,,,,,,,,,,,False,True
5337891290894750464,,,NGC3532,167.13552936544897,-58.95306663771397,0.4770527,10.903316,0.2055185047766305,,,,,,,,,,,,False,False
5337891355267992704,,,NGC3532,167.1838930237704,-58.945838127644,0.90291595,12.988827,0.182046839266206,,,,,,,,,,,,False,False
5337851944644789632,,,NGC3532,167.09017004380178,-59.556334770128224,0.120604515,9.509189,0.1248680149215446,17.890772,8.034388,0.44908000616183585,,,,,,,,,True,True
5337852120789748096,,,NGC3532,167.1128892131283,-59.52073509660313,2.1897316000000004,16.052103,0.5277292079793096,,,,,,,,,,,,False,False
5337853834433410560,,,NGC3532,166.979629019626,-59.44668754984278,2.5757828,17.140373,0.4971822498529195,,,,,,,,,,,,False,False
5337854384186207872,,,NGC3532,167.1265254092554,-59.442852243053714,0.751009,12.192088,0.1855889120921706,,,,,,,,,,,,False,False
5337854938288473728,,,NGC3532,167.133844187761,-59.39035175922818,2.1071262,16.053632999999998,0.4936833164252405,,,,,,,,,,,,False,False
5337855213166075904,,,NGC3532,167.05078615343663,-59.41331100592253,2.8152294,17.884016,0.4755770143772259,,,,,,,,,,,,False,False
5337855346261949056,,,NGC3532,167.07071639007253,-59.3913048991977,2.8767738,17.528788,0.5282356946967318,,,,,,,,,,,,False,False
5337855964737287296,,,NGC3532,167.05048659522762,-59.33550818241393,2.7774982,17.115679999999998,0.5564972764433668,,,,,,,,,,,,False,False
5337855999097007104,,,NGC3532,167.02582333854184,-59.36063175800796,2.5801601,17.203997,0.4907341452285051,,,,,,,,,,,,False,False
5337861810236853888,,,NGC3532,167.568646370181,-59.51297578586831,0.110640526,8.282361,0.1219063810850619,177.89748,22.745266,0.12785603258685846,,,,,,,,,True,True
5337862012051140224,,,NGC3532,167.53943136397302,-59.46847811111618,2.7830906000000004,17.509783,0.5074886649802558,,,,,,,,,,,,False,False
5337863081527301632,,,NGC3532,167.70106124928498,-59.44451489351992,2.3112354,16.20241,0.5492305779900879,,,,,,,,,,,,False,False
5337863184606337792,,,NGC3532,167.64750358510244,-59.4341775593959,2.6316185,18.597824,0.3847603231267623,,,,,,,,,,,,False,False
5337867135997180800,,,NGC3532,167.85100091179126,-59.3412846633186,1.3745537,14.436172,0.3833281492226333,,,,,,,,,,,,False,False
5337868269868343424,,,NGC3532,168.008341964841,-59.278248470950864,0.9193506,12.918368,0.2596445023115926,,,,,,,,,,,,False,False
5337869438099702784,,,NGC3532,167.85384067180408,-59.220281183152295,2.0240536,16.016920000000002,0.4653296083496129,,,,,,,,,,,,False,False
5337869884776096256,,,NGC3532,167.69867854812827,-59.33170134065296,1.2093649,13.980154,0.337075457461168,,,,,,,,,,,,False,False
5337870567624256640,,,NGC3532,167.63230240083428,-59.33920512018831,0.9276314,13.079948,0.1994378825623962,,,,,,,,,,,,False,False
5337871877641030272,,,NGC3532,167.76931700828513,-59.25484805627465,1.8723993000000003,15.523828,0.4801751596966724,,,,,,,,,,,,False,False
5337872324317671040,,,NGC3532,167.79432103645252,-59.22491151457604,0.6427059,10.939422,0.5814350997029035,,,,,,,,,,,,False,False
5337872766652287616,,,NGC3532,167.68655516104894,-59.2440909654465,2.71727,17.714388,0.4700026864784519,,,,,,,,,,,,False,False
5337873080231514496,,,NGC3532,167.6079232995456,-59.19444512634825,0.8742665999999999,12.891895,0.154585274415784,,,,,,,,,,,,False,False
5337873629987369344,,,NGC3532,167.6404348491078,-59.16067619416401,2.2805347,15.4967,0.696009724933176,,,,,,,,,,,,False,False
5337875038737586432,,,NGC3532,167.2893694262433,-59.41163694667277,2.7216167,17.602772,0.4823640159368358,,,,,,,,,,,,False,False
5337875962103246848,,,NGC3532,167.30191986815407,-59.3281701881772,1.4985027,14.701183,0.4213581977547763,,,,,,,,,,,,False,False
5337876035170151040,,,NGC3532,167.26712009842768,-59.30517399563587,1.885889,15.715603,0.4526950217118866,,,,,,,,,,,,False,False
5337876103889643648,,,NGC3532,167.47429861699132,-59.3651395972902,2.1270847,15.960564000000002,0.5179577981113003,,,,,,,,,,,,False,False
5337877753157173248,,,NGC3532,167.3737044890539,-59.26917819475622,0.13401985,10.089066,0.0261638043483813,,,,,,,,,,,,False,True
5337878337272467712,,,NGC3532,167.1732981604386,-59.37362939093696,1.8347225,15.37781,0.4891122069089835,,,,,,,,,,,,False,False
5337878474711464320,,,NGC3532,167.18959197864322,-59.3475489420844,1.1760235,13.983582,0.2976251769353927,,,,,,,,,,,,False,False
5337878646509865856,,,NGC3532,167.14263738496098,-59.33466946473571,1.954318,15.676501000000002,0.4919494673044113,,,,,,,,,,,,False,False
5337878887011473280,,,NGC3532,167.1973332461001,-59.32055944847863,2.7515755,17.740438,0.4753275443848097,,,,,,,,,,,,False,False
5337878990107644288,,,NGC3532,167.2549210839985,-59.30413546260994,2.2860565,16.679531,0.4681274173031373,,,,,,,,,,,,False,False
5337879058810316800,,,NGC3532,167.21294537588918,-59.28586217327776,2.3373413,17.11852,0.4334102185387285,,,,,,,,,,,,False,False
5337879093169920896,,,NGC3532,167.15860638129,-59.30236832782976,3.0135765,18.436382,0.4665412781027158,,,,,,,,,,,,False,False
5337879196265720192,,,NGC3532,167.14651110033302,-59.2905579900348,0.9873686,13.311874,0.2290326844832425,,,,,,,,,,,,False,False
5337879368047676032,,,NGC3532,167.08656793931567,-59.32979724647581,2.5974083,17.541393,0.4586356034726972,,,,,,,,,,,,False,False
5337879471143584512,,,NGC3532,167.05906364320646,-59.30898370104882,2.5716705,17.18995,0.4900894360636554,,,,,,,,,,,,False,False
5337879539865137920,,,NGC3532,167.10310819739843,-59.29657772070297,0.22642899,10.32404,0.0727884324572274,,,,,,,,,,,,False,False
5337879982194450432,,,NGC3532,167.09144768359764,-59.279135522983296,2.8588562,17.465260999999998,0.531570991288321,,,,,,,,,,,,False,False
5337880742453996416,,,NGC3532,167.1965671131886,-59.26501990108942,1.5954771,14.971185,0.4302735402468156,,,,,,,,,,,,False,False
5337880914252737536,,,NGC3532,167.21627053966162,-59.23331959687703,2.021823,15.877532,0.4870721042393537,,,,,,,,,,,,False,False
5337881322245000704,,,NGC3532,167.22203653573905,-59.209129964130966,2.6404762,17.286814,0.4970933208938843,,,,,,,,,,,,False,False
5337881940699588480,,,NGC3532,167.0536698774802,-59.1972825513736,2.6020546,17.274124,0.4884116374863492,,,,,,,,,,,,False,False
5337882013764376448,,,NGC3532,167.10005806104382,-59.18482711661362,1.2285566,14.117752,0.3214861101830927,,,,,,,,,,,,False,False
5337882219922852224,,,NGC3532,167.1210276472254,-59.16213792157275,1.9008675,15.627621,0.4751177281204825,,,,,,,,,,,,False,False
5337882391721514624,,,NGC3532,167.08602130476262,-59.17030370593236,1.7894125,15.37316,0.465350658302143,,,,,,,,,,,,False,False
5337882524811915520,,,NGC3532,167.1056297831352,-59.14800142283914,0.68548775,11.882487,0.1689263525528268,,,,,,,,,,,,False,False
5337882632239754112,,,NGC3532,167.0794044000654,-59.11827151276257,2.3156376,16.717564000000007,0.4727765209653095,,,,,,,,,,,,False,False
5337842878019390592,,,NGC3532,167.1574066873176,-59.63053399054952,1.8196459,15.411779999999998,0.4741800777386685,,,,,,,,,,,,False,False
5337843049818139520,,,NGC3532,167.14029641461426,-59.590788884599206,1.8682442,15.514015,0.4799193862411657,,,,,,,,,,,,False,False
5337883418168344448,,,NGC3532,167.52942452207247,-59.20477558534808,2.3959007000000003,16.578707,0.5182707298436714,,,,,,,,,,,,False,False
5337883422502199040,,,NGC3532,167.52791686524833,-59.206636174011535,2.9456806,18.108656,0.4820401212361357,,,,,,,,,,,,False,False
5337883624326781184,,,NGC3532,167.4923822207389,-59.1892053693368,2.5613022,16.998058,0.511114028055185,,,,,,,,,,,,False,False
5337883830488001920,,,NGC3532,167.38323391065074,-59.23332428751253,2.9231700000000003,18.165419,0.4722418425913844,,,,,,,,,,,,False,False
5337883834818724480,,,NGC3532,167.37029315630105,-59.22867880579767,2.976345,18.253826,0.4750193572623419,,,,,,,,,,,,False,False
5337883933564418816,,,NGC3532,167.4171630387074,-59.201006367057616,2.3250332,16.561853,0.4968838721801318,,,,,,,,,,,,False,False
5337884040989582208,,,NGC3532,167.33878500377554,-59.21595030722622,1.7414055,15.2260895,0.4676992202157375,,,,,,,,,,,,False,False
5337884174085491072,,,NGC3532,167.34575531250618,-59.19630793927488,2.9013062,18.155025,0.4687262717139462,,,,,,,,,,,,False,False
5337844355487975808,,,NGC3532,166.95446335352582,-59.67855720429629,1.0394821,13.48989,0.2567111335085021,,,,,,,,,,,,False,False
5337884418946812032,,,NGC3532,167.39199102369855,-59.1678044861592,2.1510324,15.543479,0.6173306407760908,,,,,,,,,,,,False,False
5337884659464955776,,,NGC3532,167.3318699255064,-59.16103813195373,1.7398024,15.245157999999998,0.4628669471303269,,,,,,,,,,,,False,False
5337844969620370944,,,NGC3532,166.95023199126678,-59.61836398431513,2.5007381,17.036835,0.4887347290138913,,,,,,,,,,,,False,False
5337885067438710144,,,NGC3532,167.53849256670946,-59.154419552234536,1.9044647,15.051420000000002,0.6101282328695701,,,,,,,,,,,,False,False
5337885209221222784,,,NGC3532,167.47641719341428,-59.16587896495122,1.3273916,14.381625,0.3542975995232447,,,,,,,,,,,,False,False
5337885381007534592,,,NGC3532,167.48242221374105,-59.11754609309184,2.7562675,18.250957,0.4316747362440171,,,,,,,,,,,,False,False
5337885896415818112,,,NGC3532,167.4994972793095,-59.08165323666709,0.30370235,10.446321,0.1390609044616323,,,,,,,,,,,,False,False
5337885896415822592,,,NGC3532,167.4845377268895,-59.07463052019119,1.6851463,15.08503,0.4635480020161377,,,,,,,,,,,,False,False
5337846172214033664,,,NGC3532,167.02318429716783,-59.58939011598165,2.8617,17.77838,0.4965771006875404,,,,,,,,,,,,False,False
5337846240930472704,,,NGC3532,167.04970732312583,-59.56912108807781,2.5105877,16.208976999999994,0.6247818383008981,,,,,,,,,,,,False,False
5337886480531300480,,,NGC3532,167.3680187732662,-59.07077579040387,0.21129894,9.984013,0.1616803605741717,,,,,,,,,,,,False,True
5337886686689833344,,,NGC3532,167.48200752980262,-59.06028170405772,2.5085278,16.609108,0.5511456746904622,,,,,,,,,,,,False,False
5337887717482102656,,,NGC3532,167.27005370583674,-59.12004717488063,2.593132,17.293035999999994,0.4838901799641541,,,,,,,,,,,,False,False
5337838647431391360,,,NGC3532,167.48157228233111,-59.49999300732146,2.3393307,16.495794,0.5114348624795654,,,,,,,,,,,,False,False
5338639714711601408,,,NGC3532,167.07221036403283,-59.0329284786449,2.3824787,16.356886,0.5489947703856207,,,,,,,,,,,,False,False
5338600269727353600,,,NGC3532,166.60925123587057,-59.48605782740037,2.9473248,18.295052,0.4657211478589672,,,,,,,,,,,,False,False
5338681839753909376,,,NGC3532,165.73298619152368,-58.81243824317501,1.5939713,14.907921,0.442947683423038,,,,,,,,,,,,False,False
5338681839753910784,,,NGC3532,165.74937717097328,-58.8157205336266,2.1324978,16.043901,0.5057008815639062,,,,,,,,,,,,False,False
5338682011552542848,,,NGC3532,165.69100115196662,-58.86057639044382,0.54963875,11.197055,0.1903087472630156,,,,,,,,,,,,False,False
5338600819434988416,,,NGC3532,166.4709598204404,-59.48794841440511,2.3642406000000005,16.310152,0.5503317643948714,,,,,,,,,,,,False,False
5338600888202527744,,,NGC3532,166.4481384911937,-59.47895409510239,1.9206123,15.6442795,0.481677177059636,,,,,,,,,,,,False,False
5338640092668310528,,,NGC3532,167.02145258239773,-59.00248557028768,0.06396103,9.534819,0.050971526742393,,,,,,,,,,,,False,True
5338601090018352640,,,NGC3532,166.4257467815352,-59.4640942405606,2.472578,16.793095,0.5121537543525071,,,,,,,,,,,,False,False
5338682870546065152,,,NGC3532,165.65441212787368,-58.77555884775053,0.8994551,12.953181,0.190291222157664,,,,,,,,,,,,False,False
5338682900560731648,,,NGC3532,165.60924257038025,-58.77728181427332,2.8665943,17.244204999999994,0.5626777003085259,,,,,,,,,,,,False,False
5338601300471666944,,,NGC3532,166.45837131477091,-59.44645452337728,2.8542328,18.657858,0.4208016857503032,,,,,,,,,,,,False,False
5338683076704324864,,,NGC3532,165.6300039439993,-58.7406493752704,1.0753756,13.617673000000002,0.2706351621969571,,,,,,,,,,,,False,False
5338683076708358912,,,NGC3532,165.62302073613574,-58.73989175336715,0.179039,10.160298,0.066826978393233,28.186928,3.8552022,0.13677269832313757,,,,,,,,,True,True
5338640333186882944,,,NGC3532,166.90894629174306,-59.02575928551593,0.7683344,12.309601,0.1664011033645516,,,,,,,,,,,,False,False
5338683592101374208,,,NGC3532,165.36088090724252,-59.03871525063246,1.4590386999999998,14.6477,0.4033336531118973,,,,,,,,,,,,False,False
5338640470625323264,,,NGC3532,166.93689799300174,-59.00830687195709,1.6789884999999998,15.097938,0.4569501992497449,,,,,,,,,,,,False,False
5338640500638695424,,,NGC3532,166.87598018342027,-59.02224420873861,0.6540632,11.803555,0.0830942539025047,,,,,,,,,,,,False,False
5338640608064194176,,,NGC3532,166.85595855560143,-59.00763031512996,2.5973053,17.05455,0.5140630229776252,,,,,,,,,,,,False,False
5338602223889628160,,,NGC3532,166.54543805800344,-59.41259506389135,2.8133621,17.66871,0.4970822332438583,,,,,,,,,,,,False,False
5338684760332499072,,,NGC3532,165.3581296205888,-59.011458193551206,1.9362946,15.712231,0.4769524067581591,,,,,,,,,,,,False,False
5338602498767278848,,,NGC3532,166.62081186608984,-59.38661744632165,2.1579475,16.16926,0.4953043287642252,,,,,,,,,,,,False,False
5338685408821565056,,,NGC3532,165.45498578831874,-58.976628899448,2.5772915000000003,16.955359,0.5215001798427512,,,,,,,,,,,,False,False
5338685584939522560,,,NGC3532,165.43715190395872,-58.9778605764124,2.4340954,17.875908,0.392338508478721,,,,,,,,,,,,False,False
5338685683700469504,,,NGC3532,165.41231161655404,-58.95945277544016,2.733364,18.083738,0.4402999601164674,,,,,,,,,,,,False,False
5338641020381320064,,,NGC3532,166.9572956370591,-58.95441308535234,0.1451683,9.778005,0.1162623170708601,89.70042,8.409477,0.09375069815726617,,,,,,,,,True,True
5338685958572515584,,,NGC3532,165.4839029447855,-58.926641852566405,0.5518389,11.253345,0.1500181515177186,19.79985,8.838753,0.4464050485230949,,,,,,,,,True,False
5338641123425212032,,,NGC3532,166.8701929328453,-58.97267501170236,2.8786982999999995,17.933249,0.4846555687425268,,,,,,,,,,,,False,False
5338686100362366208,,,NGC3532,165.4990176899443,-58.90813852518156,2.2646523,16.529745000000002,0.4808862490669685,,,,,,,,,,,,False,False
5338641123460427648,,,NGC3532,166.88601311085813,-58.96730314934066,2.3670560000000003,15.727247,0.6755463927576466,,,,,,,,,,,,False,False
5338603362056674560,,,NGC3532,166.45232560922562,-59.36032498948072,2.578228,17.568441,0.4513403931309704,,,,,,,,,,,,False,False
5338560171923597824,,,NGC3532,165.71461338802308,-59.632325845491714,1.3612461,14.332028,0.3977599640490756,,,,,,,,,,,,False,False
5338560206283363456,,,NGC3532,165.7023619643883,-59.61509568280314,0.9291506,13.055508,0.2138027673389926,,,,,,,,,,,,False,False
5338641192179971200,,,NGC3532,166.90404266934118,-58.9500970971243,0.81693935,11.838687,0.9151629821389096,,,,,,,,,,,,False,False
5338641222199174016,,,NGC3532,166.90071023582237,-58.94217555598174,2.4267406000000005,16.84927,0.4904983031547487,,,,,,,,,,,,False,False
5338686684477666048,,,NGC3532,165.3168309352334,-58.93561543805195,1.8259754,15.443666,0.4713796608842608,,,,,,,,,,,,False,False
5338603770077901696,,,NGC3532,166.43759247618075,-59.33552397315711,2.7072906000000003,17.65217,0.4738787955659344,,,,,,,,,,,,False,False
5338641260899458176,,,NGC3532,166.89268978803102,-58.94257871242225,1.2908792,14.266351,0.3477006079850042,,,,,,,,,,,,False,False
5338686817571827328,,,NGC3532,165.33628306846114,-58.914902632209504,2.8583565,17.732657999999994,0.5006607091028048,,,,,,,,,,,,False,False
5338686989369558784,,,NGC3532,165.3870265551655,-58.89298061416992,2.675949,17.516026999999998,0.4804567658530958,,,,,,,,,,,,False,False
5338687165485906944,,,NGC3532,165.35751045444405,-58.87049913083562,2.5672112,17.986795,0.4129930354989858,,,,,,,,,,,,False,False
5338560756039286144,,,NGC3532,165.72807096066964,-59.565137556760426,0.61039734,11.459995,0.1982696059277695,,,,,,,,,,,,False,False
5338687406032286080,,,NGC3532,165.34511862235834,-58.85279326735649,2.192646,15.9944,0.5394198131524274,,,,,,,,,,,,False,False
5338641467023477248,,,NGC3532,167.10214231866223,-58.978229811714726,2.3797740000000003,17.86135,0.3813664009619303,,,,,,,,,,,,False,False
5338687474751772416,,,NGC3532,165.3312707532225,-58.840215593483016,1.201725,14.01402,0.3189920534048771,,,,,,,,,,,,False,False
5338604392850921984,,,NGC3532,166.84112498160366,-59.41593020289501,1.9828062,15.8568125,0.473374300200679,,,,,,,,,,,,False,False
5338516844255504768,,,NGC3532,166.24423551574083,-59.59304132745782,2.5546799,17.0255,0.5056342235595418,,,,,,,,,,,,False,False
5338641565796572160,,,NGC3532,167.0702259645174,-58.95726678371405,2.3926792000000003,17.63812,0.40086125257114,,,,,,,,,,,,False,False
5338687680910001664,,,NGC3532,165.22314805952047,-58.96934609048883,1.1667156,13.729131,0.3632022936551163,,,,,,,,,,,,False,False
5338604461616125952,,,NGC3532,166.81413332323436,-59.3963875148324,0.8287095999999999,12.62497,0.168714022907918,,,,,,,,,,,,False,False
5338641600156307456,,,NGC3532,167.0380760963379,-58.975854618013145,2.8012217999999995,17.62879,0.4985451199774057,,,,,,,,,,,,False,False
5338687917083433600,,,NGC3532,165.16195167479034,-58.95216229625648,2.819519,18.119589,0.4550907039987291,,,,,,,,,,,,False,False
5338641707576126336,,,NGC3532,167.00781289940753,-58.95794507363159,1.4687223,14.024717,0.616255562982962,,,,,,,,,,,,False,False
5338688539903524224,,,NGC3532,165.15148467762225,-58.88581998695663,2.255663,15.816099,0.6030793508642637,,,,,,,,,,,,False,False
5338641845015187328,,,NGC3532,167.02346568723155,-58.92689678470151,1.6382322,15.038789,0.4438023937821581,,,,,,,,,,,,False,False
5338562061709345664,,,NGC3532,165.59931604069303,-59.51840977113738,1.1546173,13.822503,0.31659534966699,,,,,,,,,,,,False,False
5338641948060124672,,,NGC3532,167.09506934204103,-58.94989927159204,2.7904148,18.348835,0.430933944730233,,,,,,,,,,,,False,False
5338605286249844352,,,NGC3532,166.75812355260518,-59.37814487496029,0.3511629000000001,10.506702,0.1897378656011883,31.504278,9.17981,0.2913829671005316,,,,,,,,,True,False
5338605320609500800,,,NGC3532,166.7310225994166,-59.410940078606366,0.15653038,9.883135,0.1102434378069467,,,,,,,,,,,,False,True
5338517772003284992,,,NGC3532,166.19163267504837,-59.55592375753872,1.7557449,15.250881,0.4709093931665226,,,,,,,,,,,,False,False
5338605488064806528,,,NGC3532,166.73422949863388,-59.37389912722339,2.598339,16.84439,0.543569014166383,,,,,,,,,,,,False,False
5338642051173754240,,,NGC3532,167.12837131088048,-58.9151539076646,2.2549725,16.233957,0.5222205891191269,,,,,,,,,,,,False,False
5338689742494398464,,,NGC3532,165.2601210642489,-58.90148622743372,2.192587,16.052607000000002,0.5288075400199223,,,,,,,,,,,,False,False
5338605870365437824,,,NGC3532,166.74713938056613,-59.357189991021926,1.2444343999999998,14.1007595,0.3428191422652768,,,,,,,,,,,,False,False
5338562955062706048,,,NGC3532,165.76088786308787,-59.47174025081444,0.9858923,13.310176,0.2269050564428802,,,,,,,,,,,,False,False
5338563053796119936,,,NGC3532,165.70265731630042,-59.496967347177744,2.6370564,18.001045,0.4267615109545394,,,,,,,,,,,,False,False
5338690360969762944,,,NGC3532,165.25517664576176,-58.83949399070397,2.189826,15.502404,0.6476806196882955,,,,,,,,,,,,False,False
5338642326017709824,,,NGC3532,167.080469722624,-58.90440684555088,2.4665852000000004,18.047323,0.3873490421311987,,,,,,,,,,,,False,False
5338690567128204160,,,NGC3532,165.2162743267977,-58.81465078248186,0.5809908,11.310137,0.2101372835637943,,,,,,,,,,,,False,False
5338690945056957056,,,NGC3532,165.15946014125544,-58.83366553653833,2.687296,17.809607,0.4541248126207776,,,,,,,,,,,,False,False
5338642532209870592,,,NGC3532,166.96772066178062,-58.93638383192887,2.5894337000000003,17.046713,0.5128413852845402,,,,,,,,,,,,False,False
5338691151243667968,,,NGC3532,165.0617868236065,-58.8299367479361,1.4866867,13.990621,0.6526992458180888,,,,,,,,,,,,False,False
5338691284338004864,,,NGC3532,165.0835422883545,-58.81083824042408,2.7534828,18.203718,0.4347819011809315,,,,,,,,,,,,False,False
5338642669614662784,,,NGC3532,166.9632396406741,-58.901463404299705,2.6680164,18.260313,0.4135209331193316,,,,,,,,,,,,False,False
5338691735359311104,,,NGC3532,165.09178632700477,-58.765777159680326,2.1700191,15.9907055,0.5306208463546042,,,,,,,,,,,,False,False
5338642772728010880,,,NGC3532,166.89211043754923,-58.919482281348685,1.7076015,15.173471,0.4585826459834652,,,,,,,,,,,,False,False
5338692212048390272,,,NGC3532,165.47239947460622,-58.872636175296286,2.3341522,16.36665,0.5298148255149415,,,,,,,,,,,,False,False
5338519489956208256,,,NGC3532,166.1660791744189,-59.478959304935216,2.8772526000000003,18.184769,0.4612507431193189,,,,,,,,,,,,False,False
5338692250755738112,,,NGC3532,165.44765005179116,-58.87785881906832,0.9221897,12.981218,0.2330720507397633,,,,,,,,,,,,False,False
5338642841447539968,,,NGC3532,166.92470009355768,-58.91229701026333,2.466135,16.941761,0.4905012427133859,,,,,,,,,,,,False,False
5338642841447556480,,,NGC3532,166.94176569348488,-58.91236872537029,3.0084877,17.859585,0.5207526003255147,,,,,,,,,,,,False,False
5338519558709430528,,,NGC3532,166.12829281912855,-59.49445567295336,0.51339245,10.934757,0.2716303666432176,,,,,,,,,,,,False,False
5338692456914407808,,,NGC3532,165.54922408890982,-58.85955160816885,2.5722485,17.556173,0.4510736556067599,,,,,,,,,,,,False,False
5338692590002009344,,,NGC3532,165.5419731205906,-58.83409261873458,0.21913719,10.026564,0.1622097542140757,,,,,,,,,,,,False,True
5338642910167026432,,,NGC3532,166.90998460680362,-58.903463327068,2.2688046,16.349722,0.5087452976361633,,,,,,,,,,,,False,False
5338692658725467904,,,NGC3532,165.5329339420266,-58.82153053180228,2.3656864,16.623297,0.5017266611882022,,,,,,,,,,,,False,False
5338692697432449664,,,NGC3532,165.54772358075374,-58.81251475773973,1.2754183,14.192224,0.3510471180951143,,,,,,,,,,,,False,False
5338642974545838720,,,NGC3532,166.98962669140522,-58.91155783992424,2.3470364,17.120342,0.4359252111006367,,,,,,,,,,,,False,False
5338643013246375936,,,NGC3532,167.0181805559391,-58.89629558483436,2.0814352,15.956319,0.4993150529122705,,,,,,,,,,,,False,False
5338693109720827904,,,NGC3532,165.3792006407705,-58.838048156205865,2.855915,18.284729,0.4486637786230639,,,,,,,,,,,,False,False
5338693174123668992,,,NGC3532,165.43700065041068,-58.8235952844836,2.8280487,17.612637,0.506711922183099,,,,,,,,,,,,False,False
5338520138478141824,,,NGC3532,166.15594327904742,-59.433023207290354,2.3889942000000004,16.62646,0.5089654986997342,,,,,,,,,,,,False,False
5338693384627122176,,,NGC3532,165.31848190917057,-58.81205045506386,0.32881927,10.429492,0.1883104635876706,216.12868,21.8121,0.10092182120392351,,,,,,,,,True,False
5338693625117110016,,,NGC3532,165.41385016094523,-58.8070916155397,2.9645348,18.475449,0.4541896961325266,,,,,,,,,,,,False,False
5338693625145334272,,,NGC3532,165.40003787208906,-58.80530845145468,0.8045664,12.510214,0.1617025207415678,,,,,,,,,,,,False,False
5338643253764519168,,,NGC3532,166.93397495121553,-58.87514172678311,1.8475332,15.468497,0.477932591983153,,,,,,,,,,,,False,False
5338643283783715584,,,NGC3532,166.95033727098274,-58.86879985010814,2.1833096000000003,16.348183,0.4777745454474241,,,,,,,,,,,,False,False
5338694037434133376,,,NGC3532,165.35949692794938,-58.75084024064221,2.5808372000000004,18.390316,0.3879029799534914,,,,,,,,,,,,False,False
5338643391203525760,,,NGC3532,166.95321114750945,-58.86304561108992,0.26623535,10.487954,0.0544502752677287,,,,,,,,,,,,False,False
5338694209260957824,,,NGC3532,165.54525255885963,-58.79109967655846,0.046504974,9.246663,0.0601000581341241,,,,,,,,,,,,False,True
5338694243620707072,,,NGC3532,165.5787582449529,-58.79339977952585,0.6793909,11.854106,0.1658826210940936,21.585201,21.51813,0.9968927322011037,,,,,,,,,True,False
5338520894389855872,,,NGC3532,165.9793915806386,-59.49943342390287,0.5983429,11.358172,0.238430082454748,,,,,,,,,,,,False,False
5338643528606328192,,,NGC3532,166.81635179134858,-59.00495845454813,2.9474240000000003,18.444872,0.4534102612050475,,,,,,,,,,,,False,False
5338694690297341696,,,NGC3532,165.60367665280629,-58.76369538051568,2.4746208,16.521488,0.55393573495748,,,,,,,,,,,,False,False
5338643528641955584,,,NGC3532,166.83291345750743,-58.9995805267555,1.1365738,13.159944,0.6084913587839329,,,,,,,,,,,,False,False
5338566528475580544,,,NGC3532,165.33258870257228,-59.403176667003095,1.3720703,14.358087,0.4008743265635043,,,,,,,,,,,,False,False
5338695102614236544,,,NGC3532,165.55611398871545,-58.706409869322655,0.23592949,10.386116,0.0584446843049598,115.00478,13.349984,0.11608199241805427,,,,,,,,,True,False
5338566768993584640,,,NGC3532,165.52774186208424,-59.4426525762218,1.4045191,14.543996,0.3833494382307528,,,,,,,,,,,,False,False
5338643631721180160,,,NGC3532,166.7974163521144,-58.98446949978224,1.2429991000000002,14.125293,0.3348371629805628,,,,,,,,,,,,False,False
5338695514931018368,,,NGC3532,165.41179717448594,-58.7396995722002,1.09622,13.780345,0.2525562998582302,,,,,,,,,,,,False,False
5338521551573999872,,,NGC3532,165.90008450513372,-59.51068247259586,1.5855713,14.916262,0.4353977761118022,,,,,,,,,,,,False,False
5338695549290748672,,,NGC3532,165.38308734577714,-58.73647801469206,0.9029398,12.949444,0.2009459896198216,,,,,,,,,,,,False,False
5338695583622528128,,,NGC3532,165.375957694347,-58.71217784400651,2.4531097,17.644493,0.414628332466155,,,,,,,,,,,,False,False
5338643700440731392,,,NGC3532,166.83097919037678,-58.97067491756747,0.2263546,10.142179,0.140445168794336,94.058846,11.035564,0.11732616834359205,,,,,,,,,True,True
5338695892888207488,,,NGC3532,165.48871279427726,-58.69536562325482,1.3794222,14.428192,0.389568544235689,,,,,,,,,,,,False,False
5338643803519854848,,,NGC3532,166.76276976164914,-58.97773221424025,2.4434013,16.83042,0.4980683394047713,,,,,,,,,,,,False,False
5338696197774510208,,,NGC3532,165.43109103923211,-58.6508118484421,0.5970278,11.486917,0.1112958974795972,5.893773,15.259422,2.5890752833541435,,,,,,,,,True,False
5338696202125871616,,,NGC3532,165.43572534405442,-58.65184281300995,0.7999821,12.462472,0.1799714540763886,,,,,,,,,,,,False,False
5338521929531242240,,,NGC3532,165.8760862780392,-59.45674730013635,0.324584,10.505685,0.1445960369841931,203.37814,38.351315,0.18857147085719242,,,,,,,,,True,False
5338567284389746304,,,NGC3532,165.5794610150707,-59.40283635002117,2.6529102000000004,16.743126,0.5762758213923557,,,,,,,,,,,,False,False
5338643872206192384,,,NGC3532,166.7526009985379,-58.96945601322554,2.4783707,17.109985,0.4737014241306846,,,,,,,,,,,,False,False
5338609443778116224,,,NGC3532,166.55282964132144,-59.341253559424544,2.0748243000000004,15.880818,0.5097402967476975,,,,,,,,,,,,False,False
5338567387468916096,,,NGC3532,165.489377526745,-59.40111372668883,0.51579475,11.147908,0.1217755401600879,,,,,,,,,,,,False,False
5338696854960746112,,,NGC3532,165.31887848296188,-58.77114529006547,1.5945749,14.873691,0.451107324539349,,,,,,,,,,,,False,False
5338522307488392704,,,NGC3532,165.8984938260105,-59.45347915222133,0.94172,13.010086,0.2656691583037778,,,,,,,,,,,,False,False
5338644039695195520,,,NGC3532,166.76138877901028,-58.93702463361142,2.0239515,15.834582,0.4954882777878873,,,,,,,,,,,,False,False
5338609821735286528,,,NGC3532,166.4739227190724,-59.2900071974741,2.1246796000000003,16.073097,0.4976300444229762,,,,,,,,,,,,False,False
5338697335997118976,,,NGC3532,165.23658641129842,-58.70783795582156,1.4374646999999998,14.548426999999998,0.4094812279466505,,,,,,,,,,,,False,False
5338698431163994368,,,NGC3532,165.1443000757952,-58.654357543323485,2.7607212000000003,17.855225,0.4662810087585746,,,,,,,,,,,,False,False
5338568315182073984,,,NGC3532,165.42775936895148,-59.366353331609886,2.1364403,16.073654,0.502308882364123,,,,,,,,,,,,False,False
5338698504228252416,,,NGC3532,165.34228481779283,-58.71731360000679,2.0636368000000003,16.049372,0.4765732381588925,,,,,,,,,,,,False,False
5338698847825638144,,,NGC3532,165.2525212519704,-58.682055825130426,2.1227598,15.960961,0.5160518787810434,,,,,,,,,,,,False,False
5338699053984119296,,,NGC3532,165.35467316645034,-58.66581542734688,1.6228914,14.3808565,0.6221305290586407,,,,,,,,,,,,False,False
5338699221438011136,,,NGC3532,165.3760870724532,-58.63945892538902,3.1292020000000003,18.168978,0.5136846975170222,,,,,,,,,,,,False,False
5338644490714870912,,,NGC3532,166.79763082893456,-58.90736824515822,0.010468483,8.267197,0.0294907581173347,22.634335,1.9104662,0.08440566952817478,,,,,,,,,True,True
5338699466273223040,,,NGC3532,165.33150688412547,-58.62257966050387,2.8609734,17.514302999999998,0.5261092869448708,,,,,,,,,,,,False,False
5338699466301007232,,,NGC3532,165.31282286582427,-58.61862785272165,2.2325554,16.17151,0.5240764869038355,,,,,,,,,,,,False,False
5338699496313516800,,,NGC3532,165.31617782269862,-58.6121095959866,2.3519154,16.635784,0.4954379067389695,,,,,,,,,,,,False,False
5338699633754847744,,,NGC3532,165.2248880559657,-58.65068101824868,2.4343739,17.802444,0.3978078368215577,,,,,,,,,,,,False,False
5338699638099645184,,,NGC3532,165.22886623436503,-58.64882712821537,0.5530443,11.163873,0.2275669685633643,28.805748,17.764969,0.6167161151309106,,,,,,,,,True,False
5338523819283279488,,,NGC3532,165.98270458256687,-59.41095022812521,2.6721077,18.039755,0.431073318540952,,,,,,,,,,,,False,False
5338610852527682944,,,NGC3532,166.66772462253516,-59.25416356541735,1.1943102,14.012301999999998,0.3110510966624412,,,,,,,,,,,,False,False
5338611019988563072,,,NGC3532,166.63429479398138,-59.23486518441256,2.925974,17.936373,0.4945900312839397,,,,,,,,,,,,False,False
5338700394013955072,,,NGC3532,165.2553479086781,-58.57765219662436,0.9653053,13.223847,0.2200533021209037,,,,,,,,,,,,False,False
5338700428345817216,,,NGC3532,165.19454641790117,-58.59361742556976,2.0045652,15.842153,0.4855193963855939,,,,,,,,,,,,False,False
5338611127405702784,,,NGC3532,166.7251350200789,-59.23165052432282,2.2392197,16.255816,0.5126572621408333,,,,,,,,,,,,False,False
5338611157426317696,,,NGC3532,166.68816973179742,-59.22623341636197,2.6946716,17.597551,0.4764573004068764,,,,,,,,,,,,False,False
5338569582146421120,,,NGC3532,165.7786840060401,-59.41016177058168,3.1259136,17.877954000000006,0.5446110252259998,,,,,,,,,,,,False,False
5338700909396586368,,,NGC3532,166.0418904757125,-58.87303894077663,2.584444,18.590128,0.3766886196942373,,,,,,,,,,,,False,False
5338701012475673728,,,NGC3532,166.01971255791452,-58.87813113551379,2.2794952,16.478527,0.4932308680060099,,,,,,,,,,,,False,False
5338701012475677440,,,NGC3532,166.02059634595088,-58.87751749785226,2.6551266,17.344196,0.4942369325874456,,,,,,,,,,,,False,False
5338701012479141248,,,NGC3532,166.00700198536816,-58.8713252157818,0.059274673,9.534611,0.0451395340450119,124.13357,7.7864356,0.06272626816420408,,,,,,,,,True,True
5338701115558370560,,,NGC3532,166.02178056144268,-58.85926612590697,0.5811529000000001,11.29088,0.2268437483651944,29.185797,14.208427,0.48682676029028776,,,,,,,,,True,False
5338701145583039616,,,NGC3532,166.02489780605418,-58.85205790549031,2.9824715,18.022804,0.498011695141883,,,,,,,,,,,,False,False
5338524502169881984,,,NGC3532,165.93521336539857,-59.36682852013615,2.8307896,17.827265,0.4846029252241918,,,,,,,,,,,,False,False
5338701149918113152,,,NGC3532,166.02422759827616,-58.85461451314884,2.2605972000000003,16.2837,0.5161890803168537,,,,,,,,,,,,False,False
5338524609591324672,,,NGC3532,165.90878139757336,-59.33763985740544,2.190096,16.200476000000002,0.5028033827689047,,,,,,,,,,,,False,False
5338701321716831232,,,NGC3532,166.0509874978963,-58.85294292740608,1.8676395,14.826979,0.6560490338321593,,,,,,,,,,,,False,False
5338611505362958208,,,NGC3532,166.67971726634983,-59.19434935886074,0.28935623,10.464007,0.1063112029542206,73.76137,11.029148,0.14952471734188233,,,,,,,,,True,False
5338611574082373120,,,NGC3532,166.6569004247084,-59.178187434887725,1.2733822,14.180011,0.3521469684987318,,,,,,,,,,,,False,False
5338611638463850752,,,NGC3532,166.60165782946953,-59.24901041251628,2.517807,16.844711,0.518914833298453,,,,,,,,,,,,False,False
5338701493515547392,,,NGC3532,166.06556822435232,-58.81572429359117,0.26210213,10.426078,0.0806445400645085,69.30352,20.731256,0.2991371289654551,,,,,,,,,True,False
5338611642801897728,,,NGC3532,166.59512254818236,-59.24465753677554,2.6504135,18.072397,0.4239551428790751,,,,,,,,,,,,False,False
5338701527875246592,,,NGC3532,166.0323936246974,-58.84634772403186,0.13947678,9.810961,0.102536984908569,,,,,,,,,,,,False,True
5338701630954436992,,,NGC3532,165.98956661692267,-58.80439344684216,1.6087341,14.944122,0.4449077349897708,,,,,,,,,,,,False,False
5338701734030281344,,,NGC3532,166.01401644011594,-58.80654766365031,2.7279968,17.827831,0.4615634823095954,,,,,,,,,,,,False,False
5338701734033673344,,,NGC3532,166.01092850547298,-58.80232168082103,1.9530172,15.782096,0.4725779932722286,,,,,,,,,,,,False,False
5338701768393409152,,,NGC3532,166.00218813422242,-58.78425519158829,0.7897071999999999,12.480425,0.1254156072708664,,,,,,,,,,,,False,False
5338611848915211520,,,NGC3532,166.5714295351487,-59.19779488532664,2.6505928,18.56055,0.390422886708009,,,,,,,,,,,,False,False
5338701837112836224,,,NGC3532,165.9555624589161,-58.855460085035936,2.4740276000000003,16.84328,0.5057308840272468,,,,,,,,,,,,False,False
5338611952039310976,,,NGC3532,166.52488413025785,-59.20426683968233,2.178627,16.162151,0.5045416213640682,,,,,,,,,,,,False,False
5338611986399023744,,,NGC3532,166.51107184749182,-59.20885351709829,1.6611443,15.050667,0.4558589338614305,,,,,,,,,,,,False,False
5338611986399032960,,,NGC3532,166.51286436018262,-59.20623166463468,0.20880795,10.192558,0.0986676917537334,,,,,,,,,,,,False,True
5338645173567577344,,,NGC3532,166.73550449600805,-58.91177613973347,2.0957642,16.10999,0.4800645751769847,,,,,,,,,,,,False,False
5338702107651705088,,,NGC3532,165.90956526011152,-58.82685789927464,0.79880905,12.505258,0.1430695648340563,,,,,,,,,,,,False,False
5338702142013833856,,,NGC3532,165.86061820629627,-58.824029385067966,2.7598648,17.219198000000002,0.5374183182453779,,,,,,,,,,,,False,False
5338612089478362496,,,NGC3532,166.5578127472165,-59.17881318694417,2.4477882,16.823612,0.5003239015207462,,,,,,,,,,,,False,False
5338571063961498112,,,NGC3532,165.81893106112722,-59.36073871263814,1.0167961,13.368468,0.261521921651323,,,,,,,,,,,,False,False
5338702249429222144,,,NGC3532,165.91005806380258,-58.80387649586443,1.2511749,14.130335,0.3421370119701403,,,,,,,,,,,,False,False
5338702279453157376,,,NGC3532,165.88816780069254,-58.80086611880071,2.372425,16.587797,0.5090669240225859,,,,,,,,,,,,False,False
5338702352505321856,,,NGC3532,165.96258601659935,-58.81323378608271,2.4061813,16.591562,0.5197909415850649,,,,,,,,,,,,False,False
5338571304479664896,,,NGC3532,165.76242856789827,-59.342228412228536,2.6291313,16.818804,0.5568736243583431,,,,,,,,,,,,False,False
5338702352508929408,,,NGC3532,165.96964695936208,-58.809386195930536,2.42173,16.80369,0.4949288760547105,,,,,,,,,,,,False,False
5338702382532037248,,,NGC3532,165.96208324483592,-58.79168460155525,2.9212475,17.784326999999994,0.5094404753673272,,,,,,,,,,,,False,False
5338702386868676736,,,NGC3532,165.98167816904885,-58.79825842811351,0.50803757,10.353867,0.5010254690147458,129.2623,16.630276,0.12865526916974243,,,,,,,,,True,False
5338702416887177472,,,NGC3532,165.95433715789216,-58.803960291445854,0.66399956,11.782765,0.156916638322921,,,,,,,,,,,,False,False
5338702421228391936,,,NGC3532,165.95070213968322,-58.81216196698526,0.46557236,11.00755,0.0992963624095982,,,,,,,,,,,,False,False
5338702455581539200,,,NGC3532,165.95472343102853,-58.79114953056243,2.982626,18.113392,0.489204822947598,,,,,,,,,,,,False,False
5338702489947425792,,,NGC3532,165.96920200692182,-58.78695028605762,0.65898323,11.769158,0.1443364862416482,10.517175,33.811844,3.2149169334921215,,,,,,,,,True,False
5338702489947892608,,,NGC3532,165.979694260451,-58.791383509449936,1.799592,15.402698,0.4651668590325217,,,,,,,,,,,,False,False
5338612329996620288,,,NGC3532,166.6072286724818,-59.15946881984176,0.7595911,12.288834,0.1441775569650676,,,,,,,,,,,,False,False
5338702524304177152,,,NGC3532,165.98851336655633,-58.78664104376322,2.7777443,18.14848,0.4441184213464963,,,,,,,,,,,,False,False
5338702524307639680,,,NGC3532,165.98895480231937,-58.78592051212859,2.662138,17.499834,0.4787782378356937,,,,,,,,,,,,False,False
5338702623050214144,,,NGC3532,165.89926009865792,-58.781997203774566,2.945385,17.122454,0.6022681163402143,,,,,,,,,,,,False,False
5338571643728659712,,,NGC3532,165.8842226071564,-59.31321310698416,2.553465,17.700678,0.4333221240201831,,,,,,,,,,,,False,False
5338702833544821376,,,NGC3532,165.89028144503882,-58.74636014214864,0.6454544,11.705561,0.1381974390568602,,,,,,,,,,,,False,False
5338702902261841664,,,NGC3532,166.10991682154898,-58.82280504077956,2.5407982,18.295208,0.3861516842369734,,,,,,,,,,,,False,False
5338702902264853248,,,NGC3532,166.10159085830514,-58.80978040455593,0.8593434999999999,12.77194,0.1757726268952329,,,,,,,,,,,,False,False
5338612639234276352,,,NGC3532,166.57273546780036,-59.140221685779245,1.9545078,15.628345499999998,0.5011229931546198,,,,,,,,,,,,False,False
5338703005344054400,,,NGC3532,166.0774963114411,-58.79118860197664,1.3016166999999998,14.214423000000002,0.3715680546243768,,,,,,,,,,,,False,False
5338645482806949888,,,NGC3532,166.66208735664478,-58.87045978899382,2.6445522,17.744162,0.450428260642893,,,,,,,,,,,,False,False
5338645482806950016,,,NGC3532,166.6645511272483,-58.868894689434136,3.2242413,17.869675,0.567294450976921,,,,,,,,,,,,False,False
5338703074063561088,,,NGC3532,166.11022566712947,-58.77556762631784,0.308527,10.549044,0.0932904449108197,135.44008,14.868164,0.1097766923941569,,,,,,,,,True,False
5338703104086575232,,,NGC3532,166.08019341788338,-58.76938742918945,0.027562141,8.179267999999999,0.0413832823345362,,,,,,,,,,,,False,True
5338645517163970048,,,NGC3532,166.65070210745566,-58.87797590696853,2.2405148,16.401543,0.4906862756576755,,,,,,,,,,,,False,False
5338703211499277696,,,NGC3532,166.0462055133479,-58.76964833324916,2.44837,16.685883999999998,0.5197309003135128,,,,,,,,,,,,False,False
5338645555866749952,,,NGC3532,166.65530078095742,-58.8607607564224,0.038952827,9.487361,0.0258154549667925,9.355682,5.808448,0.6208470959145469,,,,,,,,,True,True
5338703310242747776,,,NGC3532,166.05781149946037,-58.76448745038447,0.73492336,12.18227,0.1198722713705341,,,,,,,,,,,,False,False
5338572232192651264,,,NGC3532,165.76708173487214,-59.298687474472025,2.055501,15.85148,0.5065112619809932,,,,,,,,,,,,False,False
5338572266552367232,,,NGC3532,165.72300797537343,-59.30195869189083,1.8350792,15.34676,0.4957409316288382,,,,,,,,,,,,False,False
5338703447683339136,,,NGC3532,166.12623143746282,-58.76645350362436,2.403181,16.61022,0.516024256196802,,,,,,,,,,,,False,False
5338703447685737216,,,NGC3532,166.13723254178657,-58.76595702153154,2.746914,17.735336,0.4747643067541685,,,,,,,,,,,,False,False
5338645654599400704,,,NGC3532,166.64263799419746,-58.84501950526317,0.40009117,10.797982,0.1103554400995902,102.739006,11.100708,0.10804764842673287,,,,,,,,,True,False
5338703623819395712,,,NGC3532,166.128190166759,-58.72511060654235,2.038722,15.928216,0.4858262005726719,,,,,,,,,,,,False,False
5338703623819404160,,,NGC3532,166.14863121874603,-58.731127250579824,1.8638334,15.460011499999998,0.4881249845411699,,,,,,,,,,,,False,False
5338703658179118720,,,NGC3532,166.09922915738062,-58.72593256283442,0.1703309999999999,10.149909,0.0578765797610871,87.630325,12.116367,0.1382668271514456,,,,,,,,,True,True
5338703692538867840,,,NGC3532,166.1165368602431,-58.71903158104485,0.5889187,11.474905,0.0857551966974558,,,,,,,,,,,,False,False
5338703726898560384,,,NGC3532,166.06112902482232,-58.74657770400377,1.8027048,15.443686499999998,0.4590800507623525,,,,,,,,,,,,False,False
5338703829977301248,,,NGC3532,166.0448955342674,-58.72326511137472,1.3097428999999998,14.307436,0.3556921464976869,,,,,,,,,,,,False,False
5338613360789209984,,,NGC3532,166.3347513076939,-59.41416260134759,0.7123394000000001,11.908001,0.284977187275621,,,,,,,,,,,,False,False
5338703967416289280,,,NGC3532,166.06512595682858,-58.69476693683893,2.5698566,16.52374,0.5861538187837049,,,,,,,,,,,,False,False
5338704001775943552,,,NGC3532,165.9949189899711,-58.76350244567107,0.6250458000000001,11.581966,0.154413951707392,,,,,,,,,,,,False,False
5338704070495410304,,,NGC3532,165.9719372523814,-58.76527601419174,0.0026874542,8.028853,0.0137447007785927,121.409225,17.290665,0.14241640204852637,,,,,,,,,True,True
5338572816308247296,,,NGC3532,165.74010854547527,-59.24616011874564,1.0943851,13.6291895,0.2949458942811336,,,,,,,,,,,,False,False
5338704134874084352,,,NGC3532,165.99629201212662,-58.73949474569691,0.7608423000000001,12.181048,0.2408189049494384,,,,,,,,,,,,False,False
5338645860778918144,,,NGC3532,166.85683774890848,-58.88200138888414,2.3940392000000004,16.899998,0.4742268311650006,,,,,,,,,,,,False,False
5338704173574662400,,,NGC3532,166.00219664364823,-58.73456140660737,1.3733969,14.482607000000002,0.3713314686003116,,,,,,,,,,,,False,False
5338704242288238080,,,NGC3532,165.97660450466944,-58.721579705022,2.530346,17.163082,0.4819439159549368,,,,,,,,,,,,False,False
5338572953729905280,,,NGC3532,165.6702099411313,-59.24437840613442,2.4512444,17.791995999999994,0.4024068892332655,,,,,,,,,,,,False,False
5338704379733072640,,,NGC3532,165.91531136846675,-58.72697972231911,2.222189,16.312067000000006,0.4974350208115207,,,,,,,,,,,,False,False
5338704448452577792,,,NGC3532,165.93992937887012,-58.70056108021349,0.9647808,13.245514000000002,0.2106325893802408,,,,,,,,,,,,False,False
5338573091186414464,,,NGC3532,165.6732632695691,-59.223404654181785,1.4982891,14.729076,0.4147997961622939,,,,,,,,,,,,False,False
5338704585891552000,,,NGC3532,166.0145245352079,-58.70506690506063,1.8851509,14.948172,0.6286407544008744,,,,,,,,,,,,False,False
5338704654611027712,,,NGC3532,165.98988288167254,-58.69721697021032,2.536726,16.881546,0.519546256094654,,,,,,,,,,,,False,False
5338704723330530048,,,NGC3532,166.03646782400554,-58.68745144418456,1.6194725,14.924389,0.4565484236938357,,,,,,,,,,,,False,False
5338573327355825408,,,NGC3532,165.60275170356977,-59.35175530803322,2.3922386,16.656742,0.5057002939415077,,,,,,,,,,,,False,False
5338573331704155648,,,NGC3532,165.59499452791988,-59.34684372527848,0.4322462,10.862009,0.1329941429775807,128.8256,30.062572,0.2333586802623081,,,,,,,,,True,False
5338704826409715200,,,NGC3532,165.9523453490164,-58.68856002476375,2.0691128,16.064222,0.4764732243836299,,,,,,,,,,,,False,False
5338614043645374080,,,NGC3532,166.21303599015516,-59.39522311767725,2.9623718,18.056137,0.4905065699790277,,,,,,,,,,,,False,False
5338704860769458048,,,NGC3532,165.97054744562774,-58.6900803514043,1.6492052,15.039626,0.4506306686846725,,,,,,,,,,,,False,False
5338704860769467008,,,NGC3532,165.95364126887029,-58.67471766406108,1.8288431,15.225158,0.5189578338484452,,,,,,,,,,,,False,False
5338704895123359104,,,NGC3532,165.9130048165998,-58.67387096644664,2.9628258,18.38084,0.4615147912554355,,,,,,,,,,,,False,False
5338704895129188352,,,NGC3532,165.92999789282302,-58.684489208443296,0.6002264,11.408935,0.2004201069652877,,,,,,,,,,,,False,False
5338704929488942464,,,NGC3532,165.9294544048,-58.66731697986918,0.8877497,13.00493,0.1381486482700912,,,,,,,,,,,,False,False
5338705200028286464,,,NGC3532,165.81790884334782,-58.79632169646353,0.92107105,13.093056,0.1791496992370379,,,,,,,,,,,,False,False
5338705200028317312,,,NGC3532,165.81854053827874,-58.78542862510163,0.753829,12.216229,0.1776650065182496,,,,,,,,,,,,False,False
5338705268751842432,,,NGC3532,165.8579015955483,-58.78221665808821,2.5185528,17.124357,0.483227743353389,,,,,,,,,,,,False,False
5338705273079969536,,,NGC3532,165.85998687223145,-58.78289444003227,2.3971424,16.945929,0.4696084709205133,,,,,,,,,,,,False,False
5338614421602502144,,,NGC3532,166.26857665643962,-59.37510728360344,2.155798,16.154242,0.4968614196817801,,,,,,,,,,,,False,False
5338614455957022848,,,NGC3532,166.21660118516303,-59.3641314141497,1.4848785,14.678112,0.4163244181230702,,,,,,,,,,,,False,False
5338705444884865024,,,NGC3532,165.73771725512546,-58.7698620260332,0.9857273,13.276678,0.2393404976744394,,,,,,,,,,,,False,False
5338705509263621632,,,NGC3532,165.78081580056866,-58.756107335280745,0.67220783,11.77759,0.2054371298447626,13.659907,20.641367,1.511091327342126,,,,,,,,,True,False
5338646208701929856,,,NGC3532,166.7959408164426,-58.8571198158478,1.5748911,14.75557,0.465353121076605,,,,,,,,,,,,False,False
5338705719763247232,,,NGC3532,165.8231728979419,-58.753880867982254,0.5560398,11.298335,0.1242122594935866,8.708328,7.9735885,0.9156279483271645,,,,,,,,,True,False
5338614735178763136,,,NGC3532,166.16415414734155,-59.34440530499519,2.044382,15.951607,0.4843457761309345,,,,,,,,,,,,False,False
5338706097719970944,,,NGC3532,165.8213690609454,-58.71393629597376,2.0898018,16.030511999999998,0.4903640594495964,,,,,,,,,,,,False,False
5338706230824504832,,,NGC3532,165.72619670651224,-58.74746896183143,3.1011639,18.287401000000006,0.4965460864030421,,,,,,,,,,,,False,False
5338706235158852224,,,NGC3532,165.7286023391029,-58.7612215825632,1.5941658,14.916893,0.441091569948797,,,,,,,,,,,,False,False
5338574534295265152,,,NGC3532,165.42121912405986,-59.31290118134161,2.3828545,16.002726000000006,0.6172364414360012,,,,,,,,,,,,False,False
5338706368257076352,,,NGC3532,165.72856047152115,-58.72752716931544,0.32964802,10.338549,0.2268545398075646,,,,,,,,,,,,False,False
5338706544396496768,,,NGC3532,165.65271771155784,-58.73378251961881,0.5009117000000001,10.4533,0.463803628381177,75.69435,7.000973,0.09249003393251941,,,,,,,,,True,False
5338706578755694208,,,NGC3532,165.64491085072038,-58.71640987596875,2.224308,16.154354,0.5237708173265551,,,,,,,,,,,,False,False
5338615108791070080,,,NGC3532,166.3962911056366,-59.33571094840378,1.7144317999999998,15.145639,0.4685412549998042,,,,,,,,,,,,False,False
5338706647475740288,,,NGC3532,165.67573204770383,-58.71074643511,1.415164,14.555896,0.389366783499974,,,,,,,,,,,,False,False
5338706746216708992,,,NGC3532,165.74953309956257,-58.72379520215825,1.8008727999999998,15.353077,0.4755892022759758,,,,,,,,,,,,False,False
5338706819268296064,,,NGC3532,165.71168049364417,-58.70673314719415,1.8046579,15.378837,0.4725457591583354,,,,,,,,,,,,False,False
5338574877892681216,,,NGC3532,165.4557126556467,-59.27426334536106,1.3309993999999998,14.241011,0.3934653948433582,,,,,,,,,,,,False,False
5338706853633647488,,,NGC3532,165.70748357016183,-58.68602076603822,1.9578218,14.895047,0.6954379817254087,,,,,,,,,,,,False,False
5338706922353706880,,,NGC3532,165.75366904427094,-58.67337899477943,2.1948060000000003,15.622893,0.6195339680493631,,,,,,,,,,,,False,False
5338707021096178560,,,NGC3532,165.6727646050635,-58.69073660244354,2.6464367,17.602575,0.4644026612062464,,,,,,,,,,,,False,False
5338574980954750848,,,NGC3532,165.49796749898954,-59.24491397751392,2.707983,18.154095,0.4294592634926448,,,,,,,,,,,,False,False
5338646479237713024,,,NGC3532,166.8573674739691,-58.82854587635671,2.8597355,17.036942,0.59151653914352,,,,,,,,,,,,False,False
5338707089816577408,,,NGC3532,165.6514086780659,-58.67944971258471,2.5737839,17.14453,0.4961224108994976,,,,,,,,,,,,False,False
5338707128511556480,,,NGC3532,165.65518192891528,-58.66485642820506,2.731123,17.898014,0.4558119519176236,,,,,,,,,,,,False,False
5338707197231061248,,,NGC3532,165.7035915235243,-58.65242783163304,1.9047089,15.675499,0.468446139831302,,,,,,,,,,,,False,False
5338707261612950912,,,NGC3532,165.68391744825772,-58.64493062810208,1.8624105,15.594594,0.4621601421747539,,,,,,,,,,,,False,False
5338646513597771648,,,NGC3532,166.85977186571603,-58.81407778762971,2.4747906000000004,17.258244,0.4563537132565419,,,,,,,,,,,,False,False
5338615456733445248,,,NGC3532,166.33445345881913,-59.315498681309926,1.7768517,15.318768,0.4691254283869744,,,,,,,,,,,,False,False
5338707472109552896,,,NGC3532,165.89707355412466,-58.68725629825981,0.59444714,11.458922,0.1268645938074672,15.591311,18.381914,1.178984499764003,,,,,,,,,True,False
5338575255849808896,,,NGC3532,165.44591513449654,-59.22860415301418,1.2368803,14.03653,0.3522828996772921,,,,,,,,,,,,False,False
5338707536494772096,,,NGC3532,165.86630089962557,-58.66657291352906,2.5920467,17.21539,0.4926021092303285,,,,,,,,,,,,False,False
5338707673933716736,,,NGC3532,165.79062395277657,-58.6639603817791,2.5133038,16.966518,0.5012251327868964,,,,,,,,,,,,False,False
5338646586659199360,,,NGC3532,166.82789182188685,-58.81739866607524,0.92259884,13.108676,0.1761874743133337,,,,,,,,,,,,False,False
5338707850066689280,,,NGC3532,165.9006556274783,-58.67190410040863,0.3283949,10.661387,0.0617837652718509,115.307465,15.901209,0.13790268479148338,,,,,,,,,True,False
5338615765971120512,,,NGC3532,166.35586141512087,-59.30765192761238,2.0996208,16.09143,0.4845338125525745,,,,,,,,,,,,False,False
5338708021865428096,,,NGC3532,165.9027385902873,-58.626322946785386,0.7219734,12.16227,0.0768395751201985,,,,,,,,,,,,False,False
5338646655378650368,,,NGC3532,166.79500529976983,-58.81580354323072,0.13425636,9.517245,0.1409512307469409,277.87567,10.437988,0.037563518965154453,,,,,,,,,True,True
5338615864711639296,,,NGC3532,166.32121638859252,-59.289267482224034,2.87508,17.932116,0.4839817973313564,,,,,,,,,,,,False,False
5338708258049275392,,,NGC3532,165.8475560440506,-58.62804175270357,3.110115,17.900461,0.5385431426852678,,,,,,,,,,,,False,False
5338646724098197760,,,NGC3532,166.8392083668954,-58.80435403804356,0.36381626,10.557368,0.1865332849426373,,,,,,,,,,,,False,False
5338708704724013312,,,NGC3532,165.72547230888745,-58.63383812924437,2.421877,16.676025,0.5125863389040518,,,,,,,,,,,,False,False
5338708777771566720,,,NGC3532,165.67827771276575,-58.624409253336445,2.7030907,17.21375,0.5228019904147748,,,,,,,,,,,,False,False
5338708979597179520,,,NGC3532,165.78296025264558,-58.60585278090687,0.68931293,11.97569,0.0918192226231276,,,,,,,,,,,,False,False
5338709018297252352,,,NGC3532,165.76553336363506,-58.61614066754154,2.801052,17.703503,0.4905147530294012,,,,,,,,,,,,False,False
5338616311388105856,,,NGC3532,166.21090160331028,-59.30524253376496,2.6443232999999995,17.824082999999995,0.4431852536204551,,,,,,,,,,,,False,False
5338709220115348224,,,NGC3532,165.73853441377858,-58.60775268292885,0.6494808000000001,11.690129,0.1746484026150299,20.479893,13.636375,0.6658421018117623,,,,,,,,,True,False
5338709224455685888,,,NGC3532,165.74219913939518,-58.60474393711596,0.548275,11.2218075,0.1649618473769425,53.046585,13.209853,0.249023627062892,,,,,,,,,True,False
5338709254481847424,,,NGC3532,165.74518062027354,-58.59803383639081,2.8570309,18.009102,0.4727773966557149,,,,,,,,,,,,False,False
5338576355361378944,,,NGC3532,165.6067602581896,-59.18260174697728,0.8948879000000001,12.982919,0.1650291764363945,,,,,,,,,,,,False,False
5338709602413876224,,,NGC3532,166.12373886983306,-58.68980658203842,1.1725139999999998,13.965179999999998,0.2983455518659582,,,,,,,,,,,,False,False
5338709632435496576,,,NGC3532,166.1601483685167,-58.69903913563172,2.3458433,15.960792,0.6107340452089198,,,,,,,,,,,,False,False
5338616689342929152,,,NGC3532,166.26315517395943,-59.25616196152726,1.902956,15.58353,0.4842751514155828,,,,,,,,,,,,False,False
5338709739850042752,,,NGC3532,166.13052960180548,-58.67746339102487,2.227192,17.365803,0.3816093141666956,,,,,,,,,,,,False,False
5338709739852384000,,,NGC3532,166.11614754466547,-58.6682772924786,1.7506113,15.146518,0.4902852989701451,,,,,,,,,,,,False,False
5338709808571831808,,,NGC3532,166.0963486632176,-58.68898715195952,0.46338844,11.025352,0.0779259880560521,31.218794,12.3400135,0.3952751506031911,,,,,,,,,True,False
5338647033335692160,,,NGC3532,166.73476931016987,-58.822190563133184,0.19124317,9.958384,0.1402708266335121,306.8652,29.065136,0.09471629888302746,,,,,,,,,True,True
5338710083450231936,,,NGC3532,166.1584406846034,-58.65698963308818,1.1097527,13.751709,0.2785867826092306,,,,,,,,,,,,False,False
5338710083450233216,,,NGC3532,166.1650697938515,-58.66187871748112,0.41965866,10.8207445,0.1353631291871826,176.23775,32.98176,0.18714356033256213,,,,,,,,,True,False
5338710113468550272,,,NGC3532,166.1466803051936,-58.65857895342036,0.570344,11.326226,0.1537384599373248,,,,,,,,,,,,False,False
5338710113471162880,,,NGC3532,166.14371757702315,-58.66931373422284,0.8944082,12.909309,0.1992436993783755,,,,,,,,,,,,False,False
5338710255248925184,,,NGC3532,166.15808129541537,-58.64137070583876,1.170661,13.947135,0.3009479024619762,,,,,,,,,,,,False,False
5338710353993342976,,,NGC3532,166.10060160819762,-58.63290906060514,2.6696167,17.62493,0.4677017362099292,,,,,,,,,,,,False,False
5338710491432300032,,,NGC3532,166.13075210981702,-58.61616575519499,2.7416515,17.798294,0.4674236206389004,,,,,,,,,,,,False,False
5338710530126405632,,,NGC3532,166.0747941599369,-58.61089173036599,0.1767931,10.139717999999998,0.0705052605438523,,,,,,,,,,,,False,True
5338710628868245760,,,NGC3532,166.04329918846736,-58.65638781268379,2.4330654,16.67575,0.5162516083903801,,,,,,,,,,,,False,False
5338647303866885120,,,NGC3532,166.67956130531005,-58.80270808830113,0.21045113,10.015524,0.1529583882544817,,,,,,,,,,,,False,True
5338577386153477376,,,NGC3532,165.45012431528562,-59.13828416123422,2.1971207,16.212065,0.5036510419711512,,,,,,,,,,,,False,False
5338647308213601408,,,NGC3532,166.66220791274287,-58.7953803285493,1.7939339,15.382517000000002,0.4659976165096578,,,,,,,,,,,,False,False
5338710839358514688,,,NGC3532,166.01134678330504,-58.616482716015966,2.1478348,16.24889,0.4791433591151808,,,,,,,,,,,,False,False
5338617445258371584,,,NGC3532,166.06967678866008,-59.35349392117297,2.5821304,17.622116000000005,0.4471813275687493,,,,,,,,,,,,False,False
5338647376899072000,,,NGC3532,166.76995419044795,-58.81129003629118,2.9117928,17.932217,0.4919335672673475,,,,,,,,,,,,False,False
5338710873723718784,,,NGC3532,165.96440256362396,-58.64340235354447,0.78814507,12.46835,0.1279835278020956,,,,,,,,,,,,False,False
5338710908083475584,,,NGC3532,165.9826990368267,-58.63202305486533,0.9255171,13.105454,0.1839421468914668,,,,,,,,,,,,False,False
5338647406950674176,,,NGC3532,166.78030256694652,-58.79948599884828,2.6913853,17.540094,0.4816760903689643,,,,,,,,,,,,False,False
5338711045522449664,,,NGC3532,166.0016147431071,-58.61926837518547,1.6576471000000002,15.132415,0.4367258886783201,,,,,,,,,,,,False,False
5338711079882177536,,,NGC3532,165.94663768120898,-58.61041161668263,0.70777893,11.311719,0.7044042662956804,10.880867,10.660267,0.9797258802997959,,,,,,,,,True,False
5338711079882184064,,,NGC3532,165.96863342568233,-58.61097683413136,2.0934534,15.149629,0.6971088302020931,,,,,,,,,,,,False,False
5338711114241927552,,,NGC3532,165.95773648208902,-58.602119691306655,0.86418724,12.842011,0.1518309710164197,,,,,,,,,,,,False,False
5338647445652628608,,,NGC3532,166.72735020778012,-58.79336173395978,0.06821537,7.312427,0.013227689359759,179.32826,10.755991,0.059979341794762296,,,,,,,,,True,False
5338711178627059584,,,NGC3532,166.05605599711924,-58.6171182870795,2.8675556,17.887697,0.4867184967588769,,,,,,,,,,,,False,False
5338711182961430912,,,NGC3532,166.06938569770804,-58.61364989949197,1.1292362,13.849522,0.2766009722488278,,,,,,,,,,,,False,False
5338711286041045760,,,NGC3532,166.07254919134556,-58.61071061477975,1.6093483,15.035187,0.4260847169117025,,,,,,,,,,,,False,False
5338711556582342528,,,NGC3532,166.01246285560825,-58.57537224138729,2.8610992000000004,17.145277,0.575414859915432,,,,,,,,,,,,False,False
5338711732712047744,,,NGC3532,166.19308951280502,-58.607098694569046,0.24881935,10.3094015,0.1135579363065715,194.63792,26.505898,0.13618054488046316,,,,,,,,,True,False
5338711732717293952,,,NGC3532,166.19455408177495,-58.61013540193078,0.3754959000000001,10.668977,0.1463414683973871,,,,,,,,,,,,False,False
5338711767077009664,,,NGC3532,166.1567622856274,-58.61775366570985,1.3127289,14.244565,0.3745560871311302,,,,,,,,,,,,False,False
5338711767089086720,,,NGC3532,166.14163694305927,-58.61139609111394,2.7429256,17.754475,0.4719605640269848,,,,,,,,,,,,False,False
5338711797100503296,,,NGC3532,166.1629996598303,-58.59389372761896,2.596716,16.649351,0.5736377022252308,,,,,,,,,,,,False,False
5338617999354252416,,,NGC3532,166.0776247517394,-59.2931276490557,1.86485,15.52665,0.4757946942828834,,,,,,,,,,,,False,False
5338647720530520320,,,NGC3532,166.68868340496925,-58.78482765721553,1.6471167000000002,15.079593,0.4409191746306982,,,,,,,,,,,,False,False
5338647720530537856,,,NGC3532,166.6756479307227,-58.77446888647845,2.2233725,15.928332,0.5651859622315988,,,,,,,,,,,,False,False
5338711900181753728,,,NGC3532,166.17628057332075,-58.5922099689523,2.9040165,17.88489,0.4950146452940812,,,,,,,,,,,,False,False
5338711973230151424,,,NGC3532,166.12992606008032,-58.59837041971812,2.740837,18.374094,0.4195609676743692,,,,,,,,,,,,False,False
5338711973230162560,,,NGC3532,166.1337519914891,-58.59727358512011,2.6973171,17.846128,0.4530400039816303,,,,,,,,,,,,False,False
5338712041949610752,,,NGC3532,166.0841814603764,-58.58534325377109,2.8047981,17.616476000000006,0.5007447070908502,,,,,,,,,,,,False,False
5338618171152663424,,,NGC3532,166.072327573101,-59.28053078937537,2.03514,15.980355,0.4757354234361357,,,,,,,,,,,,False,False
5338712106338157312,,,NGC3532,166.13068770278318,-58.57709419529024,2.9066486,17.757837,0.5090032208540266,,,,,,,,,,,,False,False
5338647857969572096,,,NGC3532,166.6908366047044,-58.7475255563909,2.0943737,15.856173000000002,0.5228757592405129,,,,,,,,,,,,False,False
5338618308591464320,,,NGC3532,165.97995303200025,-59.321962604765645,1.2493687,14.076619,0.354744071717865,,,,,,,,,,,,False,False
5338712248113407360,,,NGC3532,166.21515850850753,-58.57938404707932,1.5625,14.881828,0.4270906601004536,,,,,,,,,,,,False,False
5338647892329313024,,,NGC3532,166.6978095832163,-58.74771089066762,2.6528358,18.156914,0.4180242652880207,,,,,,,,,,,,False,False
5338647892329320192,,,NGC3532,166.7059836028483,-58.74227994672116,0.035316467,8.650186999999999,0.0636013633711685,,,,,,,,,,,,False,True
5338618411670759296,,,NGC3532,166.01520805183677,-59.29676726078474,1.8998489,15.609298999999998,0.4779574614448379,,,,,,,,,,,,False,False
5338712351192633728,,,NGC3532,166.17142984162916,-58.55304975735919,1.0013475,13.301084,0.2593856083828568,,,,,,,,,,,,False,False
5338618445987299072,,,NGC3532,165.98392846327303,-59.29462825551507,2.474226,17.096193,0.4741361960291252,,,,,,,,,,,,False,False
5338647956706230016,,,NGC3532,166.51713947883982,-59.07925905820053,2.6823196,17.40832,0.4938811561614994,,,,,,,,,,,,False,False
5338618510411338496,,,NGC3532,165.93296808418648,-59.30987090364736,2.855524,17.669992,0.506824910661287,,,,,,,,,,,,False,False
5338712557351068544,,,NGC3532,166.15383301533942,-58.54343183674652,1.9993725,14.673944,0.8132972263439294,,,,,,,,,,,,False,False
5338648029768680448,,,NGC3532,166.48588135689138,-59.0665604698758,0.93464565,13.128125,0.1946387678495119,,,,,,,,,,,,False,False
5338648098455887360,,,NGC3532,166.53775141151326,-59.05874242811712,2.9500809,17.831612,0.5108096709324085,,,,,,,,,,,,False,False
5338648167207689728,,,NGC3532,166.50606642916136,-59.04946294109054,0.7042675,12.014595,0.1290884521664029,,,,,,,,,,,,False,False
5338618995786406400,,,NGC3532,166.01868301784103,-59.250050376125785,1.4209652,14.522866,0.4020070916142588,,,,,,,,,,,,False,False
5338713171488089856,,,NGC3532,166.00554782970391,-58.53505988701764,1.9871845,15.826529999999998,0.4804394741657245,,,,,,,,,,,,False,False
5338619098865587072,,,NGC3532,165.9639639965091,-59.24704485860977,2.7078533,18.030485,0.4393549674389675,,,,,,,,,,,,False,False
5338619128885583872,,,NGC3532,165.95304677498214,-59.24981575724368,2.6673489,17.29607,0.503077422150565,,,,,,,,,,,,False,False
5338713244545818624,,,NGC3532,166.03612016059583,-58.51551867116658,1.5499973,14.845814,0.4262471400206779,,,,,,,,,,,,False,False
5338713343290757120,,,NGC3532,166.10126284316456,-58.53094768568039,2.6367512000000004,18.42619,0.396240706074097,,,,,,,,,,,,False,False
5338713347625048576,,,NGC3532,166.10589673933225,-58.52758108252576,1.152463,13.828096,0.312159399517277,,,,,,,,,,,,False,False
5338713381979704832,,,NGC3532,166.0941170041486,-58.519931789873546,2.9624825,17.855337,0.511017576145771,,,,,,,,,,,,False,False
5338713515087462528,,,NGC3532,166.1159677008266,-58.49952118530501,2.606081,17.075907,0.5137739444670234,,,,,,,,,,,,False,False
5338713588143249536,,,NGC3532,166.06884067902882,-58.47190568982578,2.0546074,16.001901999999998,0.4804199579955746,,,,,,,,,,,,False,False
5338713863020720896,,,NGC3532,166.02312997276223,-58.45182636164504,0.11694908,9.995005,0.0296959043243774,,,,,,,,,,,,False,True
5338648476445366656,,,NGC3532,166.5294683962659,-59.04382201534954,0.8149557,12.629504,0.1184415266592596,,,,,,,,,,,,False,False
5338648506457708416,,,NGC3532,166.5369673992556,-59.03555049818338,0.18095207,10.214764,0.0498388134483396,,,,,,,,,,,,False,True
5338714034819675008,,,NGC3532,165.9370366445703,-58.6082747165956,0.5546608000000001,10.565039,0.5223852797057783,,,,,,,,,,,,False,False
5338648579492377216,,,NGC3532,166.5189632504899,-59.03486243929082,1.8869858,15.674215,0.4602035404556044,,,,,,,,,,,,False,False
5338619786060507136,,,NGC3532,166.12402775576354,-59.22756748394538,1.1156502,13.763322,0.2831203162450798,,,,,,,,,,,,False,False
5338648579524611072,,,NGC3532,166.5183713080551,-59.02620180944695,0.67401695,11.865199,0.1256741869761971,,,,,,,,,,,,False,False
5338619850440115712,,,NGC3532,166.08150227582436,-59.21347339031836,2.5933208,17.241529999999994,0.489869610362351,,,,,,,,,,,,False,False
5338714408435837696,,,NGC3532,165.8374683953794,-58.5441277803049,0.70320797,12.032582,0.1056671024687862,,,,,,,,,,,,False,False
5338714408438656384,,,NGC3532,165.85284762032845,-58.55122677765254,2.4099722000000003,15.956141,0.6390019027697192,,,,,,,,,,,,False,False
5338714477160104064,,,NGC3532,165.94631238548334,-58.57016511581523,2.6573486,17.485207,0.4791517115113609,,,,,,,,,,,,False,False
5338648643902418432,,,NGC3532,166.5522352677941,-59.01778331319295,2.7522068,17.806992,0.4689669754128597,,,,,,,,,,,,False,False
5338714618935303808,,,NGC3532,165.94975391642325,-58.5344014883615,0.27074337,10.498935,0.0559719498072664,111.73194,31.155,0.27883700936366096,,,,,,,,,True,False
5338714683316594304,,,NGC3532,165.92523945562618,-58.52130815179007,0.83488464,12.69277,0.1462878133976885,,,,,,,,,,,,False,False
5338714722013946496,,,NGC3532,165.88826339197234,-58.55951690788768,0.0574636459999999,8.98129,0.0861217803132408,,,,,,,,,,,,False,True
5338714756373717504,,,NGC3532,165.89241477623958,-58.536688808810176,1.17552,13.985732,0.2964895050958817,,,,,,,,,,,,False,False
5338648746980262400,,,NGC3532,166.48263788536676,-59.02756918802704,2.746889,17.506048,0.4989991892710677,,,,,,,,,,,,False,False
5338714962525372160,,,NGC3532,165.86098495402268,-58.49734571807686,0.13156796,9.934944,0.0648937485520852,,,,,,,,,,,,False,True
5338715031252082816,,,NGC3532,165.8029130935515,-58.56370678587394,1.7859306,15.308863,0.4762131501034818,,,,,,,,,,,,False,False
5338620262752780672,,,NGC3532,166.11826743830846,-59.195966928871535,0.7071829000000001,11.9083605,0.2571568799739227,,,,,,,,,,,,False,False
5338715099971028992,,,NGC3532,165.79274552486322,-58.5551795134135,2.7751484,17.965242,0.4593072214798419,,,,,,,,,,,,False,False
5338648820042750720,,,NGC3532,166.45646013398388,-59.01774897582515,1.3558302,14.399543,0.3756380117050739,,,,,,,,,,,,False,False
5338715168683466240,,,NGC3532,165.82801337190938,-58.54843636329914,2.7919598,18.124857,0.4489843249195757,,,,,,,,,,,,False,False
5338715203062617856,,,NGC3532,165.79897871879916,-58.54992039485122,2.7248898,17.511389,0.4929887213982357,,,,,,,,,,,,False,False
5338715271769708288,,,NGC3532,165.75271691405638,-58.55229084135532,2.7125835,18.004164000000006,0.4425551546770954,,,,,,,,,,,,False,False
5338648854402511232,,,NGC3532,166.45042194202074,-59.0051585586839,0.4549675,11.02007,0.0599805093004412,,,,,,,,,,,,False,False
5338620404535922048,,,NGC3532,166.1266361548631,-59.1698919796499,2.195384,15.946513,0.5496309344187972,,,,,,,,,,,,False,False
5338715443568448128,,,NGC3532,165.757080851063,-58.51411521333069,0.8268013000000001,12.675179,0.1304969880935364,,,,,,,,,,,,False,False
5338648888762282752,,,NGC3532,166.49684259417882,-59.0048107337669,1.7029246999999998,15.210133,0.4483829904511573,,,,,,,,,,,,False,False
5338715581000519424,,,NGC3532,165.83333247459294,-58.51163149973004,2.5935192,18.555925,0.3802969135577659,,,,,,,,,,,,False,False
5338715679750318080,,,NGC3532,165.8314481310944,-58.49730944998026,2.522911,16.838457000000002,0.5213509530097394,,,,,,,,,,,,False,False
5338715782825371008,,,NGC3532,165.82491391317086,-58.488421312303885,0.4456911,10.989255,0.063284306966547,91.639595,20.394129,0.22254713151012942,,,,,,,,,True,False
5338715890245069696,,,NGC3532,165.7419088134239,-58.49236792122649,0.4135008,10.774879,0.1539222102425548,,,,,,,,,,,,False,False
5338716062036984448,,,NGC3532,165.74819853535513,-58.45884443881261,2.7365818,17.651701,0.4808286007001332,,,,,,,,,,,,False,False
5338716165123043456,,,NGC3532,165.93684758648402,-58.51911078696226,1.8846331000000005,15.596685999999998,0.4727661633887149,,,,,,,,,,,,False,False
5338716233835887232,,,NGC3532,165.963803819717,-58.50049122860261,2.924944,18.327784,0.4586095173004683,,,,,,,,,,,,False,False
5338716405641235968,,,NGC3532,165.9006683675455,-58.49182450040614,1.0319777,13.520717,0.2345924065417118,,,,,,,,,,,,False,False
5338581608055109632,,,NGC3532,165.21063321905,-59.256381210729046,2.6061783,17.243011,0.4931383004821109,,,,,,,,,,,,False,False
5338649060560828672,,,NGC3532,166.40829463802532,-59.04033776578444,1.1152534,13.747958,0.2871092961783978,,,,,,,,,,,,False,False
5338620915590776704,,,NGC3532,165.98075039808015,-59.17873890144391,2.103136,15.982777,0.5039423482781741,,,,,,,,,,,,False,False
5338649094920542336,,,NGC3532,166.3832480781412,-59.04607953310461,2.5471401,16.355783,0.6091231304368779,,,,,,,,,,,,False,False
5338620949953038208,,,NGC3532,165.9769058132821,-59.16863372250872,1.9484625,15.359182999999998,0.5553861266118619,,,,,,,,,,,,False,False
5338716641821714048,,,NGC3532,165.97127431733156,-58.47835637388618,2.0183105,15.6948395,0.518885485893427,,,,,,,,,,,,False,False
5338716646171733504,,,NGC3532,165.9794408247343,-58.48151689002953,0.23980808,10.194124,0.1432100840382979,,,,,,,,,,,,False,True
5338649163607670912,,,NGC3532,166.41375191803058,-59.0261113079304,2.4289092999999995,17.057392,0.4658003964771601,,,,,,,,,,,,False,False
5338716783598467840,,,NGC3532,165.99017973795156,-58.45122574247297,2.6523705,17.742952,0.4523320945299564,,,,,,,,,,,,False,False
5338716783598913280,,,NGC3532,165.99084476562982,-58.45186257185392,1.7620964,15.283159,0.4679621987897616,,,,,,,,,,,,False,False
5338716921037381888,,,NGC3532,165.9127824214803,-58.454620013389366,1.3328571000000002,14.391503,0.3569235599994977,,,,,,,,,,,,False,False
5338717024128880128,,,NGC3532,165.89388659496268,-58.42525960263424,0.26914883,10.436017,0.0871283538169167,200.92859,25.47464,0.12678454569357203,,,,,,,,,True,False
5338717058469890816,,,NGC3532,165.94062942458947,-58.43556427791079,2.6465397,17.205583999999998,0.5085307035556239,,,,,,,,,,,,False,False
5338649335438748544,,,NGC3532,166.33608537129302,-59.00935055932528,0.92482376,13.115601000000002,0.1782977116330034,,,,,,,,,,,,False,False
5338649365452354432,,,NGC3532,166.31648161039362,-59.01587609431913,1.4271784,14.149036,0.5203038628971318,,,,,,,,,,,,False,False
5338621263529296128,,,NGC3532,166.00505071768282,-59.1665583789524,1.0053682,13.435315,0.2181807033872068,,,,,,,,,,,,False,False
5338582127781453056,,,NGC3532,165.0528525072573,-59.3474208260987,2.8198528,18.063557,0.4600267981066626,,,,,,,,,,,,False,False
5338717367713959936,,,NGC3532,165.8528261751317,-58.4439192478342,2.2038498,16.226334,0.5039479334452701,,,,,,,,,,,,False,False
5338717436433437440,,,NGC3532,165.837911247668,-58.43779388733019,0.21213722,10.085591,0.1368844278155613,82.66481,9.110714,0.11021272534225869,,,,,,,,,True,True
5338717466457384832,,,NGC3532,165.80525276522738,-58.46057803778904,2.8225517000000004,17.275835,0.5466173102187019,,,,,,,,,,,,False,False
5338717810054780288,,,NGC3532,165.8441759500617,-58.421327447947405,2.598814,18.204826,0.4036578015260825,,,,,,,,,,,,False,False
5338649472877750144,,,NGC3532,166.37070195209267,-59.00067048797729,0.6315603,10.611003,0.6487022997033679,,,,,,,,,,,,False,False
5338718119294569472,,,NGC3532,165.7845668199872,-58.38726522390309,2.7666187,17.954535,0.4584342309317648,,,,,,,,,,,,False,False
5338718157987999744,,,NGC3532,165.8293982442858,-58.39463171127113,2.469202,16.981825,0.4863950287732539,,,,,,,,,,,,False,False
5338718157988006912,,,NGC3532,165.8302095515606,-58.38755173896482,1.9897709,15.900206,0.4692882257171899,,,,,,,,,,,,False,False
5338718158000252800,,,NGC3532,165.82222612499243,-58.38887324000454,2.5712585,17.972958,0.4149172313865793,,,,,,,,,,,,False,False
5338718359812126080,,,NGC3532,165.58017277400714,-58.70649115568044,2.2658844,16.361788,0.5058127009493918,,,,,,,,,,,,False,False
5338582501406085120,,,NGC3532,165.05262019823454,-59.32678057895978,2.4382915,16.856888,0.493029123232098,,,,,,,,,,,,False,False
5338649541597247744,,,NGC3532,166.3356904870239,-58.97987161005327,0.3608408,10.698531,0.0996974938117574,77.69479,24.722198,0.3181963423802291,,,,,,,,,True,False
5338582677553863808,,,NGC3532,165.0608926365851,-59.297623933299896,1.0250387,13.481372,0.2359722163271415,,,,,,,,,,,,False,False
5338718948261557248,,,NGC3532,165.6142582705967,-58.64829636008335,1.0806684,13.478846,0.3280300265179859,,,,,,,,,,,,False,False
5338649747755776384,,,NGC3532,166.42649834717028,-58.963436677262365,0.13099957,10.010073,0.0449476326040284,,,,,,,,,,,,False,True
5338649747755783808,,,NGC3532,166.44194892067384,-58.965028848185774,0.93195057,13.078503,0.2098420064928677,,,,,,,,,,,,False,False
5338649747760368384,,,NGC3532,166.43356515492042,-58.95968539424482,1.3546629,14.42596,0.3682687250701725,,,,,,,,,,,,False,False
5338649983932411392,,,NGC3532,166.37329093150777,-58.95515287957361,2.6954288,17.803288000000006,0.4565361909025182,,,,,,,,,,,,False,False
5338720425730327296,,,NGC3532,165.4328536200194,-58.559095980902825,0.90319824,13.048897,0.1565838918711538,,,,,,,,,,,,False,False
5338720528809570176,,,NGC3532,165.6496561586111,-58.60767271459341,2.1178646,16.178738,0.4781949337493055,,,,,,,,,,,,False,False
5338720597529039488,,,NGC3532,165.63117636135138,-58.6070640242414,1.7357998,15.268142999999998,0.4559630090137181,,,,,,,,,,,,False,False
5338720627555065216,,,NGC3532,165.67698272405113,-58.60294966490827,2.2608128,16.385334,0.5003858587046884,,,,,,,,,,,,False,False
5338650022633674368,,,NGC3532,166.38385502777308,-58.95225452570649,1.002017,13.378955,0.2314247453416242,,,,,,,,,,,,False,False
5338720734968032896,,,NGC3532,165.64230784352438,-58.57423191825653,1.0844296999999998,13.656621,0.2717286661679726,,,,,,,,,,,,False,False
5338720769327724416,,,NGC3532,165.603720254277,-58.60743118075722,0.8240223,12.639755,0.1430046688772746,,,,,,,,,,,,False,False
5338650091353179776,,,NGC3532,166.35801244937323,-58.92855208673214,1.5095406,14.754185,0.4174921059428151,,,,,,,,,,,,False,False
5338720975486189824,,,NGC3532,165.57245238001914,-58.55970128041894,2.4220543,16.030839999999998,0.6273875015906749,,,,,,,,,,,,False,False
5338721112925162496,,,NGC3532,165.65014051425268,-58.56923113327841,0.3416338,10.590965,0.1287815650238043,86.19682,12.457401,0.14452274457456785,,,,,,,,,True,False
5338721147277640960,,,NGC3532,165.64543319199157,-58.54761196784761,1.6659564999999998,14.521907999999998,0.6071066628839283,,,,,,,,,,,,False,False
5338650194432395776,,,NGC3532,166.528575968376,-58.988441828348,1.0264835,13.516377,0.2271978652882282,,,,,,,,,,,,False,False
5338721349109732480,,,NGC3532,165.6153615924979,-58.530531102402726,2.7342796000000003,17.81194,0.4644653210346183,,,,,,,,,,,,False,False
5338721387803079040,,,NGC3532,165.57850741772668,-58.53355846617686,0.7339344,12.288407,0.0302984930168656,,,,,,,,,,,,False,False
5338622844077708416,,,NGC3532,166.29818182657615,-59.20764261121053,1.4639978,14.709794,0.3933077367085958,,,,,,,,,,,,False,False
5338721593961452416,,,NGC3532,165.5555753372114,-58.57854466146704,0.28706074,10.47341,0.0975639033740199,31.451698,3.868023,0.12298296263686621,,,,,,,,,True,False
5338721623987626624,,,NGC3532,165.54588751901042,-58.56108298431562,2.8575668,17.743095,0.4993641130590353,,,,,,,,,,,,False,False
5338721692705426816,,,NGC3532,165.5340859231473,-58.55306973572338,2.7627754,16.989973000000006,0.5707800315060956,,,,,,,,,,,,False,False
5338721731400439808,,,NGC3532,165.54690219082957,-58.54437188368482,1.3103208999999998,14.253284,0.369910378232885,,,,,,,,,,,,False,False
5338622947156902144,,,NGC3532,166.27307503616404,-59.20866123435297,2.1389332000000003,16.169382000000002,0.4878548700814312,,,,,,,,,,,,False,False
5338722414261603968,,,NGC3532,165.51687972028623,-58.51241513698197,2.2479725,16.439856,0.4877655906880112,,,,,,,,,,,,False,False
5338623153276207232,,,NGC3532,166.2498857085769,-59.17004312344999,2.8736858,18.779972,0.416157076458307,,,,,,,,,,,,False,False
5338650430609022592,,,NGC3532,166.5132444622873,-58.977762797192256,2.668419,17.36423,0.4953632486947132,,,,,,,,,,,,False,False
5338723002710649600,,,NGC3532,165.32609139656304,-58.58046828444989,2.192235,15.437118,0.666731943489409,,,,,,,,,,,,False,False
5338723376332606720,,,NGC3532,165.41313276425737,-58.55567847258455,2.6068192000000003,17.190876,0.4995480624979535,,,,,,,,,,,,False,False
5338623423852068736,,,NGC3532,166.32618774472672,-59.15205024539299,2.4781113,17.858002,0.4033906637097805,,,,,,,,,,,,False,False
5338723616845527680,,,NGC3532,165.32562504349815,-58.52181179909618,2.0787392,16.011717,0.4888709121187051,,,,,,,,,,,,False,False
5338623531272568832,,,NGC3532,166.25705266376508,-59.15325657810118,2.652113,16.602829,0.5999051084756404,,,,,,,,,,,,False,False
5338723861704096128,,,NGC3532,165.24714780782628,-58.566283105310056,2.3297806,16.33655,0.5331630570744331,,,,,,,,,,,,False,False
5338650538029838336,,,NGC3532,166.50541173918234,-58.95286660017746,1.0090027,13.437916,0.2234862197285261,,,,,,,,,,,,False,False
5338650572389597568,,,NGC3532,166.51726392553428,-58.94659994346648,2.4849167000000003,16.663603,0.5348928115999144,,,,,,,,,,,,False,False
5338650572389606272,,,NGC3532,166.50748891282015,-58.93877221209792,2.3367805,17.636098999999994,0.3877868141838814,,,,,,,,,,,,False,False
5338650606749320064,,,NGC3532,166.47240532353698,-58.939074528105365,2.4916935,17.210922,0.4659905744527047,,,,,,,,,,,,False,False
5338623801825472896,,,NGC3532,166.45881689409975,-59.1814480254104,2.3619517999999995,16.599915,0.5038209982717988,,,,,,,,,,,,False,False
5338584876577270784,,,NGC3532,165.1253189894027,-59.202758887204745,1.6986169999999998,15.162362,0.4554819248815504,,,,,,,,,,,,False,False
5338650709828598528,,,NGC3532,166.5794906871639,-58.945013437793065,1.2516804,14.147179,0.3382881111776632,,,,,,,,,,,,False,False
5338725094317348992,,,NGC3532,165.42340756585355,-58.50000397454966,2.0403118,16.011120000000002,0.4729902728512062,,,,,,,,,,,,False,False
5338650744188318848,,,NGC3532,166.54231768402394,-58.94121930537111,0.40448856,10.836299,0.0915414564870901,100.66944,26.519833,0.26343479212758114,,,,,,,,,True,False
5338650778516556672,,,NGC3532,166.54841308248572,-58.934998191401576,2.827652,17.847103,0.4819277356502077,,,,,,,,,,,,False,False
5338624046668760064,,,NGC3532,166.40673495715708,-59.156676688314505,2.190876,16.136011,0.5136909010109288,,,,,,,,,,,,False,False
5338725717130125184,,,NGC3532,165.39038086353074,-58.45365685927175,1.7720156000000002,15.315812,0.467009003512677,,,,,,,,,,,,False,False
5338650847267616512,,,NGC3532,166.58314827713525,-58.9124908552269,1.6326246000000002,15.042935,0.4393560927800447,,,,,,,,,,,,False,False
5338624390266300416,,,NGC3532,166.4675852845017,-59.11605912002562,0.45801926,10.892486,0.169137413248713,202.80196,44.523323,0.21954089102491905,,,,,,,,,True,False
5338624420285406080,,,NGC3532,166.5137396964901,-59.12729631839375,2.7063065,17.454689000000002,0.4946937885822947,,,,,,,,,,,,False,False
5338585769930160768,,,NGC3532,164.8905031294796,-59.16107569389282,2.0116806,16.00301,0.4623332256878334,,,,,,,,,,,,False,False
5338585903018407808,,,NGC3532,164.95142749447837,-59.168468557955066,2.264637,16.360236999999998,0.505598550363183,,,,,,,,,,,,False,False
5338624596424715904,,,NGC3532,166.44585916755008,-59.11402635056591,2.2356644,16.482115,0.4774856764533056,,,,,,,,,,,,False,False
5338726816641762304,,,NGC3532,165.292231330467,-58.40851917985283,0.3913355,10.856942,0.0467543350717707,20.231253,10.052981,0.4969035284171475,,,,,,,,,True,False
5338651117797806976,,,NGC3532,166.53260611465868,-58.89216601004807,-0.006006241,8.431975999999999,0.0185974089431286,25.589512,2.9790843,0.11641817554004155,,,,,,,,,True,True
5338624768183688832,,,NGC3532,166.4331338598391,-59.085095428379056,2.4050388,16.315085999999994,0.5645582704073179,,,,,,,,,,,,False,False
5338624798238236800,,,NGC3532,166.4166124510131,-59.07610634425251,0.65966606,11.7671585,0.1499650644211982,,,,,,,,,,,,False,False
5338727258983052160,,,NGC3532,165.7186781961451,-58.493382116351405,2.6677607999999995,16.713476,0.5859063543586589,,,,,,,,,,,,False,False
5338651156505234048,,,NGC3532,166.50744719165198,-58.899295427996776,2.4750767,16.919532999999998,0.4959912720100328,,,,,,,,,,,,False,False
5338651186519101952,,,NGC3532,166.51111353577787,-58.886974128589145,1.3779163,14.288964000000002,0.4254082179674567,,,,,,,,,,,,False,False
5338727675635355520,,,NGC3532,165.71314195647406,-58.4644956818635,0.5881996,11.393662,0.1630229853808225,28.99635,10.715125,0.36953357922635094,,,,,,,,,True,False
5338651225224547584,,,NGC3532,166.45043308519269,-58.960671878658296,2.2127972,16.116417000000002,0.5257472825697991,,,,,,,,,,,,False,False
5338651255238326656,,,NGC3532,166.43322659324983,-58.94023617598833,1.9895248,15.736359,0.4975036290634202,,,,,,,,,,,,False,False
5338727740021222784,,,NGC3532,165.70330604041436,-58.46420604067077,3.0194416,17.629206,0.5502741732694176,,,,,,,,,,,,False,False
5338625043101437824,,,NGC3532,166.33455696196145,-59.10101310561157,2.3875008,16.577513,0.5156300780742483,,,,,,,,,,,,False,False
5338727916153508224,,,NGC3532,165.6551078509351,-58.45251378584903,0.79668903,12.468393,0.1621878059550516,,,,,,,,,,,,False,False
5338728019232752128,,,NGC3532,165.6485205716391,-58.43256907194908,0.9721966,13.28793,0.2092416166584493,,,,,,,,,,,,False,False
5338728053592493568,,,NGC3532,165.67571233452375,-58.439896320598926,0.5870495,11.3695345,0.1812262938778148,30.591452,15.984322,0.5225094251819103,,,,,,,,,True,False
5338728122311981056,,,NGC3532,165.63546652384568,-58.4179024606598,2.6821003,17.403414,0.4943825243383795,,,,,,,,,,,,False,False
5338625283619443840,,,NGC3532,166.31276941783477,-59.082678048807246,0.035471916,9.06371,0.0578048084593846,,,,,,,,,,,,False,True
5338728152336270848,,,NGC3532,165.64618141845853,-58.40859355011557,2.670824,17.366642000000002,0.4957047276813586,,,,,,,,,,,,False,False
5338728156671734784,,,NGC3532,165.6561924818918,-58.41430852407682,0.05189705,8.427686,0.0748291664086319,215.07753,26.117603,0.12143343379478089,,,,,,,,,True,True
5338651362663550720,,,NGC3532,166.45688847887894,-58.93942712774543,0.42123985,10.960261,0.0275620441243656,,,,,,,,,,,,False,False
5338651392675718528,,,NGC3532,166.46745362549564,-58.926308442697824,0.7592821,11.577565,0.8195745099479514,,,,,,,,,,,,False,False
5338728461573904768,,,NGC3532,165.52184406616738,-58.45806333228752,2.5408573,16.81446,0.5302862687460601,,,,,,,,,,,,False,False
5338728534621614464,,,NGC3532,165.51379505632696,-58.44894341140113,3.0723438,18.65645,0.4596231173995749,,,,,,,,,,,,False,False
5338728637708002560,,,NGC3532,165.54987482267674,-58.422191488539326,0.709136,12.040205,0.1278003584468276,,,,,,,,,,,,False,False
5338625554156831104,,,NGC3532,166.39553861834602,-59.05795758816488,2.502119,16.882939999999998,0.5089167826814188,,,,,,,,,,,,False,False
5338587174332740096,,,NGC3532,165.30817771774647,-59.2116866912308,2.5855522,17.073658,0.5082587578321379,,,,,,,,,,,,False,False
5338651495760900864,,,NGC3532,166.38571827754302,-58.93219500103585,3.0163536,17.793932,0.5298785419487108,,,,,,,,,,,,False,False
5338587213026556416,,,NGC3532,165.32877617127266,-59.20718696272228,2.6101036,17.146921,0.5058610487371605,,,,,,,,,,,,False,False
5338625592857198976,,,NGC3532,166.3611096577225,-59.05604394164109,1.7284021,15.200677,0.4653212405593721,,,,,,,,,,,,False,False
5338587247399813376,,,NGC3532,165.30012631966568,-59.20656110194928,1.6744852,15.10216,0.4532679891292448,,,,,,,,,,,,False,False
5338625691594840192,,,NGC3532,166.33362379008824,-59.06816465536254,2.2527924,16.258814,0.5172980490969663,,,,,,,,,,,,False,False
5338729084384618624,,,NGC3532,165.51200671809073,-58.39478083020782,1.1115894,13.761023000000002,0.2783558239785644,,,,,,,,,,,,False,False
5338625829030385280,,,NGC3532,166.33622378001616,-59.03714863250189,0.19861889,10.091331,0.1162656422446977,295.0912,29.773508,0.10089595352216535,,,,,,,,,True,True
5338729256183384704,,,NGC3532,165.52835389582182,-58.3540461609548,0.1328782999999999,10.053287,0.035388970448053,115.675964,25.310137,0.21880204084575428,,,,,,,,,True,True
5338729286209455232,,,NGC3532,165.73351441539847,-58.43012433535761,2.774372,17.28864,0.5321983239218248,,,,,,,,,,,,False,False
5338625833375389056,,,NGC3532,166.3424863089289,-59.039884715647055,1.3334522,14.362243,0.3644234203401925,,,,,,,,,,,,False,False
5338729324902878208,,,NGC3532,165.73599884745548,-58.42075574844439,2.3442469,15.891892000000002,0.6253040360181302,,,,,,,,,,,,False,False
5338651603181701632,,,NGC3532,166.36339894715152,-58.91453640854144,1.5446854,14.746719,0.4452045823075883,,,,,,,,,,,,False,False
5338651637541468032,,,NGC3532,166.38789710541838,-58.91043452806364,0.3661518,10.739778,0.0822767871065026,39.81014,7.927706,0.19913785784224824,,,,,,,,,True,False
5338625902094868096,,,NGC3532,166.31967829506442,-59.03039187111612,2.536499,16.846052,0.5244367756409772,,,,,,,,,,,,False,False
5338625966472695040,,,NGC3532,166.21826136446043,-59.18613785962111,2.2609863,16.309936999999998,0.5121298135307917,,,,,,,,,,,,False,False
5338587689725883136,,,NGC3532,165.23313528947972,-59.1935187966101,0.93396854,13.128344,0.193080205316213,,,,,,,,,,,,False,False
5338729702860032128,,,NGC3532,165.6972658694335,-58.38728932422083,1.1254015,13.789353,0.2884758310207947,,,,,,,,,,,,False,False
5338651804998554752,,,NGC3532,166.47454151843132,-58.90542414478332,2.5776901000000003,17.25777,0.4838170356828593,,,,,,,,,,,,False,False
5338651843699951360,,,NGC3532,166.43374529982736,-58.90102904802978,1.9402857,15.840661,0.4571357189800633,,,,,,,,,,,,False,False
5338729939044562176,,,NGC3532,165.7285529973361,-58.354118727075125,2.720007,18.22131,0.4267224181277584,,,,,,,,,,,,False,False
5338587895883345408,,,NGC3532,165.20829296672397,-59.181848188289344,0.16829395,9.737236,0.1533215190124369,,,,,,,,,,,,False,True
5338730110840465664,,,NGC3532,165.71711367104456,-58.36224420205795,2.639862,17.352825,0.4892991797895449,,,,,,,,,,,,False,False
5338651946747989120,,,NGC3532,166.47967582657267,-58.86691557692821,2.7654514,18.54554,0.4123387439726639,,,,,,,,,,,,False,False
5338626245691816448,,,NGC3532,166.16279966509487,-59.15557588116313,2.0284462,15.501471,0.5648220974746612,,,,,,,,,,,,False,False
5338730424414520576,,,NGC3532,165.6291437897404,-58.37307586832991,0.058789253,9.574986,0.0390754144775888,,,,,,,,,,,,False,True
5338652045510742016,,,NGC3532,166.4025423473201,-58.8845840888208,0.53688526,11.140854,0.1940314592831183,112.738594,43.765118,0.38819996282728164,,,,,,,,,True,False
5338626314411282304,,,NGC3532,166.13116459337553,-59.14931164396306,0.4984789000000001,10.368919,0.4823681318593693,,,,,,,,,,,,False,False
5338730493133988608,,,NGC3532,165.59456663757817,-58.364444295738494,1.6649551,15.061051999999998,0.4560369657386301,,,,,,,,,,,,False,False
5338588106393298432,,,NGC3532,165.23995032282,-59.16458853461608,1.740139,15.263699,0.4593320357197298,,,,,,,,,,,,False,False
5338652118577887616,,,NGC3532,166.3652570271634,-58.86102402129868,0.4941082000000001,11.011552,0.1717162647906002,,,,,,,,,,,,False,False
5338730699285770752,,,NGC3532,165.5699951103232,-58.34892213737898,2.689043,18.643084,0.3923665332600282,,,,,,,,,,,,False,False
5338626486169281024,,,NGC3532,166.23546301941832,-59.15268088377285,2.3016796000000004,16.434603,0.5075104945650931,,,,,,,,,,,,False,False
5338588346897884800,,,NGC3532,165.16881831090186,-59.155016175481,2.9677124,17.999731,0.497188780561725,,,,,,,,,,,,False,False
5338730939804128640,,,NGC3532,165.63235567352675,-58.33621843599602,1.3927393,14.545335,0.3733184256809562,,,,,,,,,,,,False,False
5338652255985494144,,,NGC3532,166.38590200091753,-58.852896322205936,2.1625938,16.530604999999998,0.4459310760547034,,,,,,,,,,,,False,False
5338652256016873472,,,NGC3532,166.38859177146014,-58.85168190627103,0.64356804,11.678807,0.1552345686067669,,,,,,,,,,,,False,False
5338731111603011072,,,NGC3532,165.65360882330222,-58.29610767507186,2.5923672000000004,17.43334,0.4683950222455347,,,,,,,,,,,,False,False
5338652359063269120,,,NGC3532,166.27788391575598,-58.98564939671114,2.6349583,18.493696,0.3916488742166444,,,,,,,,,,,,False,False
5338626692368561280,,,NGC3532,166.19950103621872,-59.10555390376541,1.9373379,15.624178,0.4935439466093979,,,,,,,,,,,,False,False
5338626692368562176,,,NGC3532,166.21531589245055,-59.1107755428616,0.81157017,12.569043,0.1459532167895631,,,,,,,,,,,,False,False
5338731347786543232,,,NGC3532,165.58979588261994,-58.286805250702,2.7838497,17.369713,0.5244086995441165,,,,,,,,,,,,False,False
5338652427815203712,,,NGC3532,166.27393178759192,-58.98639698667049,2.5565357000000004,16.636118,0.5626405747584123,,,,,,,,,,,,False,False
5338652457833563648,,,NGC3532,166.28496628228245,-58.97292071766672,2.3418617000000004,16.732563,0.4791970754041294,,,,,,,,,,,,False,False
5338731588310109184,,,NGC3532,165.44452815924913,-58.406876209042615,2.857275,17.512789,0.5253825596257462,,,,,,,,,,,,False,False
5338652530894913408,,,NGC3532,166.27949797718716,-58.97231088990893,1.410572,14.589013,0.3781227952333128,,,,,,,,,,,,False,False
5338731691391092864,,,NGC3532,165.45091141700652,-58.402822708930216,2.9827785,18.172907,0.4836412745047117,,,,,,,,,,,,False,False
5338626932886749312,,,NGC3532,166.17469662542274,-59.08758899602893,1.7864808999999997,15.259337,0.4868401297416992,,,,,,,,,,,,False,False
5338731695724698752,,,NGC3532,165.44812149306162,-58.39706066631254,1.5482721000000002,14.865624,0.4207267515210078,,,,,,,,,,,,False,False
5338652633973662464,,,NGC3532,166.22439768690495,-58.95623703241306,1.0008783,13.396935,0.2232075127799603,,,,,,,,,,,,False,False
5338731764444148864,,,NGC3532,165.43003438282042,-58.40965846283522,1.1325979,13.804359,0.293527341061578,,,,,,,,,,,,False,False
5338652664010801280,,,NGC3532,166.19162650271818,-58.96182460570038,2.8278046000000003,18.36704,0.4367518765781245,,,,,,,,,,,,False,False
5338731833163622016,,,NGC3532,165.40129077364804,-58.40167542575044,0.7711029,12.416736,0.0959924854236799,,,,,,,,,,,,False,False
5338627070325541376,,,NGC3532,166.09036326719826,-59.128787189793215,1.7912712,14.615208,0.6748351338191502,,,,,,,,,,,,False,False
5338627070325543936,,,NGC3532,166.08599046830213,-59.12630012682867,0.87662506,12.8797035,0.1669391209255574,,,,,,,,,,,,False,False
5338652767065254656,,,NGC3532,166.23811829603784,-58.941220981504536,0.60399437,11.484895,0.1455209120935049,46.79941,22.695967,0.48496267367473217,,,,,,,,,True,False
5338652805740074752,,,NGC3532,166.2259788429495,-58.94489027567625,3.0654488,18.852505,0.4439218793411598,,,,,,,,,,,,False,False
5338627173405228160,,,NGC3532,166.0882379431231,-59.11604673400434,0.7419996,12.190939,0.1450907003117084,,,,,,,,,,,,False,False
5338653007608076800,,,NGC3532,166.31741024399548,-58.93390896905292,2.7253761,17.469473,0.4977903420518961,,,,,,,,,,,,False,False
5338589205905054464,,,NGC3532,165.39504294521083,-59.11717280153047,1.6735296000000002,15.083592,0.4566009020266593,,,,,,,,,,,,False,False
5338653046290664064,,,NGC3532,166.32772720213958,-58.925749160273895,2.423687,16.866486,0.4873552170329127,,,,,,,,,,,,False,False
5338653145026843648,,,NGC3532,166.2559747029789,-58.93021291423037,2.7498150000000003,17.490984,0.5014233982682896,,,,,,,,,,,,False,False
5338627345203447808,,,NGC3532,166.03569194423608,-59.10946593137985,2.0137787,15.871193,0.4846194583274608,,,,,,,,,,,,False,False
5338732726516858880,,,NGC3532,165.36732472652224,-58.35908889459417,1.9229622,15.629894,0.4854652081379105,,,,,,,,,,,,False,False
5338732825262551808,,,NGC3532,165.35474799304654,-58.34348861590477,2.8085880000000003,18.039398,0.4597998604405583,,,,,,,,,,,,False,False
5338653218057196928,,,NGC3532,166.21570824172213,-58.91066951954417,2.7030087000000003,17.481215,0.4909146971434112,,,,,,,,,,,,False,False
5338653282461326336,,,NGC3532,166.27144755479043,-58.90965052853959,0.2735815,10.431379,0.0967723492519559,16.81976,9.377172,0.5575092629145719,,,,,,,,,True,False
5338627482642467968,,,NGC3532,166.0410589890723,-59.0825536259901,1.1136618,13.769864000000002,0.2785780055212957,,,,,,,,,,,,False,False
5338589549502464640,,,NGC3532,165.37001228354794,-59.07693513464893,1.0736284,13.641641,0.2606601090090806,,,,,,,,,,,,False,False
5338627517002180736,,,NGC3532,166.00632151503606,-59.08074889775017,1.6911773999999995,15.088839000000002,0.4664840919936058,,,,,,,,,,,,False,False
5338589648234019200,,,NGC3532,165.28522677684984,-59.14363510720501,2.85289,17.853720000000006,0.4868739612555585,,,,,,,,,,,,False,False
5338653424247618176,,,NGC3532,166.1758465616702,-58.9509902176581,0.965188,13.2687845,0.2027753854839786,,,,,,,,,,,,False,False
5338653424248047232,,,NGC3532,166.16084863686032,-58.94643875140194,2.3683662,16.738922,0.4867750424315132,,,,,,,,,,,,False,False
5338653454260022784,,,NGC3532,166.1716915999001,-58.94643298118761,0.7948885,11.772851,0.8562418522575828,16.541277,32.43769,1.9610148599772559,,,,,,,,,True,False
5338733409378102528,,,NGC3532,165.33396086873918,-58.32077858942752,2.8742409,17.83451,0.4935742040799896,,,,,,,,,,,,False,False
5338733718612167168,,,NGC3532,165.5212818721299,-58.33093727148772,2.418501,16.598253,0.5228972836050679,,,,,,,,,,,,False,False
5338627890620394112,,,NGC3532,166.0551335733106,-59.06463208143734,2.8768272,17.834557,0.4941464872024224,,,,,,,,,,,,False,False
5338653767845414144,,,NGC3532,166.09591439903784,-58.918727028935386,0.15490913,9.9656925,0.0890929202602517,281.96902,51.115364,0.18128007112270703,,,,,,,,,True,True
5338733757309130112,,,NGC3532,165.4834108655293,-58.32562625342332,1.0779114,13.696999,0.2505666354426584,,,,,,,,,,,,False,False
5338653802205155584,,,NGC3532,166.10351194245357,-58.905260512680215,1.5510874,14.860591,0.4237786891687494,,,,,,,,,,,,False,False
5338733826028648192,,,NGC3532,165.52941863357088,-58.31757396327262,1.8944407,15.652265,0.4676004067624668,,,,,,,,,,,,False,False
5338733860381848064,,,NGC3532,165.53211922481358,-58.3094580784353,1.496007,14.726371,0.4137040665915346,,,,,,,,,,,,False,False
5338733860388417280,,,NGC3532,165.53812361647232,-58.30084162169953,1.1199703,13.79084,0.280923299649769,,,,,,,,,,,,False,False
5338733963467566080,,,NGC3532,165.46167593418485,-58.31344639953805,0.4065218,10.850743,0.0849333707542581,,,,,,,,,,,,False,False
5338734165289587456,,,NGC3532,165.45109499870975,-58.28439483070211,2.5343418,16.87612,0.5195769390437146,,,,,,,,,,,,False,False
5338654038380060416,,,NGC3532,166.17827455335498,-58.90314252558104,3.0044594,17.332311999999998,0.5864889053416421,,,,,,,,,,,,False,False
5338628165496916608,,,NGC3532,166.25991847637482,-59.0829886649536,2.5149117000000003,16.683725,0.5415489571994705,,,,,,,,,,,,False,False
5338654214522056192,,,NGC3532,166.18266207816217,-58.86796916444997,2.5396843,17.00766,0.5036053256024646,,,,,,,,,,,,False,False
5338654278895693056,,,NGC3532,166.14229540185698,-58.86895179688588,1.5008258999999995,14.700916,0.4231829385244036,,,,,,,,,,,,False,False
5338734822461043200,,,NGC3532,165.4144773148225,-58.28444784461119,2.711235,18.70532,0.3925747445259131,,,,,,,,,,,,False,False
5338654317601235328,,,NGC3532,166.1113439666601,-58.87995400841015,1.8363142,15.453408,0.4749586000803285,,,,,,,,,,,,False,False
5338654351960981504,,,NGC3532,166.12591089315038,-58.86300502057047,0.15330505,9.731436,0.1349759850569087,119.28217,7.727099,0.06478000022970742,,,,,,,,,True,True
5338654351960982400,,,NGC3532,166.12727620144528,-58.86383729954353,0.83506393,14.241214,-0.0942321554215789,,,,,,,,,,,,False,False
5338654386320728832,,,NGC3532,166.14793909774798,-58.86396277663873,2.114544,16.101973,0.4888529137225758,,,,,,,,,,,,False,False
5338654416338873088,,,NGC3532,166.14006605650096,-58.84289433922738,2.7789040000000003,16.955776,0.5807629043566834,,,,,,,,,,,,False,False
5338590713383000576,,,NGC3532,165.23145773270676,-59.02689023831427,2.0636072,15.872319,0.5063428129068668,,,,,,,,,,,,False,False
5338735062979208320,,,NGC3532,165.340967485175,-58.25857004825075,2.7741585,17.510622,0.5051947548768598,,,,,,,,,,,,False,False
5338654455040195584,,,NGC3532,166.11798406546498,-58.84812792365833,2.4267044,16.812653,0.4952806688299777,,,,,,,,,,,,False,False
5338628444675039360,,,NGC3532,166.19039878275998,-59.06744256822461,2.732723200000001,17.67162,0.4778807115569847,,,,,,,,,,,,False,False
5338735166051838976,,,NGC3532,165.32499123880493,-58.24267285719869,2.8422527,17.950447,0.4751176222935304,,,,,,,,,,,,False,False
5338654558087435520,,,NGC3532,166.33537586717125,-58.90110468721314,2.2657413,16.422232,0.4966297213073656,,,,,,,,,,,,False,False
5338654558119211776,,,NGC3532,166.3335180586149,-58.89920604056893,2.181075,15.355092,0.6842799085683569,,,,,,,,,,,,False,False
5338628513435047296,,,NGC3532,166.16667732497544,-59.05594880221978,1.6925868999999998,15.155605,0.4532376934185674,,,,,,,,,,,,False,False
5338628513435082368,,,NGC3532,166.17189400601168,-59.05371121616185,2.374508,17.22263,0.4331328213704843,,,,,,,,,,,,False,False
5338590958251535104,,,NGC3532,165.09451784868327,-59.14873649685031,2.5478725,16.945724,0.5141321577480643,,,,,,,,,,,,False,False
5338590992611068032,,,NGC3532,165.10533695644347,-59.13512246862565,2.6167965,16.60424,0.5879150023876667,,,,,,,,,,,,False,False
5338654661198473216,,,NGC3532,166.32858940810968,-58.87497099035068,1.1783257,13.985495000000002,0.2997843798672613,,,,,,,,,,,,False,False
5338654691212522368,,,NGC3532,166.3320348199577,-58.872637509264486,1.2447195,14.054457,0.3558868672894932,,,,,,,,,,,,False,False
5338735544015650304,,,NGC3532,165.39597321143853,-58.20246307268541,2.1233406,15.930401000000002,0.5218060661657317,,,,,,,,,,,,False,False
5338628685233591040,,,NGC3532,166.2703229143848,-59.048665283898856,2.6286201,17.223667000000006,0.5014748733366876,,,,,,,,,,,,False,False
5338591095690244736,,,NGC3532,165.03388860398957,-59.15674699703892,1.5104065,14.724442000000002,0.4249298179653347,,,,,,,,,,,,False,False
5338628857032366208,,,NGC3532,166.27873772365672,-59.01674171377676,0.042661667,8.969806,0.069232535065486,,,,,,,,,,,,False,True
5338628887047097856,,,NGC3532,166.2432891578256,-59.01810978523574,0.042742252,7.6844497,0.0254207624250084,134.97469,13.875967,0.10280421462720157,,,,,,,,,True,False
5338655004764202368,,,NGC3532,166.25847924730738,-58.85331708304554,2.6601105,18.359255,0.4051006734147847,,,,,,,,,,,,False,False
5338655039124041856,,,NGC3532,166.24588118624234,-58.83671113514114,2.7427330000000003,18.000662,0.4492608716762722,,,,,,,,,,,,False,False
5338655039155627008,,,NGC3532,166.2499079555999,-58.83136596647462,0.106983185,9.787414,0.064727803789165,,,,,,,,,,,,False,True
5338655039155633920,,,NGC3532,166.25310702006118,-58.82860382042942,1.8768778,15.632345999999998,0.4625951543125895,,,,,,,,,,,,False,False
5338628955767765248,,,NGC3532,166.20507527468732,-59.01849316877168,0.9253197,13.0863695,0.191468709919303,,,,,,,,,,,,False,False
5338591469297852416,,,NGC3532,165.1589837121041,-59.10364217025755,2.5154133,16.81908,0.5217767879098605,,,,,,,,,,,,False,False
5338655107875129088,,,NGC3532,166.35985740936326,-58.85692535724333,1.134676,13.848518,0.2837323179798798,,,,,,,,,,,,False,False
5338655107875147136,,,NGC3532,166.34823360877616,-58.84246304989362,0.25003147,10.222481,0.1485007492219262,234.69923,14.448157,0.06156030848503423,,,,,,,,,True,True
5338655176594612992,,,NGC3532,166.32294942603818,-58.84000330996422,1.6939210999999998,15.134299,0.4584683980960183,,,,,,,,,,,,False,False
5338655210954387328,,,NGC3532,166.34907312938472,-58.830355983443575,2.5001202,16.500748,0.5661734367992403,,,,,,,,,,,,False,False
5338655348361782400,,,NGC3532,166.29328728345496,-58.841487123758725,1.4634819,14.689832999999998,0.3972859215553903,,,,,,,,,,,,False,False
5338655279673853440,,,NGC3532,166.33442828497758,-58.83057159854141,2.437067,17.178288000000002,0.4546828224418197,,,,,,,,,,,,False,False
5338655348393288064,,,NGC3532,166.304714242288,-58.84236011524146,0.036133766,9.213978,0.050130572513022,,,,,,,,,,,,False,True
5338629200629762048,,,NGC3532,166.1847902825301,-58.97415274488987,0.37627983,10.633168,0.1686178462378433,,,,,,,,,,,,False,False
5338629200629763456,,,NGC3532,166.20549439091292,-58.97957086239085,0.2506075,10.224682,0.1485820017475302,175.72656,60.506783,0.34432349327273004,,,,,,,,,True,True
5338655520192048512,,,NGC3532,166.3132720907579,-58.808869952345255,0.73393345,12.128795,0.1628173753456324,,,,,,,,,,,,False,False
5338655584570203520,,,NGC3532,166.28331407272913,-58.79228085769613,2.7936058,17.45906,0.5160268435922095,,,,,,,,,,,,False,False
5338655722002740352,,,NGC3532,166.186070861532,-58.828096258866346,0.6561413,11.790575,0.1074521673971555,10.739455,14.042907,1.307599594206596,,,,,,,,,True,False
5338629539886503936,,,NGC3532,166.08210251969646,-59.02204854164274,2.489828,17.036054999999998,0.4857055110900367,,,,,,,,,,,,False,False
5338629539886517760,,,NGC3532,166.07420678994316,-59.00731187609304,2.7916737,17.55471,0.5044714661387129,,,,,,,,,,,,False,False
5338655790726793216,,,NGC3532,166.22647919301113,-58.82180842602797,2.4852848,16.875378,0.5048467874610401,,,,,,,,,,,,False,False
5338655898149232256,,,NGC3532,166.16272704756,-58.8325904497687,1.3613405,14.357297,0.3912306137062292,,,,,,,,,,,,False,False
5338655928161170432,,,NGC3532,166.16476086155717,-58.82756145211947,0.66193295,11.820057,0.1078279947336509,,,,,,,,,,,,False,False
5338655966868690432,,,NGC3532,166.12652066640044,-58.83002929659745,2.1683187000000004,15.780839000000002,0.5711343679719318,,,,,,,,,,,,False,False
5338656069916989184,,,NGC3532,166.17489969055734,-58.797884181278896,2.9601974,18.125347,0.4834654462556284,,,,,,,,,,,,False,False
5338629819105015424,,,NGC3532,166.1538416711918,-58.98348859817988,0.67369366,11.782871,0.2079483933547379,28.620203,23.35263,0.8159491391448203,,,,,,,,,True,False
5338656099959858304,,,NGC3532,166.14670500007583,-58.80981993207235,0.15130901,10.122309,0.0399595049981036,48.715298,3.5525312,0.0729243450383902,,,,,,,,,True,True
5338656099962080896,,,NGC3532,166.1482366999997,-58.80693603059184,0.77238464,11.873609,0.6424935014748397,,,,,,,,,,,,False,False
5338629883483318784,,,NGC3532,166.13365906124324,-58.98156287987982,2.4732990000000004,16.704985,0.5249615924962047,,,,,,,,,,,,False,False
5338592538799326848,,,NGC3532,165.0328052575226,-59.07055156097728,2.1083708,15.883845,0.5238802892364111,,,,,,,,,,,,False,False
5338656241746646016,,,NGC3532,166.19828151566242,-58.80316480147014,1.5389338,14.821078,0.423874892700366,,,,,,,,,,,,False,False
5338630089643865984,,,NGC3532,166.0908666069556,-58.95621112513786,2.9214401000000003,17.993303,0.4879738043006256,,,,,,,,,,,,False,False
5338656310466146176,,,NGC3532,166.22932743545553,-58.78684176584571,0.8832321,12.889278,0.1798632860282822,,,,,,,,,,,,False,False
5338656310466218368,,,NGC3532,166.23411541194486,-58.79101810905154,0.963047,12.994587,0.3258425339229624,,,,,,,,,,,,False,False
5338656344795175936,,,NGC3532,166.2494220727004,-58.78306702625951,2.4726524,16.993242000000002,0.485990848753617,,,,,,,,,,,,False,False
5338592740610504576,,,NGC3532,164.94448061179713,-59.06376499139615,2.9246178,18.10582,0.4779593711027356,,,,,,,,,,,,False,False
5338656409199865472,,,NGC3532,166.211771186302,-58.76213806356088,1.8436365,15.483610999999998,0.4730125658865969,,,,,,,,,,,,False,False
5338630162702473728,,,NGC3532,166.06633047461497,-58.95823199653874,0.5315523,11.2003145,0.1266017124573264,37.231293,25.552889,0.6863282722950288,,,,,,,,,True,False
5338630162702475904,,,NGC3532,166.06827531209703,-58.94745078784716,3.101841,18.156801,0.5093550728722163,,,,,,,,,,,,False,False
5338656443561844480,,,NGC3532,166.17751994192582,-58.7950903259033,3.0705338,17.431046,0.5892205131075886,,,,,,,,,,,,False,False
5338656477916975104,,,NGC3532,166.1782763491801,-58.77782127853109,0.5745764,11.387522,0.110950294380935,16.58347,14.107412,0.8506912003338265,,,,,,,,,True,False
5338656516624537728,,,NGC3532,166.16552026138888,-58.77750583408961,2.1952267000000005,16.147873,0.5134217710548289,,,,,,,,,,,,False,False
5338656550984279552,,,NGC3532,166.16393945113438,-58.763515955663394,2.0811367,16.021143,0.4883182761877818,,,,,,,,,,,,False,False
5338656684075397376,,,NGC3532,166.1548472007589,-58.73057846035919,0.117819786,9.665376,0.1002539068247752,138.04942,16.92014,0.12256581737177889,,,,,,,,,True,True
5338593157274663040,,,NGC3532,165.16419831534927,-59.067151047792,1.333312,14.3554,0.3659567573064585,,,,,,,,,,,,False,False
5338656821514375040,,,NGC3532,166.56379731029338,-58.88231769215656,0.58067036,11.399013,0.1254175708282636,,,,,,,,,,,,False,False
5338656855874114176,,,NGC3532,166.60057353260004,-58.88871230857479,0.5805111,11.341295,0.1805668932035037,51.773907,44.156826,0.8528779950873709,,,,,,,,,True,False
5338656860222332800,,,NGC3532,166.60207717916686,-58.88073285793168,1.5790358,14.953889000000002,0.4229890244630456,,,,,,,,,,,,False,False
5338657100740474112,,,NGC3532,166.5271400411256,-58.86945298630796,0.32758808,10.488402,0.1584665425642981,,,,,,,,,,,,False,False
5338657169460008064,,,NGC3532,166.55467131858092,-58.844046530610704,0.14566517,7.914399,0.1204519871797383,288.0881,9.917768,0.03442616338543661,,,,,,,,,True,False
5338630781178115712,,,NGC3532,166.92658895981268,-59.22961729690194,1.4550762,14.631205,0.4040204830481249,,,,,,,,,,,,False,False
5338630879911201408,,,NGC3532,166.98086677630246,-59.23588450362679,2.037631,15.880788,0.493444249728766,,,,,,,,,,,,False,False
5338657375618480384,,,NGC3532,166.59334540367198,-58.83099646770851,0.62892437,11.639335,0.1189247091958986,,,,,,,,,,,,False,False
5338657474355634176,,,NGC3532,166.59918329803273,-58.82231680723852,2.416317,17.22244,0.4444173004478855,,,,,,,,,,,,False,False
5338657478668139648,,,NGC3532,166.59513384613263,-58.82890980453401,2.4019966,16.446642,0.5410009535441115,,,,,,,,,,,,False,False
5338657478697698560,,,NGC3532,166.58170195344283,-58.8254993741662,0.91097736,13.003462,0.1948804310170432,,,,,,,,,,,,False,False
5338657513057476864,,,NGC3532,166.59526668070464,-58.80774734315895,1.8048267,15.351656,0.4780517507282573,,,,,,,,,,,,False,False
5338657547387490432,,,NGC3532,166.54644249560224,-58.83271669548866,2.734705,17.453428,0.5019473524545991,,,,,,,,,,,,False,False
5338657616137080960,,,NGC3532,166.54267036742354,-58.82661770755951,0.9163952,13.063635,0.1808709166864782,,,,,,,,,,,,False,False
5338657646150200192,,,NGC3532,166.54806069444402,-58.818658247933655,2.0987797,16.095875,0.4834911024531193,,,,,,,,,,,,False,False
5338657783587036032,,,NGC3532,166.5449722771033,-58.7866354465298,0.5078869,11.176299,0.0702154174420625,,,,,,,,,,,,False,False
5338594699115642240,,,NGC3532,165.0604629781833,-58.97621010344314,2.7111645,17.420379999999998,0.4998164364102525,,,,,,,,,,,,False,False
5338594737822681728,,,NGC3532,165.0972381308885,-58.98306482628544,0.08037233,7.8886046,0.0671950238023328,175.36209,17.108963,0.09756363533304148,,,,,,,,,True,False
5338657856654734720,,,NGC3532,166.49095523870355,-58.84749157827743,1.0634089,13.617588,0.2529420227582228,,,,,,,,,,,,False,False
5338657886672480768,,,NGC3532,166.46622237394374,-58.85155755079151,1.7175817,15.20654,0.4577332980797609,,,,,,,,,,,,False,False
5338657925374197632,,,NGC3532,166.4692219324215,-58.84699831474347,0.365345,10.725071,0.0907956992895549,70.70724,12.373248,0.1749926598747172,,,,,,,,,True,False
5338657959733969536,,,NGC3532,166.5049838457837,-58.84039740460185,0.6487427,11.7363405,0.1240488146101634,,,,,,,,,,,,False,False
5338658058471171456,,,NGC3532,166.45601083737478,-58.80639550240171,2.8242779,17.718563,0.4943062874696007,,,,,,,,,,,,False,False
5338631468372817920,,,NGC3532,166.86111953593897,-59.232416789319785,2.4500961,16.555609,0.5400795330256091,,,,,,,,,,,,False,False
5338658092830907008,,,NGC3532,166.42527536911888,-58.83894328994742,2.1223755,16.728739,0.4098780028346203,,,,,,,,,,,,False,False
5338658097172875392,,,NGC3532,166.40938961888943,-58.836011391522405,1.8032045,15.437144,0.4605663393190295,,,,,,,,,,,,False,False
5338658097172882304,,,NGC3532,166.4267541070502,-58.836185975415,0.104929924,8.732130999999999,0.1396426784021631,,,,,,,,,,,,False,True
5338595253205331712,,,NGC3532,166.78173172298875,-59.6334042000824,2.6380043,17.333998,0.4909641391545392,,,,,,,,,,,,False,False
5338658165892353920,,,NGC3532,166.38723353466185,-58.82618020022348,2.1282501,16.218473,0.4762184351751305,,,,,,,,,,,,False,False
5338631708890971904,,,NGC3532,166.80247885357545,-59.219630725740224,2.552393,16.726110000000002,0.5470640244024217,,,,,,,,,,,,False,False
5338631743250742784,,,NGC3532,166.79654002075625,-59.2019116522876,0.91230965,12.281183,0.8317648531956179,,,,,,,,,,,,False,False
5338658406410641280,,,NGC3532,166.4944912942605,-58.790860981378096,2.2565804,16.364887,0.5019601948128863,,,,,,,,,,,,False,False
5338595665522268672,,,NGC3532,166.73178396811684,-59.586407005106295,2.304079,16.457307999999998,0.5049360689133077,,,,,,,,,,,,False,False
5338658578209340672,,,NGC3532,166.47377741385134,-58.77837625047052,0.9751253,13.283987,0.2162675074986181,,,,,,,,,,,,False,False
5338658646899143680,,,NGC3532,166.44070810038932,-58.79122276900594,2.8071423,17.771372,0.4849097850910325,,,,,,,,,,,,False,False
5338658681258984832,,,NGC3532,166.458098818556,-58.78070996822815,2.9977093,17.584715,0.5506641095509932,,,,,,,,,,,,False,False
5338658681288546560,,,NGC3532,166.4649145462264,-58.7812567612442,0.66354847,11.848254,0.0873380778074038,,,,,,,,,,,,False,False
5338658681288548352,,,NGC3532,166.45159307097936,-58.77553447031149,1.265235,14.200931,0.3385510530862226,,,,,,,,,,,,False,False
5338658681288553856,,,NGC3532,166.4481145697756,-58.77088341043214,0.6677475,11.873035,0.0840231339975904,,,,,,,,,,,,False,False
5338658745659705344,,,NGC3532,166.4078775299119,-58.76363157472175,0.09085083,9.574081,0.0794607134055302,,,,,,,,,,,,False,True
5338658780019444736,,,NGC3532,166.45514301582244,-58.76712625138404,0.64791393,11.784209,0.0705700728892153,,,,,,,,,,,,False,False
5338658853087265920,,,NGC3532,166.42171473701026,-58.7501627344521,1.2078514,14.11952,0.2991152732537785,,,,,,,,,,,,False,False
5338658921806764672,,,NGC3532,166.6323438020471,-58.81155168595078,1.2002792,14.014152,0.3173207406521627,,,,,,,,,,,,False,False
5338658956166512000,,,NGC3532,166.6461425305387,-58.81050173428356,0.97539425,13.302688,0.2099585601419812,,,,,,,,,,,,False,False
5338596146558739584,,,NGC3532,166.7834409299346,-59.54933044736412,1.1222067,13.811453,0.2780439718294177,,,,,,,,,,,,False,False
5338632323025216384,,,NGC3532,166.78823736197862,-59.15841522955925,2.6260642999999995,17.26015,0.4964223699154859,,,,,,,,,,,,False,False
5338659127965237632,,,NGC3532,166.62134531917084,-58.7795584170765,0.98713493,13.381476,0.2042464102572077,,,,,,,,,,,,False,False
5338659295415520384,,,NGC3532,166.54652822945596,-58.76641178143639,0.23124218,10.317995,0.0828875571850994,,,,,,,,,,,,False,False
5338596387076730112,,,NGC3532,166.72067501605062,-59.60017563706269,0.6832266,11.116454,0.6573898595523895,,,,,,,,,,,,False,False
5338659334094406016,,,NGC3532,166.58769997751045,-58.76200725401728,2.5469093,18.473957,0.3764662239062135,,,,,,,,,,,,False,False
5338659368483430912,,,NGC3532,166.5857569155896,-58.74831026962733,0.1280489,9.684593,0.110255202043658,,,,,,,,,,,,False,True
5338659398494731904,,,NGC3532,166.54758976115068,-58.74944700012683,0.25332832,10.186433,0.1653645320656355,278.62164,37.068245,0.13304151465047723,,,,,,,,,True,True
5338659501580414976,,,NGC3532,166.65278531271406,-58.75575019788217,2.8131447,18.15458,0.4508235710219224,,,,,,,,,,,,False,False
5338632636604226944,,,NGC3532,166.99075242198626,-59.16948995168142,1.5745983,14.287864,0.6138200125488354,,,,,,,,,,,,False,False
5338659505922421120,,,NGC3532,166.6493020990456,-58.74413917844277,0.011446476,7.7701077,0.007276306334084,117.48283,11.381435,0.09687743306830453,,,,,,,,,True,True
5338632705323784832,,,NGC3532,167.04415231515836,-59.16061057121192,1.2810879,14.19352,0.3564501681223335,,,,,,,,,,,,False,False
5338659913890801920,,,NGC3532,166.61540481584294,-58.70311523719021,0.2450695,10.403012,0.0646705892858683,89.422485,6.7890105,0.07592061996487796,,,,,,,,,True,False
5338659883879549696,,,NGC3532,166.60545810580342,-58.721958866490745,0.98809147,13.326733,0.2249197934228288,,,,,,,,,,,,False,False
5338659952599035648,,,NGC3532,166.57139089940668,-58.70105722132399,2.500616,16.874147,0.5096486336762561,,,,,,,,,,,,False,False
5338659982610276224,,,NGC3532,166.58303756295774,-58.69044856815661,0.6152191,11.501024,0.1826720916631313,,,,,,,,,,,,False,False
5338659982610277248,,,NGC3532,166.59769345046422,-58.695055658857385,0.11095047,9.211912,0.1401794970884207,,,,,,,,,,,,False,True
5338660051329762048,,,NGC3532,166.52335434182325,-58.75310595544686,0.6673918000000001,11.806792,0.1503844913335181,,,,,,,,,,,,False,False
5338632980201706880,,,NGC3532,166.97652290025937,-59.13167475302417,2.435915,17.53595,0.4197530316740503,,,,,,,,,,,,False,False
5338660120049235072,,,NGC3532,166.49109830198316,-58.73569173082656,0.19159508,9.90682,0.1521284358327498,,,,,,,,,,,,False,True
5338660227476867840,,,NGC3532,166.51374752327172,-58.73957869973624,2.3600311,16.708117,0.4882121086831873,,,,,,,,,,,,False,False
5338597108583410432,,,NGC3532,166.68078175049362,-59.54228772948412,0.24928093,14.5293255,-0.5753143204316682,,,,,,,,,,,,False,False
5338660261836641280,,,NGC3532,166.502117700642,-58.7097875044124,1.5739164,14.887301,0.4337687286796171,,,,,,,,,,,,False,False
5338633152000442240,,,NGC3532,166.99487062362994,-59.12478666425343,0.99620724,13.374265,0.2227577973693045,,,,,,,,,,,,False,False
5338660291847928448,,,NGC3532,166.45999419416896,-58.74545811664643,0.72764206,12.102516,0.1574748682621248,,,,,,,,,,,,False,False
5338660330556069248,,,NGC3532,166.46208867270053,-58.73121135398029,0.10785198,9.165323,0.1390615264085578,51.621986,19.915518,0.38579526948072085,,,,,,,,,True,True
5338660364915795968,,,NGC3532,166.4243631355989,-58.72510738104918,1.3410788,14.363294,0.3711476943604916,,,,,,,,,,,,False,False
5338660399275946496,,,NGC3532,166.43999009187797,-58.72360597801016,1.0394669,13.54278,0.23949911080028,,,,,,,,,,,,False,False
5338660433606049536,,,NGC3532,166.46775668404766,-58.71623021990492,2.2717724,16.217367000000007,0.5314396990120807,,,,,,,,,,,,False,False
5338660467965898112,,,NGC3532,166.49421010209534,-58.70649953075673,2.8706703,17.666485,0.5107663163546315,,,,,,,,,,,,False,False
5338660601092032256,,,NGC3532,166.54578937069775,-58.70393426256605,3.2100067,18.016233,0.5468309666491963,,,,,,,,,,,,False,False
5338633422538172800,,,NGC3532,166.94677136587958,-59.10633820931837,2.7236938,17.76846,0.4662175033856579,,,,,,,,,,,,False,False
5338633426841075328,,,NGC3532,166.94855137198152,-59.10739330181772,2.7149925,18.179382,0.4289220770695575,,,,,,,,,,,,False,False
5338660674153534848,,,NGC3532,166.51590792780408,-58.68770851087748,1.2012362,6.528482,0.5847322279422144,8.851199,0.6799675,0.07682207800321741,,,,,,,,,True,False
5338660704171443072,,,NGC3532,166.54026151518542,-58.695983606733314,0.1523714,9.723028,0.1351701035872109,,,,,,,,,,,,False,True
5338660738531181696,,,NGC3532,166.54733093776733,-58.67456902388265,2.2467651,16.457160000000002,0.4848636568502586,,,,,,,,,,,,False,False
5338633461238100480,,,NGC3532,166.96312509023696,-59.10867526593627,1.7629852,15.263443,0.4724893759170696,,,,,,,,,,,,False,False
5338660777232758528,,,NGC3532,166.52242243941134,-58.6818052478264,0.12825203,9.409085,0.145151710872326,,,,,,,,,,,,False,True
5338660807243993216,,,NGC3532,166.5290767203539,-58.66443181769456,0.41347408,10.873129,0.0828864677683317,140.84029,68.53652,0.4866258085665685,,,,,,,,,True,False
5338660811592507648,,,NGC3532,166.52910472774823,-58.67381246567776,1.1687737,13.932791,0.302567845194645,,,,,,,,,,,,False,False
5338597589620459776,,,NGC3532,166.85284156427608,-59.52195937835058,1.8198557,15.390695,0.4784461933939913,,,,,,,,,,,,False,False
5338660845952209920,,,NGC3532,166.48580990171718,-58.69250408619343,0.107458115,9.181299,0.137756837943492,282.80234,13.374332,0.04729215465473164,,,,,,,,,True,True
5338660949003562112,,,NGC3532,166.4497441826136,-58.66727952003635,2.8135223,17.421170999999998,0.5256181657480287,,,,,,,,,,,,False,False
5338633633036606976,,,NGC3532,166.91196047304618,-59.15247148737188,1.061986,13.532954,0.278056142820697,,,,,,,,,,,,False,False
5338661086470654336,,,NGC3532,166.46902461023424,-58.64987343302705,0.18605423,10.222437,0.0543712570317184,,,,,,,,,,,,False,True
5338597825865957504,,,NGC3532,166.79002456244555,-59.52218813344332,2.6136875,16.967854,0.5304683112935266,,,,,,,,,,,,False,False
5338661155189635968,,,NGC3532,166.37900701522503,-58.79693890926148,1.0803251,13.638049,0.2715222530629625,,,,,,,,,,,,False,False
5338661219580172032,,,NGC3532,166.34572584899504,-58.78903853538744,2.5383492000000003,17.194757,0.4804616775402334,,,,,,,,,,,,False,False
5338633736115861120,,,NGC3532,166.8722716467917,-59.126436151184855,0.75498676,12.311791,0.1057454827127481,,,,,,,,,,,,False,False
5338661292628615552,,,NGC3532,166.38938763225374,-58.78318200561739,1.2691116000000002,14.201993,0.3421893075286569,,,,,,,,,,,,False,False
5338661425719301888,,,NGC3532,166.3194796103333,-58.78364099381293,0.003736496,8.542983999999999,0.0299781945468655,,,,,,,,,,,,False,True
5338661460079038976,,,NGC3532,166.28305209099634,-58.77926413786536,0.084192276,9.266088,0.1041115571189749,,,,,,,,,,,,False,True
5338598135080623616,,,NGC3532,166.85357226388916,-59.46734227267872,2.4054527,16.258638,0.5749721438900305,,,,,,,,,,,,False,False
5338598135080732928,,,NGC3532,166.85432324021264,-59.4763667512697,2.8533173,17.028288,0.5910339948121619,,,,,,,,,,,,False,False
5338661498787354368,,,NGC3532,166.29934126906224,-58.77503447818947,0.9395981,13.17058,0.1882548481218464,,,,,,,,,,,,False,False
5338661567476891904,,,NGC3532,166.34100030524553,-58.75796055862132,2.673832,16.701385000000002,0.5898922293365052,,,,,,,,,,,,False,False
5338661631880131712,,,NGC3532,166.296047953169,-58.74653660749307,1.9285755,14.991184,0.6438765603616043,,,,,,,,,,,,False,False
5338634045353556352,,,NGC3532,166.8515402370064,-59.10278753628671,0.12564182,9.520307,0.1298376084776927,315.15863,22.54792,0.07154466942567939,,,,,,,,,True,True
5338661636226329216,,,NGC3532,166.30985582364158,-58.742543463567685,0.45562267,10.89383,0.1627199831727886,188.72171,47.863415,0.2536190192426722,,,,,,,,,True,False
5338661670585774208,,,NGC3532,166.39819038563698,-58.76317514009243,2.378912,16.273229999999998,0.5623164800009159,,,,,,,,,,,,False,False
5338661700601863424,,,NGC3532,166.39961814132894,-58.75691641740524,2.4853554,16.721653,0.5263730491150643,,,,,,,,,,,,False,False
5338661704945529856,,,NGC3532,166.4073799673366,-58.75664015208383,0.10229874,9.806428,0.0547338117002233,120.4114,21.069025,0.1749753345613455,,,,,,,,,True,True
5338661773665473536,,,NGC3532,166.35294336847917,-58.73283869829637,0.9105396,13.042453,0.1763892658446512,,,,,,,,,,,,False,False
5338661807995252608,,,NGC3532,166.40587322370845,-58.75155696349172,2.6479225,17.696209,0.4556769500205469,,,,,,,,,,,,False,False
5338634217152385792,,,NGC3532,166.9239393504968,-59.08229805920452,0.90174294,13.040617999999998,0.1566075934711123,,,,,,,,,,,,False,False
5338634217152394624,,,NGC3532,166.9281662227837,-59.0805485143831,1.9921398,15.883032,0.4731351938485049,,,,,,,,,,,,False,False
5338634247170631040,,,NGC3532,166.90080516541806,-59.08381579514642,2.4662495,16.517591,0.5517074633488523,,,,,,,,,,,,False,False
5338661945464004480,,,NGC3532,166.343198509442,-58.74326241977826,0.6304474,11.253838,0.4341228021470812,13.322099,13.760197,1.0328850581278521,,,,,,,,,True,False
5338662082902968320,,,NGC3532,166.34535601054546,-58.7228925620097,0.85925484,12.769186,0.1770942893083071,,,,,,,,,,,,False,False
5338662147280235648,,,NGC3532,166.32163212950903,-58.71004711387148,2.9114246,17.940172,0.4910599286962991,,,,,,,,,,,,False,False
5338662147297759616,,,NGC3532,166.30205893395282,-58.70497216394124,1.7457504,15.275143,0.4602610084309934,,,,,,,,,,,,False,False
5338662151593828352,,,NGC3532,166.31776679517944,-58.70882090815302,2.643816,17.520457999999998,0.4721042789715671,,,,,,,,,,,,False,False
5338662220341818112,,,NGC3532,166.24183561755768,-58.76411848402631,2.224165,16.223682,0.5121459868564806,,,,,,,,,,,,False,False
5338662254672703360,,,NGC3532,166.25537476516712,-58.75545975928743,1.0541945,13.92615,0.1671199819190919,,,,,,,,,,,,False,False
5338662289061289472,,,NGC3532,166.22974610730842,-58.74959152396183,0.021744728,8.167455,0.0357933224227342,17.486792,2.097777,0.11996351303315095,,,,,,,,,True,True
5338662323421039104,,,NGC3532,166.2439756682971,-58.74739186185994,0.77574635,12.372396,0.1490875620561877,,,,,,,,,,,,False,False
5338634457670502400,,,NGC3532,166.84919583938415,-59.0733415602657,0.9289608,13.119332,0.1858482018194121,,,,,,,,,,,,False,False
5338662460831156224,,,NGC3532,166.25158979217994,-58.728940419573405,2.3617535,16.493807,0.5194907040879745,,,,,,,,,,,,False,False
5338634526389998848,,,NGC3532,166.82094439342112,-59.0563895016717,0.8245621,12.622927,0.1557492646982113,,,,,,,,,,,,False,False
5338662529579448832,,,NGC3532,166.21086062418368,-58.72981224996997,1.0951862,12.893131,0.7434375718889494,,,,,,,,,,,,False,False
5338662593956820736,,,NGC3532,166.16491437409408,-58.71292058496396,2.7522202,18.074541,0.4449822996899438,,,,,,,,,,,,False,False
5338662598298916608,,,NGC3532,166.18006530176353,-58.71718471130463,2.6369057,18.128027,0.4169260159792751,,,,,,,,,,,,False,False
5338662667018408448,,,NGC3532,166.20692229769924,-58.69643579577246,0.74195576,12.2212925,0.119312912013128,,,,,,,,,,,,False,False
5338662667018417280,,,NGC3532,166.22033674899922,-58.704877873353325,1.0486393,13.580654999999998,0.2419856184140572,,,,,,,,,,,,False,False
5338634663829025152,,,NGC3532,166.83526238732114,-59.03757900283574,2.3511581,16.522238,0.5115414555918518,,,,,,,,,,,,False,False
5338662770097672960,,,NGC3532,166.2781188854766,-58.722575432145774,1.7928381000000002,15.291595999999998,0.4836703604764775,,,,,,,,,,,,False,False
5338662838817123328,,,NGC3532,166.23572041804562,-58.69728201478664,1.8100243000000005,15.51214,0.4504361927411947,,,,,,,,,,,,False,False
5338662868834935936,,,NGC3532,166.2548585855572,-58.692495967276585,3.0609703,17.462656,0.5823629265980189,,,,,,,,,,,,False,False
5338662873176876544,,,NGC3532,166.25959346366426,-58.70366983344043,0.06161213,9.271788,0.0763041105049194,,,,,,,,,,,,False,True
5338662976256102528,,,NGC3532,166.2632872378745,-58.68557716055564,0.12830925,9.445503,0.1415068613126782,296.5002,22.63748,0.07634895355888462,,,,,,,,,True,True
5338663040626991488,,,NGC3532,166.21074997732495,-58.6955416334607,0.5916033,11.440558,0.1320958859514702,28.72155,20.701784,0.7207753063466282,,,,,,,,,True,False
5338663074989306880,,,NGC3532,166.2200403036015,-58.68213691399821,0.7768078,12.429446,0.1103661828750208,,,,,,,,,,,,False,False
5338663113666053504,,,NGC3532,166.1909864367352,-58.68737365925745,2.6497040000000003,17.53914,0.4716124471076179,,,,,,,,,,,,False,False
5338663143706203392,,,NGC3532,166.19402144421073,-58.67680892762949,0.6058588,11.507093,0.1330518074158603,98.15681,44.289333,0.4512099873661339,,,,,,,,,True,False
5338663148054751872,,,NGC3532,166.2028173081836,-58.670726240171966,0.78462315,12.492335,0.0969157161030233,,,,,,,,,,,,False,False
5338663216774249344,,,NGC3532,166.2243070739125,-58.649418074498605,2.0214748,15.783279,0.5036134863984398,,,,,,,,,,,,False,False
5338663216774252800,,,NGC3532,166.23509959976684,-58.665945303705385,0.004527092,8.329305999999999,0.0260227256029203,134.6555,14.027202,0.10417102903334807,,,,,,,,,True,True
5338663251133967616,,,NGC3532,166.19911685127784,-58.6587225677802,0.26767063,10.407891,0.0987818209352041,46.117203,18.455248,0.4001814247060907,,,,,,,,,True,False
5338663418584112512,,,NGC3532,166.384658383499,-58.68863462870711,0.6916628,11.991132,0.0883310754573409,,,,,,,,,,,,False,False
5338663452946373120,,,NGC3532,166.42898359823062,-58.699316040625895,1.4277171999999998,13.811145000000002,0.6732766235973873,,,,,,,,,,,,False,False
5338663526012037376,,,NGC3532,166.39935120788277,-58.6808358870776,0.9527683,13.246610999999998,0.1865929999009567,,,,,,,,,,,,False,False
5338663556023064320,,,NGC3532,166.39655737684168,-58.67695323523426,0.31944656,10.306467,0.2228540253604461,,,,,,,,,,,,False,False
5338599818707883264,,,NGC3532,166.5177311110034,-59.53957825014447,2.5436707000000003,17.114586,0.491395313782642,,,,,,,,,,,,False,False
5338635213584387072,,,NGC3532,166.66328757477942,-59.130053842540256,0.84323883,12.731446,0.1500086958595572,,,,,,,,,,,,False,False
5338663624745103232,,,NGC3532,166.36253001017025,-58.68332725215853,1.9570284,15.750588,0.4798713170703475,,,,,,,,,,,,False,False
5338635247944162176,,,NGC3532,166.6838180574564,-59.12395762324,2.5694065,16.401455,0.608404393418801,,,,,,,,,,,,False,False
5338663663450924544,,,NGC3532,166.31833773221442,-58.675435265309495,0.85009,12.809002,0.1285694216523033,,,,,,,,,,,,False,False
5338663697810672896,,,NGC3532,166.32877526240998,-58.67668086726776,0.053142548,9.505861,0.0411744914376208,,,,,,,,,,,,False,True
5338663727825374976,,,NGC3532,166.36403546132962,-58.66649412914131,2.4292889,16.469599,0.5468037943272749,,,,,,,,,,,,False,False
5338663766530183040,,,NGC3532,166.3634622372907,-58.66337421149727,2.3369026,16.553407999999994,0.5021078218350583,,,,,,,,,,,,False,False
5338635381041959552,,,NGC3532,166.7403373839394,-59.12143928904112,2.6392422000000004,17.284222,0.4970729839710615,,,,,,,,,,,,False,False
5338663830900967296,,,NGC3532,166.33578205155442,-58.6429404599206,0.33463097,10.457275,0.185278129172124,,,,,,,,,,,,False,False
5338663869609445248,,,NGC3532,166.44001988752083,-58.67759332679812,1.120965,7.2881737000000015,0.6730799810093351,12.625245,0.7411878,0.05870680529367945,,,,,,,,,True,False
5338600029209044352,,,NGC3532,166.52078322744447,-59.5127373111219,1.7866096000000002,15.306414000000002,0.4770948001992035,,,,,,,,,,,,False,False
5338663938328901504,,,NGC3532,166.3934873632946,-58.64965358104365,1.3822832,14.466854,0.3826581615017129,,,,,,,,,,,,False,False
5338664105781563136,,,NGC3532,166.42197488404875,-58.62004684065669,1.7749548,15.233178,0.4857604598195605,,,,,,,,,,,,False,False
5338664110127617280,,,NGC3532,166.4274262470605,-58.63156673543676,0.6458416,11.73024,0.1150960324620806,,,,,,,,,,,,False,False
5338635621560140032,,,NGC3532,166.67790655214498,-59.10309014164508,2.7381897,17.23846,0.529063170802164,,,,,,,,,,,,False,False
5338635660261078272,,,NGC3532,166.6712995323499,-59.09858063598671,1.7991943,15.408210999999998,0.4638981740667098,,,,,,,,,,,,False,False
5338664277577565056,,,NGC3532,166.38173203973344,-58.62692935214859,0.8698796999999998,12.822179,0.1783711413242457,,,,,,,,,,,,False,False
5338664281926278272,,,NGC3532,166.36995659786473,-58.61818128418921,1.133337,13.783445,0.3006527557356847,,,,,,,,,,,,False,False
5338664281926283904,,,NGC3532,166.38102197563376,-58.62257468673797,0.0013303757,8.758084,0.0264254538661139,,,,,,,,,,,,False,True
5338664281926284032,,,NGC3532,166.38080526770736,-58.62024587620699,0.11334419,9.35669,0.1318524262988114,272.4207,9.941918,0.03649472305151554,,,,,,,,,True,True
5338664311940003840,,,NGC3532,166.39478807175033,-58.61962421604185,0.8361883,12.706891,0.1421020020135688,,,,,,,,,,,,False,False
5338635758994803456,,,NGC3532,166.68059890017977,-59.08007118595489,0.5573491999999999,11.285642,0.1411306269779687,107.69283,41.736984,0.38755582892565826,,,,,,,,,True,False
5338664316286031616,,,NGC3532,166.39274156976705,-58.60807343356996,1.9390936,15.666219,0.4865615787935451,,,,,,,,,,,,False,False
5338664316286031872,,,NGC3532,166.39642881452957,-58.61743049258417,0.3435316,10.15191,0.3052528261291043,,,,,,,,,,,,False,False
5338664380656777600,,,NGC3532,166.35572064705937,-58.59917519576172,0.26751328,10.430546,0.0872334784519792,,,,,,,,,,,,False,False
5338635866380921216,,,NGC3532,166.6181338830823,-59.13272466841872,1.8986998,15.571876,0.484348911923976,,,,,,,,,,,,False,False
5338664453724900608,,,NGC3532,166.30856396206713,-58.66354530762473,0.69422054,11.932555,0.1625001274340523,,,,,,,,,,,,False,False
5338664488084599936,,,NGC3532,166.25961884174058,-58.64965919355114,2.4669533,16.253664,0.5991617280678081,,,,,,,,,,,,False,False
5338664518099363200,,,NGC3532,166.26701543401097,-58.64053605654786,2.2403183,16.581879,0.4656639251902086,,,,,,,,,,,,False,False
5338664518102378880,,,NGC3532,166.26199837927902,-58.63618023177539,2.65905,17.176804,0.5155474472485635,,,,,,,,,,,,False,False
5338664518102379520,,,NGC3532,166.2661643600976,-58.64131941619414,2.6013165000000003,17.295275,0.4857907596325184,,,,,,,,,,,,False,False
5338635900740584320,,,NGC3532,166.6032875591479,-59.1346715760791,2.3429337,17.19196,0.4276063426810239,,,,,,,,,,,,False,False
5338664552455473408,,,NGC3532,166.31903447005658,-58.64577258735531,0.26185894,10.299767,0.1374171720939844,,,,,,,,,,,,False,True
5338635935138862080,,,NGC3532,166.6125944555826,-59.1232928484428,2.1401615,16.276785,0.4721445340841341,,,,,,,,,,,,False,False
5338664586821860224,,,NGC3532,166.30953105724868,-58.63496843464854,2.8351269,17.878548000000006,0.4804873452521091,,,,,,,,,,,,False,False
5338635935138880896,,,NGC3532,166.6002753938405,-59.11233855712914,1.6250334,15.007307999999998,0.4419751968521083,,,,,,,,,,,,False,False
5338664694243004800,,,NGC3532,166.2335263105057,-58.65038138268247,2.2761345,16.035349,0.566309186704321,,,,,,,,,,,,False,False
5338636038218106240,,,NGC3532,166.62023854084347,-59.11551810795479,1.399126,14.484554,0.3928520166579953,,,,,,,,,,,,False,False
5338664797322221440,,,NGC3532,166.22470517330274,-58.62152522195991,1.2859334999999998,14.222532,0.3538157612188183,,,,,,,,,,,,False,False
5338664866041731840,,,NGC3532,166.25487730966535,-58.60677617750083,0.75078297,12.233586,0.1492426928816993,,,,,,,,,,,,False,False
5338664896057616256,,,NGC3532,166.23113428032698,-58.620352443393685,2.6736393,17.247911,0.5105909141288081,,,,,,,,,,,,False,False
5338664900401434368,,,NGC3532,166.21828908419704,-58.61401367680386,0.98418903,13.335037,0.2147763043739582,,,,,,,,,,,,False,False
5338664964775038208,,,NGC3532,166.31143764175368,-58.61513713949813,0.8409261999999998,12.699486,0.161656138141514,,,,,,,,,,,,False,False
5338665067851545600,,,NGC3532,166.30688313256573,-58.60397559779814,0.4548149,10.893253,0.1612808042606652,190.78093,26.513617,0.13897414694435128,,,,,,,,,True,False
5338665106531524864,,,NGC3532,166.31811265974653,-58.59982582315629,2.6869125,18.576807,0.3960263040254255,,,,,,,,,,,,False,False
5338665243998861312,,,NGC3532,166.25871090068986,-58.600304687487935,2.0091581,15.893384,0.4788536335577919,,,,,,,,,,,,False,False
5338665411451709440,,,NGC3532,166.27061724388892,-58.56665216445201,1.2317371,14.136635,0.3201225100212185,,,,,,,,,,,,False,False
5338665548888124928,,,NGC3532,165.88651526942806,-59.26834018260724,0.95744514,13.2041445,0.2119566301148398,,,,,,,,,,,,False,False
5338665617610744960,,,NGC3532,165.8626418490928,-59.261125281382725,2.6201363,16.837568,0.5512562035281116,,,,,,,,,,,,False,False
5338636519254622336,,,NGC3532,166.64885563592446,-59.062868513230654,2.3064518,16.535885,0.4942819037259681,,,,,,,,,,,,False,False
5338665690676543744,,,NGC3532,165.92138428040943,-59.25840747980575,1.9680414,15.770322,0.4814875296298811,,,,,,,,,,,,False,False
5338636828454643200,,,NGC3532,166.61343774348998,-59.03533009094672,2.6002254,16.983772000000002,0.5243437461607459,,,,,,,,,,,,False,False
5338666442246620928,,,NGC3532,165.83135296552368,-59.19067419245013,2.5998554,17.324170000000002,0.482143003218975,,,,,,,,,,,,False,False
5338637137730030336,,,NGC3532,166.75100447672568,-59.0601864080605,0.5905304,11.435238,0.1325502175110507,17.795033,18.090977,1.0166307081307462,,,,,,,,,True,False
5338637236464379904,,,NGC3532,166.73995148139784,-59.066840431558745,0.88517666,12.924735,0.1674671631878042,,,,,,,,,,,,False,False
5338637373902504576,,,NGC3532,166.7381090492122,-59.0366882522165,0.67873,11.86812,0.1478210897817552,,,,,,,,,,,,False,False
5338637378248240768,,,NGC3532,166.73311079774868,-59.04078725944693,1.647028,14.943369,0.4707120654066162,,,,,,,,,,,,False,False
5338666858907265536,,,NGC3532,165.75412444972304,-59.192111094338976,2.4816475,17.072832000000002,0.4789644653679697,,,,,,,,,,,,False,False
5338637648784792320,,,NGC3532,166.81881441569652,-59.01569979184845,2.507574,16.910657999999998,0.5068471058485301,,,,,,,,,,,,False,False
5338667236864649216,,,NGC3532,165.7653482456871,-59.17416685359771,0.9977064,13.362566,0.2295370845143643,,,,,,,,,,,,False,False
5338637824924904448,,,NGC3532,166.72492160771142,-59.01574108069951,1.1665335,13.921955,0.3028343849938523,,,,,,,,,,,,False,False
5338667919709894016,,,NGC3532,165.90593157585036,-59.14701605577434,0.7049198,11.994854,0.1527222933315934,,,,,,,,,,,,False,False
5338668061498158080,,,NGC3532,165.83851143583422,-59.14829841324849,0.999835,13.349359,0.238136728567536,,,,,,,,,,,,False,False
5338668542534522624,,,NGC3532,165.9010215485684,-59.126651205819854,1.8571739,15.382313,0.5003883616947583,,,,,,,,,,,,False,False
5338638683918409600,,,NGC3532,166.6626688650244,-58.978798390057925,1.3368006,14.334224,0.3744279798872833,,,,,,,,,,,,False,False
5338668783032835328,,,NGC3532,165.88506211823866,-59.0704004789087,2.6922455000000003,17.84179,0.4523037964533233,,,,,,,,,,,,False,False
5338638752637952384,,,NGC3532,166.71210649615833,-58.96760470753063,1.0220585,13.437729,0.2456370473545079,,,,,,,,,,,,False,False
5338638954451890816,,,NGC3532,166.60265537412863,-58.95342744320271,0.72799873,12.132601,0.131224257252338,,,,,,,,,,,,False,False
5338638958802149632,,,NGC3532,166.60680067968892,-58.949978005703535,2.0468426,15.544378,0.5644554477222403,,,,,,,,,,,,False,False
5338638993119266432,,,NGC3532,166.636609122457,-58.94761265499998,2.8896942,18.255157,0.4577551281734392,,,,,,,,,,,,False,False
5338669126650284416,,,NGC3532,165.7701179722077,-59.111502045469216,0.047312737,8.252552,0.062358055719162,,,,,,,,,,,,False,True
5338669195369746560,,,NGC3532,165.74984636524198,-59.1015132599973,2.3485126,16.68968,0.4869767854195146,,,,,,,,,,,,False,False
5338669431539247744,,,NGC3532,165.81777306117203,-59.092601337029286,2.047412,15.869061,0.4997951797783912,,,,,,,,,,,,False,False
5338639268001250816,,,NGC3532,167.06875859745486,-59.07931416948385,2.0436650000000003,15.876289000000002,0.4968756134512143,,,,,,,,,,,,False,False
5338669500263534080,,,NGC3532,165.84579527094112,-59.07257372671212,2.7877712000000003,17.802225,0.4774373045601779,,,,,,,,,,,,False,False
5338639641651005440,,,NGC3532,166.97721381260538,-59.022078224328425,2.5909595000000003,16.499792000000006,0.5976922126701775,,,,,,,,,,,,False,False
5338671703608679296,,,NGC3532,165.5952349471143,-59.07680628629219,2.7945862,18.470375,0.4228838914910147,,,,,,,,,,,,False,False
5338671841069201152,,,NGC3532,165.52846433207915,-59.07340897364698,1.0144339,13.385207,0.2511124953701493,,,,,,,,,,,,False,False
5338672631343229440,,,NGC3532,165.6275005238709,-59.01519269712257,0.6947613,11.8624735,0.2393473572044434,,,,,,,,,,,,False,False
5338673176755736704,,,NGC3532,165.66559763724595,-58.97500962798315,2.8206196,18.25119,0.4444047309508898,,,,,,,,,,,,False,False
5338673524696409344,,,NGC3532,165.5543612629339,-59.02279512263714,1.6699896,15.091485,0.4527211742277851,,,,,,,,,,,,False,False
5338673692151796608,,,NGC3532,165.53193382443746,-58.99080822823842,2.310196,16.667476999999998,0.4775178898472815,,,,,,,,,,,,False,False
5338673833909211008,,,NGC3532,165.5777121360748,-58.98463781391872,2.742794,18.535612,0.4088490474425287,,,,,,,,,,,,False,False
5338673902653575936,,,NGC3532,165.63358025974856,-58.97806577612919,1.0586376,13.522594,0.2763206649420149,,,,,,,,,,,,False,False
5338673902653577472,,,NGC3532,165.62818507989226,-58.97298006526764,0.7916335999999999,12.516284,0.107591623698512,,,,,,,,,,,,False,False
5338673967025400704,,,NGC3532,165.58284771321232,-58.96496986109096,1.5568228000000002,14.854435999999998,0.429137471785788,,,,,,,,,,,,False,False
5338674211891229952,,,NGC3532,165.56948602101937,-58.94333488749432,1.1345205,13.829728,0.2887573557538602,,,,,,,,,,,,False,False
5338674349307183744,,,NGC3532,165.99010717765498,-59.08564425175842,2.773283,18.023743,0.4537342297576142,,,,,,,,,,,,False,False
5338674521105892480,,,NGC3532,165.96101518647518,-59.06079188888644,3.0396004,18.333172,0.480368811817738,,,,,,,,,,,,False,False
5338675105245466880,,,NGC3532,165.97427483730368,-59.00157424975046,2.0662508,15.835760999999998,0.5141651830612073,,,,,,,,,,,,False,False
5338675139584899072,,,NGC3532,165.94769824080882,-59.028054813178606,1.9506149,15.474522,0.5304955836975288,,,,,,,,,,,,False,False
5338675173964923008,,,NGC3532,165.95818574672654,-59.01593198532287,0.9698925,13.289619,0.2042520576875935,,,,,,,,,,,,False,False
5338675517541311360,,,NGC3532,165.830731311855,-59.02401762998699,2.713995,18.442583,0.4097130346481608,,,,,,,,,,,,False,False
5338675650656702080,,,NGC3532,165.84636002815537,-59.0076817456019,2.1343403,16.449059,0.4464850665152977,,,,,,,,,,,,False,False
5338676200412733056,,,NGC3532,165.87282793887118,-58.95219853928575,2.5990334,17.792381,0.43576825796467,,,,,,,,,,,,False,False
5338676685793473664,,,NGC3532,166.0237664822803,-58.96984721564564,0.72951794,12.150966,0.1219383573955002,,,,,,,,,,,,False,False
5338676823212296192,,,NGC3532,165.96477938852752,-58.95976701849535,2.658537,18.003101,0.4311615224526708,,,,,,,,,,,,False,False
5338677098090440704,,,NGC3532,166.0318412574259,-58.9342807101156,2.6789246,17.203047,0.5176264603206148,,,,,,,,,,,,False,False
5338677338628485760,,,NGC3532,165.9789765042956,-58.93383174270648,0.21953487,10.085944,0.1471692747946249,183.00874,22.921078,0.12524581066456172,,,,,,,,,True,True
5338677647866067840,,,NGC3532,165.9174095706764,-58.95295172998839,2.2170734,16.067656,0.5360959782200255,,,,,,,,,,,,False,False
5338677647866075264,,,NGC3532,165.92256370580122,-58.94648028973868,1.2256832,13.989057,0.3533198416113672,,,,,,,,,,,,False,False
5338678094522041984,,,NGC3532,165.8390668860057,-58.90001439331385,2.936018,18.19811,0.4719200896796017,,,,,,,,,,,,False,False
5338678094542384512,,,NGC3532,165.83115953612733,-58.893610093493606,2.8510838,18.187254,0.4557597056966773,,,,,,,,,,,,False,False
5338678193273529856,,,NGC3532,165.92793790810322,-58.89163427755251,2.2213345,17.042952,0.4081413507766008,,,,,,,,,,,,False,False
5338678300704885888,,,NGC3532,165.94117801619404,-58.880501163037614,2.8667297,17.880613,0.4872426376617397,,,,,,,,,,,,False,False
5338678644273735168,,,NGC3532,165.8576027905108,-58.849987139486345,2.6517658,17.210507999999994,0.5093350571764762,,,,,,,,,,,,False,False
5338678674314128768,,,NGC3532,165.84910274595492,-58.8272028557146,2.5603733,17.054747,0.5035245871216623,,,,,,,,,,,,False,False
5338678708673403520,,,NGC3532,165.73490777093323,-59.001405864288905,2.8857899,17.880817,0.4914180741981265,,,,,,,,,,,,False,False
5338678816097010688,,,NGC3532,165.7228524498264,-58.97462702055212,2.4879951,17.054281,0.4829780625491876,,,,,,,,,,,,False,False
5338678914829606528,,,NGC3532,165.723067537043,-58.959697458776255,2.2754765,16.278055,0.5226803790889795,,,,,,,,,,,,False,False
5338678949185892864,,,NGC3532,165.74346719554967,-58.95684721250186,0.4590845,11.031785,0.0604118390199336,26.35609,11.927629,0.4525568473927658,,,,,,,,,True,False
5338679052265109376,,,NGC3532,165.66015644354633,-58.967380776445744,0.78234196,12.460568,0.1103075714608541,,,,,,,,,,,,False,False
5338679159694191616,,,NGC3532,165.71156520319954,-58.93901909445472,2.2674036,15.584359,0.6651068868235995,,,,,,,,,,,,False,False
5338679705106268544,,,NGC3532,165.7338964435873,-58.892528509301215,2.9721966,18.012486,0.4968668326475767,,,,,,,,,,,,False,False
5338679778169530880,,,NGC3532,165.69690593243735,-58.87938449530414,0.41465092,10.82987,0.1181351319613427,107.597176,12.545908,0.11660071821959342,,,,,,,,,True,False
5338680190486326144,,,NGC3532,165.5555136632684,-58.904351315511256,0.89779854,12.953435,0.1859831933203407,,,,,,,,,,,,False,False
5338680396619848704,,,NGC3532,165.6775773223571,-58.898455357322206,2.6490917,18.254255,0.4102090227934628,,,,,,,,,,,,False,False
5338680499724026496,,,NGC3532,165.68322571928343,-58.88533584094946,1.422205,14.548091,0.3969864624141159,,,,,,,,,,,,False,False
5338680912040901760,,,NGC3532,165.77925563807756,-58.9043421927444,1.7126675,15.171274,0.4620715956988532,,,,,,,,,,,,False,False
5338680912040907776,,,NGC3532,165.7835975632831,-58.90046264359494,1.493866,14.650073999999998,0.4299426850166539,,,,,,,,,,,,False,False
5338680946400660480,,,NGC3532,165.8018929509173,-58.89198823970611,0.074092865,9.224514,0.0950264824237583,,,,,,,,,,,,False,True
5338681049479884672,,,NGC3532,165.7978748351288,-58.88138143706604,1.2509489,14.139568,0.3394912434517343,,,,,,,,,,,,False,False
5338681289998038528,,,NGC3532,165.71104048021846,-58.86588136222485,2.0464602,15.850459,0.5026835665205672,,,,,,,,,,,,False,False
5338681358717550976,,,NGC3532,165.75408611305616,-58.845401355139046,1.2350645,13.369394,0.6504540529338733,,,,,,,,,,,,False,False
5338681599235742848,,,NGC3532,165.8101713980349,-58.83697636917574,1.7276678,15.208343,0.4633043049204816,,,,,,,,,,,,False,False
5338681599235747584,,,NGC3532,165.82715775827688,-58.83702239608888,1.9222393,15.797066,0.4560760184343202,,,,,,,,,,,,False,False
5338681702290506624,,,NGC3532,165.81153611379588,-58.819040038953645,2.6272087,17.278337,0.4945832026919552,,,,,,,,,,,,False,False
5339399133652596608,,,NGC3532,167.56234887523868,-58.71052793455795,1.0995216,13.723097,0.273016616899578,,,,,,,,,,,,False,False
5339399855210726912,,,NGC3532,167.5611345873491,-58.67778709171418,2.9021168,18.033224,0.4800484002563311,,,,,,,,,,,,False,False
5339399988299895296,,,NGC3532,167.43235480147356,-58.818181799805146,1.2648621000000002,14.201405,0.3380573192021388,,,,,,,,,,,,False,False
5339400061365188224,,,NGC3532,167.39591708540044,-58.800628414753206,0.98368454,13.334178,0.2141541977925341,,,,,,,,,,,,False,False
5339400095724962048,,,NGC3532,167.4005942347018,-58.78475560256819,1.0889845,13.668475,0.2746233247084682,,,,,,,,,,,,False,False
5339400228817667200,,,NGC3532,167.41826569366324,-58.75927084924591,0.62197113,11.57586,0.1450300340554952,,,,,,,,,,,,False,False
5339357176082923264,,,NGC3532,168.2860960752987,-58.94404913249968,2.9889717,18.736078,0.4390614634466592,,,,,,,,,,,,False,False
5339357180408222464,,,NGC3532,168.28099193503087,-58.93545507821702,1.4448748,14.630618,0.396119158530287,,,,,,,,,,,,False,False
5339401057797835008,,,NGC3532,167.37270603615443,-58.69355076538555,1.8026218,15.3796425,0.4712798740856287,,,,,,,,,,,,False,False
5339401126517113472,,,NGC3532,167.32914782534618,-58.76000951847049,1.5977516,14.885441,0.4506093062944877,,,,,,,,,,,,False,False
5339401298315865344,,,NGC3532,167.29622852018258,-58.72418557572525,0.1486267999999999,7.8165580000000014,0.11342389049961,270.0495,9.258663,0.03428505885032188,,,,,,,,,True,False
5339401431411079680,,,NGC3532,167.2386234821391,-58.73090131049362,2.9790592,17.884806,0.5115233874600317,,,,,,,,,,,,False,False
5339401641913283072,,,NGC3532,167.3507989914418,-58.72758137565214,1.033988,13.538911,0.2321167114607957,,,,,,,,,,,,False,False
5339401676251345408,,,NGC3532,167.3450324266826,-58.7058783140471,3.0497131,18.262964,0.4886974400666877,,,,,,,,,,,,False,False
5339401878083600256,,,NGC3532,167.33261254189978,-58.673939541381,1.2113667,13.454539000000002,0.5561407269515581,,,,,,,,,,,,False,False
5339402260388711296,,,NGC3532,167.43685978717215,-58.70166156625973,0.049214363,8.655339999999999,0.0783730646012519,,,,,,,,,,,,False,True
5339402359124305408,,,NGC3532,167.4948458692407,-58.69252950995631,2.9520855,17.739511,0.5214397354509656,,,,,,,,,,,,False,False
5339402599637990528,,,NGC3532,167.41733796983792,-58.67240280428858,0.092741966,9.826534,0.037920461210929,28.980392,6.57096,0.22673813383890737,,,,,,,,,True,True
5339359757388487936,,,NGC3532,168.31675165460032,-58.80087730482308,0.90816116,13.003523,0.1880479042868738,,,,,,,,,,,,False,False
5339403286837225728,,,NGC3532,167.36765442614754,-58.67966040313422,1.7416067,15.062503,0.5041127642138764,,,,,,,,,,,,False,False
5339403291180883584,,,NGC3532,167.35483096329511,-58.66347831941877,0.66546154,11.827777,0.1186627210425817,,,,,,,,,,,,False,False
5339403492992001152,,,NGC3532,167.32969354878455,-58.6361662862348,2.1351986000000003,16.098509,0.4977044209599358,,,,,,,,,,,,False,False
5339403497339360768,,,NGC3532,167.3458943034685,-58.63999964393391,1.6730947,15.038064000000002,0.4662269864673761,,,,,,,,,,,,False,False
5339403634778261888,,,NGC3532,167.28134995398815,-58.64074299943957,0.6083689,11.413414,0.2317796815815974,86.83132,38.302547,0.44111441585824096,,,,,,,,,True,False
5339403664805262592,,,NGC3532,167.27861996670936,-58.62148335458577,0.6251726,11.598022,0.1398589471658617,,,,,,,,,,,,False,False
5339403737857576320,,,NGC3532,167.3275531725089,-58.61090449559097,1.4847145,14.421244,0.4844812499555021,,,,,,,,,,,,False,False
5339403772217272192,,,NGC3532,167.28147260975717,-58.61540765173115,1.697959,15.148425,0.4579705483159035,,,,,,,,,,,,False,False
5339404047095296384,,,NGC3532,167.357555698111,-58.58843100375599,1.2664328,14.114157,0.3626366672532863,,,,,,,,,,,,False,False
5339404145827803776,,,NGC3532,167.32112517681412,-58.58875311001584,2.827921,17.661967999999995,0.5012295236996264,,,,,,,,,,,,False,False
5339404661226331008,,,NGC3532,168.1355682130825,-58.8851220970768,2.9518356,18.446287,0.4541264597237346,,,,,,,,,,,,False,False
5339404974808946048,,,NGC3532,168.21501396983209,-58.84185636948853,1.816966,15.390737,0.4768741746896814,,,,,,,,,,,,False,False
5339405112247752192,,,NGC3532,168.22148256989314,-58.81392707631196,0.6169424,11.593144,0.1035657606752758,,,,,,,,,,,,False,False
5339406143039882752,,,NGC3532,168.082865705988,-58.78494682422582,1.0942469,13.643432999999998,0.2900888540318305,,,,,,,,,,,,False,False
5339406207411873536,,,NGC3532,168.13139312966047,-58.77784333536611,2.4505405,16.683113,0.5208363459678735,,,,,,,,,,,,False,False
5339406486637295872,,,NGC3532,168.06333289590518,-58.751813715045394,1.635788,14.967575,0.4576984304732821,,,,,,,,,,,,False,False
5339407757947619200,,,NGC3532,168.07958467511753,-58.75250939780689,2.1983776,16.363045,0.4811117091180656,,,,,,,,,,,,False,False
5339408200279908480,,,NGC3532,168.04652313085097,-58.68995082203924,2.8829556,18.382315,0.4461315365016193,,,,,,,,,,,,False,False
5339409265431510528,,,NGC3532,167.884265333906,-58.75240594321446,2.8900566000000003,18.147501,0.4671015626258195,,,,,,,,,,,,False,False
5339409544653815040,,,NGC3532,167.95739953525282,-58.71968560026324,1.0306454,13.500314,0.2389491310897637,,,,,,,,,,,,False,False
5339409471589962112,,,NGC3532,168.00410283103403,-58.7433727700185,3.076664,18.305304,0.4900894911759484,,,,,,,,,,,,False,False
5339409819512117760,,,NGC3532,167.91568769248826,-58.70613471567864,2.597063,17.387007,0.4745134958839744,,,,,,,,,,,,False,False
5339409819512117888,,,NGC3532,167.91596533349832,-58.7064209598199,2.8314095,17.414965,0.5309163501145187,,,,,,,,,,,,False,False
5339410712866002048,,,NGC3532,167.8070529965531,-58.68737140908772,2.9374924,18.58595,0.4407892118413026,,,,,,,,,,,,False,False
5339411709317404928,,,NGC3532,168.02426357982594,-58.627383860282194,0.75573635,12.265111,0.1458669999224358,,,,,,,,,,,,False,False
5339412220366156288,,,NGC3532,167.89670192989814,-58.6490295731013,2.7597866,17.447546,0.5089157896668326,,,,,,,,,,,,False,False
5339412396512119040,,,NGC3532,167.8427929521626,-58.641802802818034,2.0520325,16.00291,0.4791828507855956,,,,,,,,,,,,False,False
5339413354240701824,,,NGC3532,168.28173478233862,-58.68636886180364,2.8121872000000003,18.283785,0.4401556351855066,,,,,,,,,,,,False,False
5339413427305033216,,,NGC3532,168.2708321424837,-58.67463277651935,1.5567331,14.811227,0.4388117881529995,,,,,,,,,,,,False,False
5339369584275232640,,,NGC3532,167.987560845334,-59.23806180068878,1.1659861,13.176195000000002,0.6578434697300232,,,,,,,,,,,,False,False
5339369790404351488,,,NGC3532,168.0885711756733,-59.22487084473602,2.537691,17.416397,0.4563269205368541,,,,,,,,,,,,False,False
5339414355017952256,,,NGC3532,168.12975360115522,-58.65352948404602,1.1416311,13.891341,0.2808465669817955,,,,,,,,,,,,False,False
5339414389377699072,,,NGC3532,168.1347955448903,-58.64195715294849,2.5934944,17.587429999999998,0.4531919956254034,,,,,,,,,,,,False,False
5339414939133538560,,,NGC3532,168.1517082933613,-58.602377504440575,1.5988731000000005,14.94841,0.4373805584315876,,,,,,,,,,,,False,False
5339415420169895424,,,NGC3532,168.2991540796174,-58.6100363385485,1.419302,14.602509,0.3821340890938885,,,,,,,,,,,,False,False
5339370576361711232,,,NGC3532,167.88335533270902,-59.21818757552992,2.9948902000000004,17.893059,0.5141164378585156,,,,,,,,,,,,False,False
5339370576364729984,,,NGC3532,167.89522499119067,-59.21492499333112,2.920269,17.893303,0.4977234026232021,,,,,,,,,,,,False,False
5339415518898297984,,,NGC3532,168.30695107936108,-58.59166499866245,2.5691433,17.371082,0.4690648599411966,,,,,,,,,,,,False,False
5339416034300476032,,,NGC3532,168.2880095535511,-58.55250540102436,2.6317673,18.257725,0.4065383135939066,,,,,,,,,,,,False,False
5339416309175104128,,,NGC3532,168.24889176558457,-58.53473008609495,2.7857056,17.737444,0.4834636686861864,,,,,,,,,,,,False,False
5339416549696527872,,,NGC3532,168.15315073207182,-58.56457652441228,2.840559,17.82859,0.4866539853193993,,,,,,,,,,,,False,False
5339371229211987712,,,NGC3532,167.86827751659925,-59.14737124995475,2.4383354,17.18445,0.4543691953177842,,,,,,,,,,,,False,False
5339417271251173504,,,NGC3532,168.19035120581017,-58.48593938613119,2.7145996,18.40562000000001,0.4123485212715574,,,,,,,,,,,,False,False
5339372367414136448,,,NGC3532,168.05386206638633,-59.09315105830283,2.8571396,17.72604,0.5010908069002016,,,,,,,,,,,,False,False
5339372466147367936,,,NGC3532,168.0396024068239,-59.067503921600895,2.5455341,17.04627,0.500367872217526,,,,,,,,,,,,False,False
5339372607904527232,,,NGC3532,167.9446354190353,-59.112891223787614,2.858179,18.266323,0.4506045198959388,,,,,,,,,,,,False,False
5339418920518442752,,,NGC3532,167.9119199854668,-58.52359799858785,2.7188892000000005,17.660799,0.4757344925339464,,,,,,,,,,,,False,False
5339373359522108160,,,NGC3532,167.9277706958491,-59.05824331248967,1.8510332,15.499509,0.4738294104012133,,,,,,,,,,,,False,False
5339419646417503232,,,NGC3532,167.9064617412406,-58.482799264789406,0.63788223,11.701811,0.1025437940749157,8.844928,14.254437,1.6115944640815618,,,,,,,,,True,False
5339419783856472960,,,NGC3532,168.06679055045737,-58.5230403769594,2.3854733,15.882391,0.6455222049915276,,,,,,,,,,,,False,False
5339420432347087744,,,NGC3532,168.05407427531318,-58.4545528311845,2.9669685,18.401943,0.4605668834289695,,,,,,,,,,,,False,False
5339420745912007680,,,NGC3532,168.05174212799776,-58.431313477379895,2.813261,17.924313,0.4713086782402835,,,,,,,,,,,,False,False
5339374600796703616,,,NGC3532,167.79498904209171,-59.086624357919405,2.3250408,16.145704000000002,0.5649788498067805,,,,,,,,,,,,False,False
5339374665170613760,,,NGC3532,167.77175514623468,-59.07781337078664,2.548111,16.936888,0.5153914040023216,,,,,,,,,,,,False,False
5339374768271677056,,,NGC3532,167.690560896213,-59.13304469865823,1.6397266,14.954668,0.4632317037943625,,,,,,,,,,,,False,False
5339374806925224192,,,NGC3532,167.68643041850015,-59.117117960932895,2.8113117,18.420881,0.4295884081569746,,,,,,,,,,,,False,False
5339374871344031360,,,NGC3532,167.71762370157342,-59.111348241646006,2.3450642000000004,16.986227,0.4496989619225685,,,,,,,,,,,,False,False
5339421673625477632,,,NGC3532,167.9653128823042,-58.38252553920015,2.881525,17.947495999999994,0.4838764869980419,,,,,,,,,,,,False,False
5339422017223933184,,,NGC3532,167.7493591710053,-58.70775316909968,2.3830986000000003,16.404417000000002,0.5412374193599517,,,,,,,,,,,,False,False
5339333158603066624,,,NGC3532,168.2641267087169,-58.99784846476948,0.15707111,9.700342,0.1448435155294773,309.2475,87.11201,0.2816902642705276,,,,,,,,,True,True
5339422704434877056,,,NGC3532,167.770391285787,-58.62940164388039,0.15354824,9.6312475,0.1505995229432781,298.47174,41.690006,0.1396782355341246,,,,,,,,,True,True
5339422773154347648,,,NGC3532,167.748311524689,-58.62463891488229,2.073841,16.19112,0.4592615075345572,,,,,,,,,,,,False,False
5339422807514022528,,,NGC3532,167.71349866383508,-58.6471171636611,2.3524933,16.514751,0.5131203780410244,,,,,,,,,,,,False,False
5339423082375791104,,,NGC3532,167.6146639217884,-58.67044535324316,2.9398804,18.383234,0.4569337953850231,,,,,,,,,,,,False,False
5339423666507499648,,,NGC3532,167.64059265906334,-58.61169909211989,1.1341572,13.749410999999998,0.3121837229791942,,,,,,,,,,,,False,False
5339376387503191040,,,NGC3532,167.88185509507483,-59.04284119223068,1.5193682,14.608323,0.4606391727580135,,,,,,,,,,,,False,False
5339376456222673792,,,NGC3532,167.8431296537866,-59.02393720839222,1.4395618,13.848019,0.6685185792300864,,,,,,,,,,,,False,False
5339376628021361152,,,NGC3532,167.82581185451332,-59.02265266307912,1.4965763,14.677019,0.4255675658327958,,,,,,,,,,,,False,False
5339424383713572736,,,NGC3532,167.76552590038358,-58.59319252763728,2.4873161,16.917934,0.4998450279029013,,,,,,,,,,,,False,False
5339424452433042944,,,NGC3532,167.72963298143387,-58.59892001443978,2.7877388,17.627401000000006,0.4954960028592822,,,,,,,,,,,,False,False
5339424937818176000,,,NGC3532,167.77201277399988,-58.53455615478183,1.6465378000000002,14.962320000000002,0.466008896597065,,,,,,,,,,,,False,False
5339425040897246592,,,NGC3532,167.74263497112818,-58.54221006581172,1.5124702,14.721571,0.4271454828876806,,,,,,,,,,,,False,False
5339426002969978624,,,NGC3532,167.6996087536823,-58.50096908988497,0.962286,13.212896,0.2183114021785257,,,,,,,,,,,,False,False
5339377727532990720,,,NGC3532,167.7024234629277,-58.97918850789391,2.287445,16.403751,0.5071437685191292,,,,,,,,,,,,False,False
5339426170423336832,,,NGC3532,167.5859707865859,-58.48973583284538,2.9213505,18.412058,0.4510929283033901,,,,,,,,,,,,False,False
5339426380926723200,,,NGC3532,167.505261459121,-58.61570521702007,2.0396414000000003,15.9851885,0.4768502926872452,,,,,,,,,,,,False,False
5339426410941164288,,,NGC3532,167.510434620064,-58.6121568250369,2.4011383,16.711897,0.5008603966472098,,,,,,,,,,,,False,False
5339427235571885568,,,NGC3532,167.46035094093034,-58.5390613768648,2.3323270000000003,16.891293,0.4567349321307519,,,,,,,,,,,,False,False
5339427446078792448,,,NGC3532,167.44583067806127,-58.506305211658365,0.975934,13.394741,0.1803335556690949,,,,,,,,,,,,False,False
5339427480438349184,,,NGC3532,167.38392641400304,-58.57452138104933,3.0133018,18.214888,0.4859003474980947,,,,,,,,,,,,False,False
5339427824036169088,,,NGC3532,167.31172919781798,-58.53646594239825,1.7155513999999998,15.192205,0.4594621887445923,,,,,,,,,,,,False,False
5339428232004331136,,,NGC3532,167.39084116781453,-58.49086180567205,2.5752964,17.211052,0.4885865602111895,,,,,,,,,,,,False,False
5339428713043836544,,,NGC3532,167.57116027070126,-58.50723310744517,2.5883217,18.226776,0.4000446146689081,,,,,,,,,,,,False,False
5339380854270186368,,,NGC3532,168.1608057329645,-58.93250220551786,2.009798,15.759003,0.5027240333961522,,,,,,,,,,,,False,False
5339429434598473088,,,NGC3532,167.5117697921059,-58.44172144350093,2.8120937,17.826498,0.4804980674161462,,,,,,,,,,,,False,False
5339381777660260608,,,NGC3532,167.96248774872566,-58.89479919496896,2.5277996,17.06017,0.4935815218724506,,,,,,,,,,,,False,False
5339381988141452800,,,NGC3532,168.08375599559818,-58.88749002207836,2.543457,16.36559,0.6059003592254089,,,,,,,,,,,,False,False
5339431260010320896,,,NGC3532,167.7392605454499,-58.466878546682594,1.4139357,14.554668,0.3886429422618699,,,,,,,,,,,,False,False
5339383152027861504,,,NGC3532,167.8866420832107,-58.90993802819414,0.907774,12.939959,0.2180620696390038,,,,,,,,,,,,False,False
5339431633617332992,,,NGC3532,167.7737252078378,-58.44660764614304,0.9680662,12.59042,0.6905772090621597,,,,,,,,,,,,False,False
5339384217179847296,,,NGC3532,167.8142768281965,-58.86844910114425,1.3974848,14.388839,0.4158161115388643,,,,,,,,,,,,False,False
5339384217180501504,,,NGC3532,167.80172923425943,-58.8694379699294,2.1525269,16.013987,0.5191451020691149,,,,,,,,,,,,False,False
5339384324603338624,,,NGC3532,167.7330910529761,-58.88191087435143,0.5905961999999999,11.42284,0.1450204269728376,55.213642,49.27109,0.8923716714793059,,,,,,,,,True,False
5339384771253636608,,,NGC3532,167.95826123039794,-58.87408459154896,1.7141209,15.144870999999998,0.4685166827955439,,,,,,,,,,,,False,False
5339433248525078656,,,NGC3532,167.7938681318814,-58.41613204715662,0.97851086,13.208845000000002,0.252834768893968,,,,,,,,,,,,False,False
5339385247972600576,,,NGC3532,167.92614857137502,-58.83740931207871,2.5728626,17.607239,0.4463669116623836,,,,,,,,,,,,False,False
5339385595914009088,,,NGC3532,167.91216286042487,-58.80213895673064,2.0478573,15.866432,0.5004566645272643,,,,,,,,,,,,False,False
5339386175685078912,,,NGC3532,167.74998595227942,-58.800015917534544,1.8993587,15.649998000000002,0.4703743817216798,,,,,,,,,,,,False,False
5339386283108484992,,,NGC3532,167.85594227075345,-58.804645281658246,2.8341866,16.947943,0.5982983806263822,,,,,,,,,,,,False,False
5339435035232338304,,,NGC3532,167.69719395503554,-58.28753512605342,2.3600636,16.803062,0.4758975751771772,,,,,,,,,,,,False,False
5339435348819221376,,,NGC3532,167.60534237194167,-58.405923713288935,1.1476984,13.87911,0.291604011885564,,,,,,,,,,,,False,False
5339435383178956032,,,NGC3532,167.56287514374114,-58.39339274234218,1.085289,13.670848,0.2686294816499304,,,,,,,,,,,,False,False
5339387520060359296,,,NGC3532,167.61870377546748,-59.01805355720241,2.5489597,17.027662,0.5037132952170019,,,,,,,,,,,,False,False
5339387794937910528,,,NGC3532,167.55177175073538,-58.98761091637081,1.1920938,13.998593,0.3121468723284086,,,,,,,,,,,,False,False
5339436345251570944,,,NGC3532,167.42935626401066,-58.3726682307793,0.9324846,13.126107,0.1907713481030797,,,,,,,,,,,,False,False
5339388069816152192,,,NGC3532,167.49370907843877,-59.0221088171992,1.9665775,15.763168,0.4820688417861855,,,,,,,,,,,,False,False
5339388305988490880,,,NGC3532,167.44007753042052,-59.006897112294766,1.3923454,14.362526,0.4182669355446222,,,,,,,,,,,,False,False
5339436620129507072,,,NGC3532,167.37892696236082,-58.34141405779289,2.1696062,15.790875,0.5696029176780237,,,,,,,,,,,,False,False
5339388413413089280,,,NGC3532,167.41627360833348,-58.98621472409749,0.57561874,11.341151,0.1608808610035991,,,,,,,,,,,,False,False
5339436821938476416,,,NGC3532,167.5020114860522,-58.3420685831877,1.8233232,15.378032,0.4828628074251105,,,,,,,,,,,,False,False
5339388550852104576,,,NGC3532,167.46685240628312,-58.97828370350864,2.1170225,15.967343,0.5124895814030916,,,,,,,,,,,,False,False
5339388718307331328,,,NGC3532,167.42773268406643,-58.97840537842189,3.1788235,17.762712,0.5705101750985484,,,,,,,,,,,,False,False
5339388722650768896,,,NGC3532,167.440141545069,-58.981629427986256,0.25179482,10.365263,0.0936449458842619,,,,,,,,,,,,False,False
5339388894449565952,,,NGC3532,167.4624123964607,-58.94624875736728,1.0014315,13.375820999999998,0.2314905618107354,,,,,,,,,,,,False,False
5339389061904738816,,,NGC3532,167.6151989422954,-58.99260343076136,2.6482391,18.287195,0.4077330258298103,,,,,,,,,,,,False,False
5339389199341734016,,,NGC3532,167.6117920137996,-58.96151604247119,2.1043606,16.142054,0.4785113041223566,,,,,,,,,,,,False,False
5339437685281654912,,,NGC3532,167.57102529870198,-58.30322794906508,2.5197830000000003,18.135656,0.3923936711019954,,,,,,,,,,,,False,False
5339437719641364224,,,NGC3532,167.52472874433482,-58.2972335990635,2.1423283,16.188972,0.4861318781188263,,,,,,,,,,,,False,False
5339389650363986816,,,NGC3532,167.61388156644978,-58.92516019825972,0.8214959999999999,12.607912,0.1550651045322585,,,,,,,,,,,,False,False
5339389886536582912,,,NGC3532,167.55767787764228,-58.92400377902798,1.4571934,14.574329,0.4192785478771212,,,,,,,,,,,,False,False
5339390097016087296,,,NGC3532,167.51583791080722,-58.96018098586367,2.6835365,17.211447,0.5178098742650322,,,,,,,,,,,,False,False
5339390298854084352,,,NGC3532,167.4839886950811,-58.91979359389922,2.7169724,17.512522,0.4909169482949047,,,,,,,,,,,,False,False
5339438784793295488,,,NGC3532,167.46622230018178,-58.26244280797136,0.04790783,8.797267,0.0775245006171313,,,,,,,,,,,,False,True
5339390406278127104,,,NGC3532,167.45254595951266,-58.91334553069869,0.8672552,12.793904,0.1865857423456879,,,,,,,,,,,,False,False
5339438853512774656,,,NGC3532,167.41912700150812,-58.24473961005857,0.9356108,13.089876,0.213050360914061,,,,,,,,,,,,False,False
5339390715491906304,,,NGC3532,167.48984943969572,-58.89416525803459,2.9079208,18.33438,0.4547686547139962,,,,,,,,,,,,False,False
5339391162192548352,,,NGC3532,167.45867176974255,-58.84107026087615,1.9090939,15.58107,0.4877901221257623,,,,,,,,,,,,False,False
5339391402710307328,,,NGC3532,167.33223036073946,-58.96437985582914,1.4043217,14.48538,0.3970862161006687,,,,,,,,,,,,False,False
5339392777075085952,,,NGC3532,167.16643555739276,-58.90183976992535,2.6745490000000003,17.912966,0.442130406575215,,,,,,,,,,,,False,False
5339393116352114432,,,NGC3532,167.1928730480876,-58.88331747937042,0.86669064,12.782702,0.1913876591052234,,,,,,,,,,,,False,False
5339393155057101184,,,NGC3532,167.20772902385158,-58.86743047177611,1.0354929,13.517910999999998,0.2410739083861477,,,,,,,,,,,,False,False
5339393292496113408,,,NGC3532,167.2307865444674,-58.85199271093413,1.992177,15.798429,0.4875660723450599,,,,,,,,,,,,False,False
5339393292501472768,,,NGC3532,167.2174453659632,-58.84438342247813,1.3611498,14.427173000000002,0.3737044121102438,,,,,,,,,,,,False,False
5339393459949453568,,,NGC3532,167.35756776232202,-58.89454052231304,2.2094593,16.438295,0.4743936626890593,,,,,,,,,,,,False,False
5339393601733838720,,,NGC3532,167.38994821223957,-58.87442190691208,1.8890724,15.581415,0.4777691982641528,,,,,,,,,,,,False,False
5339393872266415872,,,NGC3532,167.31248201916617,-58.84738011242161,2.3179474,16.554338,0.4955584903464593,,,,,,,,,,,,False,False
5339393979691043456,,,NGC3532,167.4256610842219,-58.8506081537508,0.30151844,10.533717,0.0896136101797066,19.702122,3.786399,0.19218229386662006,,,,,,,,,True,False
5339394082747558656,,,NGC3532,167.427299626479,-58.83583573797457,2.1629734,16.679052,0.4283477235432739,,,,,,,,,,,,False,False
5339394151489779456,,,NGC3532,167.40433939155557,-58.82540810799178,1.1845446000000002,13.994089,0.3046927881780041,,,,,,,,,,,,False,False
5339394323288436608,,,NGC3532,167.33890668083782,-58.8167515210183,1.7752075,15.364489,0.4592607286839156,,,,,,,,,,,,False,False
5339394426367694080,,,NGC3532,167.3300054342706,-58.79637736946007,0.86593056,12.844015,0.1556788254082577,,,,,,,,,,,,False,False
5339394529446757376,,,NGC3532,167.2814328721739,-58.84427562141211,2.0505562,16.007057,0.4779008197242769,,,,,,,,,,,,False,False
5339394632525985920,,,NGC3532,167.30482399235666,-58.84695408514482,1.1002665,13.701033,0.2806247509468347,,,,,,,,,,,,False,False
5339394769964908928,,,NGC3532,167.2231257124036,-58.83103550098356,0.028756142,9.031436,0.0511545912261904,,,,,,,,,,,,False,True
5339394873021033600,,,NGC3532,167.19205979932792,-58.80546590489074,1.2070903999999998,14.055527,0.3141073189277562,,,,,,,,,,,,False,False
5339394903058980352,,,NGC3532,167.2340379096491,-58.80834637730906,2.3492832000000003,16.4771,0.5177270298338179,,,,,,,,,,,,False,False
5339395697678412416,,,NGC3532,167.6496884732608,-58.88994045727425,1.1817627,13.991563,0.3021603788121331,,,,,,,,,,,,False,False
5339395800757651200,,,NGC3532,167.64100984976963,-58.87376811130307,1.7357855,15.244326999999998,0.4607104024274042,,,,,,,,,,,,False,False
5339395938197069056,,,NGC3532,167.5775498419524,-58.86548200827551,2.4649162,16.63556,0.532614462956133,,,,,,,,,,,,False,False
5339396041275855360,,,NGC3532,167.63285195670537,-58.8554597879744,0.924695,13.106206,0.1818167388524173,,,,,,,,,,,,False,False
5339396075635581056,,,NGC3532,167.59198762198685,-58.84615342137316,1.5760126,14.87116,0.4388006589335249,,,,,,,,,,,,False,False
5339396247434358912,,,NGC3532,167.67038210076123,-58.837641977186536,2.6857014,17.604939,0.4735527415559222,,,,,,,,,,,,False,False
5339396586707695488,,,NGC3532,167.63724133657126,-58.80270887371617,1.830946,15.462931,0.4703192427727026,,,,,,,,,,,,False,False
5340424733136578944,,,NGC3532,165.33944980759046,-58.1520750123717,2.4662704,17.279970000000002,0.4518204371992035,,,,,,,,,,,,False,False
5340425179833233152,,,NGC3532,165.28604348462494,-58.089885806336746,2.7499409,18.18912000000001,0.435216416183131,,,,,,,,,,,,False,False
5340425424653756800,,,NGC3532,165.37864256872845,-58.07540844466361,2.346136,15.904631,0.6232492085705256,,,,,,,,,,,,False,False
5340425592131699712,,,NGC3532,165.31865827360895,-58.07481147740363,2.5835,17.13665,0.4997759674595295,,,,,,,,,,,,False,False
5340425901367687168,,,NGC3532,165.20827450078653,-58.08561491232354,2.75169,17.795038,0.4700020230493902,,,,,,,,,,,,False,False
5340428654469245440,,,NGC3532,165.26732686292985,-57.95301771738677,0.90057945,13.018608,0.1631495097474104,,,,,,,,,,,,False,False
5340428688829001344,,,NGC3532,165.2756604144989,-57.93638866121295,0.063687325,9.602594,0.0412797986332204,86.64686,13.033659,0.1504227504608938,,,,,,,,,True,True
5340429238554667392,,,NGC3532,165.10631347146798,-58.035756396152365,2.7209797000000004,17.6853,0.4737537074348243,,,,,,,,,,,,False,False
5340429238584644352,,,NGC3532,165.1105117154923,-58.03637107367221,1.1229162,13.778171,0.288451220132654,,,,,,,,,,,,False,False
5340433701028349184,,,NGC3532,165.42831081610774,-57.92235073260229,2.5765324,17.06636,0.5066368826130587,,,,,,,,,,,,False,False
5340433842790180992,,,NGC3532,165.36459198124942,-57.92284575739144,1.990428,15.774703,0.4909739915423869,,,,,,,,,,,,False,False
5338501966521497088,,,NGC3532,166.59873701627663,-59.695446455269696,2.9421349,17.871029999999994,0.5048480479534161,,,,,,,,,,,,False,False
5338502722397673856,,,NGC3532,166.60389655907838,-59.60448503100402,3.1202507,18.668772,0.4671486364063231,,,,,,,,,,,,False,False
5338503203472388096,,,NGC3532,166.45719505881442,-59.712627622564256,1.0889768999999998,13.511366,0.3287800470665833,,,,,,,,,,,,False,False
5338504646581064064,,,NGC3532,166.38289836611258,-59.63164154150768,2.449253,17.552238,0.421578429517711,,,,,,,,,,,,False,False
5338505986611140992,,,NGC3532,166.52508943087474,-59.55974568672546,1.7531824,15.273894,0.4647527005401484,,,,,,,,,,,,False,False
5338509594384481536,,,NGC3532,166.20191306013436,-59.71610819388877,1.5485077,14.751265,0.446938791697849,,,,,,,,,,,,False,False
5338511071853315456,,,NGC3532,166.12699904009415,-59.650792113953656,2.0617676,15.743309,0.5297507922081494,,,,,,,,,,,,False,False
5338513816286587136,,,NGC3532,165.99451754445658,-59.64730483488879,2.6059742000000004,17.407768,0.4745500239183419,,,,,,,,,,,,False,False
5338515637349887872,,,NGC3532,165.88479687857637,-59.5356317004654,0.49779797,11.067361,0.1371439613604151,58.8042,29.459906,0.5009830250220222,,,,,,,,,True,False
5337711142780648704,,,NGC3532,166.82050489106553,-60.33338999734406,0.5815983,11.169282,0.3161349899348264,,,,,,,,,,,,False,False
5337712414091411328,,,NGC3532,166.69210788455064,-60.24533508025844,0.1891756,9.496142,0.2117616297038776,291.84726,9.755082,0.03342529924728435,,,,,,,,,True,True
5337740657798275072,,,NGC3532,166.86764246233756,-59.94989835197272,1.1074076,13.540737,0.3465387903785594,,,,,,,,,,,,False,False
5337743062980427392,,,NGC3532,167.08333592006562,-59.9755108984419,2.0731478,15.476684,0.5938275249488952,,,,,,,,,,,,False,False
5337743990693614464,,,NGC3532,167.06756060536745,-59.90368673095809,1.6864471,15.099409,0.4612632926015336,,,,,,,,,,,,False,False
5337748629258254336,,,NGC3532,166.98696238445297,-59.82479499780808,1.9826765,15.864251,0.4720811390219049,,,,,,,,,,,,False,False
5337749556970932608,,,NGC3532,166.96037826088386,-59.75193314971691,2.143774,15.960022,0.5251381036575977,,,,,,,,,,,,False,False
5337750278525426688,,,NGC3532,166.89581308967863,-59.743873353886016,1.8181515,15.307064,0.4946947604159279,,,,,,,,,,,,False,False
5337773982396061184,,,NGC3532,167.89766876908888,-60.057272521706416,0.70705795,11.761827,0.4044843233779663,,,,,,,,,,,,False,False
5337776254481767296,,,NGC3532,167.90743665804706,-59.94889780399951,1.7376499,15.208206,0.4692090171844854,,,,,,,,,,,,False,False
5337779278139220224,,,NGC3532,168.15007991156173,-59.8815347650543,2.2015,15.588743,0.6312753128666163,,,,,,,,,,,,False,False
5337785669050700032,,,NGC3532,167.9586152785426,-59.7252895106808,1.110177,13.503833,0.3658309061070722,,,,,,,,,,,,False,False
5337791166609212800,,,NGC3532,168.60160169495336,-59.864530876857074,1.9968367,15.999637,0.4566538571130472,,,,,,,,,,,,False,False
5337792266120849408,,,NGC3532,168.46781887704623,-59.8166962407476,1.0021133,13.08651,0.3640280321107234,,,,,,,,,,,,False,False
5337798519594113536,,,NGC3532,168.78027374293237,-59.63941229087933,1.4350958,14.53721,0.4102677232055024,,,,,,,,,,,,False,False
5337801783769236480,,,NGC3532,168.64069753417826,-59.60625280833335,1.7443733,15.114407,0.4937341464646059,,,,,,,,,,,,False,False
5337808690077211008,,,NGC3532,168.15610925633882,-59.67141162393734,1.34303,14.387058,0.3671467410954149,,,,,,,,,,,,False,False
5337815080989275904,,,NGC3532,168.51923996475566,-59.514885994315954,1.1182928,13.493839,0.3831827980238917,,,,,,,,,,,,False,False
5337818791840937600,,,NGC3532,168.07750900105884,-59.4237030624321,1.1041231,13.742454,0.2736622955705536,,,,,,,,,,,,False,False
5337819960072200320,,,NGC3532,168.1930204485366,-59.35134725734425,1.5873508,14.897253,0.4407967917472696,,,,,,,,,,,,False,False
5337820299324833152,,,NGC3532,168.09636907296704,-59.39982056826665,0.7616596,12.287483,0.1544624916162374,,,,,,,,,,,,False,False
5337820372388956928,,,NGC3532,168.04449843460063,-59.37768483775353,2.4822788,16.84627,0.5078477550538146,,,,,,,,,,,,False,False
5337820509827944704,,,NGC3532,168.05529876472198,-59.359299632208966,0.83994484,12.732683,0.1390745924264513,,,,,,,,,,,,False,False
5337826488422891008,,,NGC3532,167.48935911816102,-59.84596142122813,1.7872028,15.145262,0.5127613169279297,,,,,,,,,,,,False,False
5337829271561783040,,,NGC3532,167.37391757107366,-59.75795996660958,1.7355757,15.035676,0.5067197305529427,,,,,,,,,,,,False,False
5337833463450357120,,,NGC3532,167.68990320966077,-59.68641798186753,1.2579126,14.091559,0.3598192068394082,,,,,,,,,,,,False,False
5337833905782672128,,,NGC3532,167.77871147593393,-59.61984038364762,1.1110287,13.722316,0.2890663802334037,,,,,,,,,,,,False,False
5337848066340980224,,,NGC3532,167.39238395090766,-59.61421520075489,1.7142582,15.186762,0.4598133668529953,,,,,,,,,,,,False,False
5337865967747145344,,,NGC3532,167.92360394367424,-59.39136566270746,0.02801752,7.9972034,0.0328292102642862,79.14266,4.97745,0.06289212417171725,,,,,,,,,True,True
5337870331452735104,,,NGC3532,167.72735037236544,-59.29897372041033,1.2771664,13.781048,0.4912551098894571,,,,,,,,,,,,False,False
5337873252030216960,,,NGC3532,167.59354551193377,-59.1773263948673,2.0822067,15.442167,0.6071463567671858,,,,,,,,,,,,False,False
5337874901298743296,,,NGC3532,167.3738576879625,-59.36717239825824,1.0404959,12.860605,0.627259861502728,,,,,,,,,,,,False,False
5337876825444250112,,,NGC3532,167.4764453347275,-59.2955666738847,1.517375,14.592828,0.4631670079164952,,,,,,,,,,,,False,False
5337880536295569920,,,NGC3532,167.21887693619803,-59.270018633293,0.97970104,12.492891,0.8616082539696144,,,,,,,,,,,,False,False
5337883594313488768,,,NGC3532,167.44969449339015,-59.19036005068456,1.4059772,14.36972,0.4287365677195742,,,,,,,,,,,,False,False
5337888645194598528,,,NGC3532,167.0910439698245,-59.08229575427506,,,,,,,,,,,,,,,False,False
5337889366749268352,,,NGC3532,167.28769446389222,-59.06663676627513,0.7675791,12.099233,0.3530164308484045,,,,,,,,,,,,False,False
5337890638059585536,,,NGC3532,167.16038776594613,-59.0238071887173,1.6196699,14.9498,0.4509598474864734,,,,,,,,,,,,False,False
5338140502077457792,,,NGC3532,165.429328017219,-60.283932870694095,1.3365641,14.307218,0.381104294778706,,,,,,,,,,,,False,False
5338149774858276352,,,NGC3532,165.44155171733922,-60.029205040463886,2.020238,15.882707,0.4854943475995167,,,,,,,,,,,,False,False
5338364076542163712,,,NGC3532,164.14719808130042,-59.62187764942626,0.79484177,12.203597,0.3764980776210976,,,,,,,,,,,,False,False
5338455099834977920,,,NGC3532,166.5324546276526,-60.35122062461948,1.0802727,13.558487,0.2977392310034995,,,,,,,,,,,,False,False
5338470389919107712,,,NGC3532,166.40947055182747,-59.99389730340293,1.6649008,14.999475,0.4696048991097746,,,,,,,,,,,,False,False
5338471725606291840,,,NGC3532,166.2269068275744,-59.92156870859743,2.2813969,16.332382,0.5160861392757408,,,,,,,,,,,,False,False
5338473379216741760,,,NGC3532,165.8334315756448,-60.16746627815962,0.9421253,13.004593,0.2695403017717727,,,,,,,,,,,,False,False
5338479598329798144,,,NGC3532,165.79350270425252,-59.93251974866275,1.7314539,15.243007,0.458468111455994,,,,,,,,,,,,False,False
5338491349361910784,,,NGC3532,166.54308403909442,-59.93676264484368,1.8830881,15.454688,0.4993052782972352,,,,,,,,,,,,False,False
5338496881279410688,,,NGC3532,166.49158632911343,-59.7833736164499,2.3397102,16.318275,0.5398721275515923,,,,,,,,,,,,False,False
5338496949998888576,,,NGC3532,166.4631224542418,-59.77295253063312,2.2022705,16.237398,0.5015866177761188,,,,,,,,,,,,False,False
5338499660071570432,,,NGC3532,166.62904072157193,-59.77039775409098,0.79194355,11.718317,0.8902556417899349,10.520417,20.841154,1.9810197637603149,,,,,,,,,True,False
5338506364568041472,,,NGC3532,166.35908323929945,-59.597645004283024,1.4609337,13.928359,0.6532468376397066,,,,,,,,,,,,False,False
5338507498440149632,,,NGC3532,166.13943378696544,-59.81993546049267,1.9832163,15.716645,0.4981922943829997,,,,,,,,,,,,False,False
5338522960323565056,,,NGC3532,165.9928467491716,-59.43039029058684,1.4118032,14.460082,0.4098373563773769,,,,,,,,,,,,False,False
5338523711888399488,,,NGC3532,165.98286864839005,-59.42191682037469,0.72215176,11.827824,0.4203250562058047,45.334164,48.24175,1.0641367512589401,,,,,,,,,True,False
5338529041998173056,,,NGC3532,165.4563870527287,-59.809321044370144,1.3046665,14.261936,0.3621765413342382,,,,,,,,,,,,False,False
5338532404905207424,,,NGC3532,165.29178098410222,-59.74576730879392,2.3543892,16.525307,0.5121887137419123,,,,,,,,,,,,False,False
5338533852361826048,,,NGC3532,165.58203953182596,-59.82841186512952,0.5941801,11.301832,0.268083221120128,,,,,,,,,,,,False,False
5338534951873462016,,,NGC3532,165.46959825440828,-59.78364590942182,1.9997196,15.790901,0.4923241496260481,,,,,,,,,,,,False,False
5338536841659460224,,,NGC3532,165.61511074200283,-59.6399473499854,1.5255566,14.760197,0.4279214187948222,,,,,,,,,,,,False,False
5338543851046712704,,,NGC3532,164.89613284435697,-59.76700692671768,0.9052429,12.859985,0.2557751591946411,,,,,,,,,,,,False,False
5338546015710291328,,,NGC3532,164.9172292396937,-59.68009221963887,0.72381496,11.867843,0.3890211904125694,,,,,,,,,,,,False,False
5338547974214948480,,,NGC3532,164.7116594858253,-59.68518761459184,0.51142025,10.986469,0.2348165698768018,162.37137,63.35148,0.3901641034376935,,,,,,,,,True,False
5338548352172076672,,,NGC3532,164.66990810394378,-59.656686746669415,0.8229952,12.360855,0.3618919925573917,,,,,,,,,,,,False,False
5338556491082010368,,,NGC3532,164.88694988695923,-59.4736971821393,0.84007454,12.613741,0.2160071524023172,,,,,,,,,,,,False,False
5338559209850275968,,,NGC3532,164.7976917877783,-59.39813028177526,0.04994583,8.233062,0.0637626348509618,,,,,,,,,,,,False,True
5338575496368082944,,,NGC3532,165.62801665803795,-59.261549687849104,1.7096043,15.181391,0.4581473330581035,,,,,,,,,,,,False,False
5338576802037912576,,,NGC3532,165.4159001174146,-59.20424118081453,2.2243109,15.42809,0.6863329751167503,,,,,,,,,,,,False,False
5338579516457902464,,,NGC3532,165.10516548925264,-59.341067257174224,1.0307713,13.436468,0.260828178553973,,,,,,,,,,,,False,False
5338587002530150016,,,NGC3532,165.36207475532836,-59.22215780604478,0.6915455,11.721884,0.3624196967779705,,,,,,,,,,,,False,False
5338590236697201920,,,NGC3532,165.29945391794664,-59.08597202189406,0.45196915,11.021164,0.0509128965784566,,,,,,,,,,,,False,False
5338593810109730816,,,NGC3532,165.14336300922668,-59.01740992294889,2.407734,16.115116,0.6037714966381654,,,,,,,,,,,,False,False
5338596180918449024,,,NGC3532,166.77424907026574,-59.559027332498495,1.1428986,13.633431,0.3645737404843194,,,,,,,,,,,,False,False
5338603873162842624,,,NGC3532,166.46126017891788,-59.33016022941698,,,,,,,,,,,,,,,False,False
5338606488840838272,,,NGC3532,166.83920467096112,-59.342790490576654,1.8379354,14.741717,0.6641525959242546,,,,,,,,,,,,False,False
5338606729359319808,,,NGC3532,166.96846572766478,-59.33013804957604,0.7969246,11.790566,0.8511967028853343,,,,,,,,,,,,False,False
5338609168900342528,,,NGC3532,166.63336220212767,-59.30921041199556,0.21770191,10.142111,0.1281145215103393,,,,,,,,,,,,False,True
5338610715088795264,,,NGC3532,166.7256950179735,-59.24858012335584,0.7823477,12.421956,0.1389088153225634,,,,,,,,,,,,False,False
5338612192557581952,,,NGC3532,166.61535561911973,-59.19735894325666,1.4322796,14.413933,0.4401038241986244,,,,,,,,,,,,False,False
5338617346475526016,,,NGC3532,166.1087530601407,-59.35450468796618,2.3186083,15.514081,0.7105451845399829,,,,,,,,,,,,False,False
5338619339383803520,,,NGC3532,166.16598215626837,-59.29523217578203,1.3804817,14.469055,0.3805813593616142,,,,,,,,,,,,False,False
5338619884795872640,,,NGC3532,166.18478349753417,-59.24269364691558,1.6341963,14.718278,0.5194236291290936,,,,,,,,,,,,False,False
5338623492568738304,,,NGC3532,166.27988996827395,-59.146955926092055,2.1242046,15.295296,0.6702080178436172,,,,,,,,,,,,False,False
5338623767446093312,,,NGC3532,166.46778872412432,-59.17672557367428,0.72115326,12.055466,0.1721793816280131,,,,,,,,,,,,False,False
5338626211332039680,,,NGC3532,166.15545480572192,-59.17136288074465,2.0023956,15.216452,0.622748155607515,,,,,,,,,,,,False,False
5338627753176720640,,,NGC3532,166.118055630688,-59.06019957793033,1.1729822,13.945467,0.3041399541544018,,,,,,,,,,,,False,False
5338627890614688384,,,NGC3532,166.05444232547032,-59.0560888238661,0.55201054,11.220665,0.1788831950658777,23.841915,13.046292,0.547199836925851,,,,,,,,,True,False
5338628753953058560,,,NGC3532,166.2509785752168,-59.0450507186251,0.84046364,12.752957,0.1294441142085732,,,,,,,,,,,,False,False
5338632258646938880,,,NGC3532,166.832570438348,-59.16990679332763,0.9139614,12.976612,0.2150686376376028,,,,,,,,,,,,False,False
5338635557181843840,,,NGC3532,166.71550554026166,-59.12036973991131,1.9788961,15.796958,0.4817992038865125,,,,,,,,,,,,False,False
5338637928004227840,,,NGC3532,166.7764533907936,-58.99343941694883,1.077755,13.578389,0.2870316340217682,,,,,,,,,,,,False,False
5338639474192795520,,,NGC3532,166.98056388622302,-59.064567026910375,0.36387253,10.015577,0.3643776704234218,49.967266,12.119635,0.2425514936118378,,,,,,,,,True,False
5338641570137270144,,,NGC3532,167.07779598465828,-58.948743809482416,0.70726967,12.039292,0.1193729893316311,,,,,,,,,,,,False,False
5338642222972346624,,,NGC3532,167.0367830131779,-58.91816120914641,0.891552,12.440134,0.5729090379826521,,,,,,,,,,,,False,False
5338643253764507136,,,NGC3532,166.9432897451902,-58.88302943687548,0.22605228,10.128634,0.1441088038250588,,,,,,,,,,,,False,True
5338643872203846272,,,NGC3532,166.72860347682823,-58.96080983838843,1.7232256,15.238233,0.4546524047627739,,,,,,,,,,,,False,False
5338644147117395328,,,NGC3532,166.8278476184142,-58.9500035138598,1.6811733,15.142023,0.4491102348213884,,,,,,,,,,,,False,False
5338644250196732032,,,NGC3532,166.85034127236716,-58.915265969210765,,,,,,,,,,,,,,,False,False
5338644456355100288,,,NGC3532,166.76820033100648,-58.90753340504809,1.4491272,14.170871,0.5348642898585086,,,,,,,,,,,,False,False
5338645074830317056,,,NGC3532,166.65608484934964,-58.8943693034383,2.074173,16.061472,0.4789676994964948,,,,,,,,,,,,False,False
5338645658945982208,,,NGC3532,166.64571787677303,-58.8512559946382,2.5243645,16.737745,0.5363952978474636,,,,,,,,,,,,False,False
5338645796384995712,,,NGC3532,166.82110083411834,-58.89130551278724,2.2316418,16.079628,0.5398424234949815,,,,,,,,,,,,False,False
5338646483579981696,,,NGC3532,166.87397974746366,-58.834597427096256,0.9307766,13.033188,0.2280530682906605,,,,,,,,,,,,False,False
5338646552299416064,,,NGC3532,166.8312054812841,-58.83486432264987,1.8206539,14.252642,0.8684564544084802,,,,,,,,,,,,False,False
5338646621018893696,,,NGC3532,166.7989295131365,-58.82301063848009,1.7028656,14.86097,0.5296397194720649,,,,,,,,,,,,False,False
5338647102055367552,,,NGC3532,166.69565352616365,-58.83376328522081,0.92229843,12.347557,0.8050251185808044,,,,,,,,,,,,False,False
5338647544391469184,,,NGC3532,166.79250668537432,-58.78780989811769,1.9929428,15.3744335,0.5760549651770259,,,,,,,,,,,,False,False
5338647789250077568,,,NGC3532,166.72828219033053,-58.76941712073534,0.11720085,9.6338825,0.104237624861502,,,,,,,,,,,,False,True
5338648201567341568,,,NGC3532,166.46159780341563,-59.07622832426846,1.8682461,15.489862,0.4845687046267605,,,,,,,,,,,,False,False
5338649507237473792,,,NGC3532,166.31181485455775,-58.98596219751444,0.75452995,12.092455,0.2972002347874919,,,,,,,,,,,,False,False
5338649747755780224,,,NGC3532,166.440595704724,-58.96597919570574,1.2566195,14.112412,0.3526838070900798,,,,,,,,,,,,False,False
5338649816475268224,,,NGC3532,166.39829826074245,-58.94586443769831,1.5207834,14.77139,0.4218745900231503,,,,,,,,,,,,False,False
5338650228792153728,,,NGC3532,166.52446445485012,-58.97816069108632,1.109518,13.789579,0.2675629057619434,,,,,,,,,,,,False,False
5338650641109076480,,,NGC3532,166.47603473090822,-58.93074295398261,2.3115215,16.61622,0.4848035513657076,,,,,,,,,,,,False,False
5338650950346745984,,,NGC3532,166.52166382575493,-58.93506299458544,0.67500305,11.871747,0.1241310833118861,,,,,,,,,,,,False,False
5338651878059715072,,,NGC3532,166.4330009521901,-58.88590784659826,1.7462206,14.667272,0.6207308840157211,,,,,,,,,,,,False,False
5338652084218154112,,,NGC3532,166.39908184473057,-58.87006376793046,0.706151,11.606029,0.537998363658779,42.920906,59.51643,1.3866536274886647,,,,,,,,,True,False
5338652217315646464,,,NGC3532,166.43062391939267,-58.848197577118455,1.6783514,14.662587,0.5697851862697194,,,,,,,,,,,,False,False
5338653836564519936,,,NGC3532,166.1322265617914,-58.91702605103409,1.4576397,14.702211,0.3901375482629192,,,,,,,,,,,,False,False
5338653939644113152,,,NGC3532,166.11373712916608,-58.886597220531606,1.2371569,13.615177,0.5114024613115301,,,,,,,,,,,,False,False
5338655245314145152,,,NGC3532,166.36927188079338,-58.82523497188156,0.94909,12.317951,0.9554228950863988,,,,,,,,,,,,False,False
5338655863789524736,,,NGC3532,166.2017812495046,-58.80919880903166,2.3095417,16.25552,0.5392906066217676,,,,,,,,,,,,False,False
5338656207386937728,,,NGC3532,166.24925356753175,-58.80310124830825,0.1261816,9.240947,0.1566734597638935,176.51236,25.02087,0.14175137650417227,,,,,,,,,True,True
5338656310466148096,,,NGC3532,166.2348367159259,-58.79128476307049,,,,,,,,,,,,,,,False,False
5338656654063486464,,,NGC3532,166.14976695917764,-58.755779563673336,1.1371341,6.7624354,0.5799778140039713,8.216041,0.6549736,0.0797188816365449,,,,,,,,,True,False
5338656894582084480,,,NGC3532,166.6077754798655,-58.87441322895514,1.0855474,13.150551,0.5068931873063695,,,,,,,,,,,,False,False
5338657272509576960,,,NGC3532,166.62757340052434,-58.86182054398165,,,,,,,,,,,,,,,False,False
5338658161546304256,,,NGC3532,166.3987045754854,-58.81883846040549,1.1087446,13.48438,0.3717056203180799,,,,,,,,,,,,False,False
5338658268971641088,,,NGC3532,166.43671033841602,-58.79841309254563,1.04358,13.337014,0.3227289451965805,,,,,,,,,,,,False,False
5338658646928776832,,,NGC3532,166.4362672628133,-58.789657680030366,0.97233677,13.291493,0.20821696468877,,,,,,,,,,,,False,False
5338659162324993280,,,NGC3532,166.61385457001956,-58.7629899222458,0.20652962,8.8179245,0.2547845918893466,,,,,,,,,,,,False,True
5338659265404154880,,,NGC3532,166.56394436918646,-58.78391755513663,0.38472652,10.764023,0.1027071133366491,35.51476,17.966833,0.505897632420999,,,,,,,,,True,False
5338659368455799680,,,NGC3532,166.5830110533236,-58.74687205868867,0.965415,13.283275,0.1979917877867442,,,,,,,,,,,,False,False
5338659437202904960,,,NGC3532,166.55280782960185,-58.73801576285143,0.121572495,8.377727,0.1390748743939029,190.29912,12.1022625,0.06359599823688097,,,,,,,,,True,True
5338659535933686016,,,NGC3532,166.62092278120645,-58.75039207487277,0.69210815,11.658874,0.4245938807533033,,,,,,,,,,,,False,False
5338659712080879232,,,NGC3532,166.63094049282364,-58.711707921342914,1.6938982,15.16326,0.4524593648558792,,,,,,,,,,,,False,False
5338660193117160064,,,NGC3532,166.53607245924007,-58.724257684316974,0.65643215,11.342957,0.4872270439644851,,,,,,,,,,,,False,False
5338660502354794880,,,NGC3532,166.45603552846794,-58.703281306067936,0.13445759,9.46181,0.147402639846728,,,,,,,,,,,,False,True
5338660807243994112,,,NGC3532,166.5347825123307,-58.67071588886967,0.073459625,9.796571,0.0190825414333523,,,,,,,,,,,,False,True
5338660880311963776,,,NGC3532,166.4779867565451,-58.67521118901768,0.047055244,9.0783415,0.0708518617700763,,,,,,,,,,,,False,True
5338660914671686144,,,NGC3532,166.4490485480109,-58.68045161551131,0.8879347,12.161261,0.8521146992482838,,,,,,,,,,,,False,False
5338661498787340416,,,NGC3532,166.28011025935822,-58.76202512483087,1.8697815,15.46254,0.4907413010540945,,,,,,,,,,,,False,False
5338661808024777856,,,NGC3532,166.38694254555142,-58.73048888643667,0.06813049,8.857903,0.0999819546329254,,,,,,,,,,,,False,True
5338661838036152832,,,NGC3532,166.4190787572727,-58.73138197372965,0.13014698,8.582144,0.1606539835336334,,,,,,,,,,,,False,True
5338662147273795456,,,NGC3532,166.322572952154,-58.70554348943573,0.45546627,10.902959,0.1558779426471529,,,,,,,,,,,,False,False
5338662426500248576,,,NGC3532,166.22563814689775,-58.71899118685187,0.19524193,9.315726,0.2352728992494801,,,,,,,,,,,,False,True
5338662632629739904,,,NGC3532,166.21289211548287,-58.71665670640007,,,,,,,,,,,,,,,False,False
5338662804457415296,,,NGC3532,166.27847904121745,-58.711888903812365,1.3824024,14.459739,0.3844674931435149,,,,,,,,,,,,False,False
5338663074993362176,,,NGC3532,166.22228044504905,-58.68136164152904,,,,,,,,,,,,,,,False,False
5338663697810677504,,,NGC3532,166.33204220504388,-58.67242288705232,0.7567396,12.204249,0.2012909539109379,,,,,,,,,,,,False,False
5338663732170436352,,,NGC3532,166.35657630751294,-58.66883889818733,1.5904913,14.972405,0.4267271421839278,,,,,,,,,,,,False,False
5338663869609437952,,,NGC3532,166.4277638856921,-58.67554562559346,0.90013885,13.025015,0.1593676384399534,,,,,,,,,,,,False,False
5338663903941036800,,,NGC3532,166.4373731238838,-58.65945049000212,1.1811457,13.035039,0.8155799078745822,,,,,,,,,,,,False,False
5338663938328899840,,,NGC3532,166.39169032839678,-58.65258127697032,0.6788149,11.920675,0.093413252947291,,,,,,,,,,,,False,False
5338664483740086144,,,NGC3532,166.26760495252122,-58.65955894023874,2.3369389,16.691195,0.483043679148256,,,,,,,,,,,,False,False
5338664728602759168,,,NGC3532,166.24491139069676,-58.63775446078501,2.323965,16.347998,0.5291521097693839,,,,,,,,,,,,False,False
5338664762962699904,,,NGC3532,166.2175574043266,-58.64051240477809,1.3477316,14.421156,0.3632702728431194,,,,,,,,,,,,False,False
5338665175250967680,,,NGC3532,166.30920603667028,-58.596737795047126,0.4602146,10.462745,0.3928961822527937,,,,,,,,,,,,False,False
5338665243998865024,,,NGC3532,166.26542081167744,-58.60522176020543,1.1053915,13.714678,0.2836118473894773,,,,,,,,,,,,False,False
5338665484516615808,,,NGC3532,166.24581875481738,-58.55775366153762,2.6801033,16.523952,0.6238388973497924,,,,,,,,,,,,False,False
5338665759372121856,,,NGC3532,165.87754641333763,-59.23425879908896,0.4018669,10.560439,0.2525152034300693,,,,,,,,,,,,False,False
5338668233297135488,,,NGC3532,165.85200223032345,-59.11339277703499,0.84756565,12.548806,0.2940829229017587,,,,,,,,,,,,False,False
5338674211891232640,,,NGC3532,165.58215105869868,-58.94405204819155,0.43433,10.819144,0.1676177672948634,,,,,,,,,,,,False,False
5338674486769938176,,,NGC3532,165.985671542224,-59.05508026656368,1.6243753,14.934413,0.4575730675102382,,,,,,,,,,,,False,False
5338676853241853312,,,NGC3532,165.93452408554802,-58.96086444930304,0.58480453,11.080829,0.3783055489431167,11.062221,9.915377,0.8963278712294755,,,,,,,,,True,False
5338678472499771520,,,NGC3532,165.8699791836504,-58.87177336056957,1.1080608,13.638688,0.3117763263515009,,,,,,,,,,,,False,False
5338679675090301184,,,NGC3532,165.7313878246813,-58.90803517259279,0.38594437,10.610032,0.1990571524451006,,,,,,,,,,,,False,False
5338681289998046848,,,NGC3532,165.72084290617022,-58.85970593042739,1.4180336,14.548255,0.3935099506341223,,,,,,,,,,,,False,False
5338689605055420160,,,NGC3532,165.0835246645697,-58.85541231802096,0.8534651,12.710568,0.1947359701227883,,,,,,,,,,,,False,False
5338690635819493120,,,NGC3532,165.21578459264146,-58.81536273581149,0.7338314,12.163533,0.1310380829731,,,,,,,,,,,,False,False
5338691907158581760,,,NGC3532,165.5129572296143,-58.89849316814812,1.1806736,13.890431,0.3289705973884806,,,,,,,,,,,,False,False
5338695549290743936,,,NGC3532,165.36644960811373,-58.73459280515186,1.1432323,13.602068,0.3772314454997382,,,,,,,,,,,,False,False
5338696477003620096,,,NGC3532,165.31124023313677,-58.77086782037069,0.7131195,12.053184,0.1346700157229015,,,,,,,,,,,,False,False
5338697542155492480,,,NGC3532,165.21129714247922,-58.74873289101665,0.36551094,10.730826,0.0871924187704605,133.03009,34.023315,0.2557565359837011,,,,,,,,,True,False
5338699328862103168,,,NGC3532,165.31765400454665,-58.64982545488456,0.9799385,13.2351,0.2447062512978833,,,,,,,,,,,,False,False
5338700836339224192,,,NGC3532,166.06186772586338,-58.88480431982102,0.7625017,12.010019,0.4305287863725049,,,,,,,,,,,,False,False
5338701699673957888,,,NGC3532,166.03386606105738,-58.793353552074144,1.5380859,14.794025,0.4293300026161051,,,,,,,,,,,,False,False
5338701974551797504,,,NGC3532,165.96125477520835,-58.82621046132133,1.107523,13.399231,0.4082754584577795,,,,,,,,,,,,False,False
5338702352508923264,,,NGC3532,165.9607546824065,-58.80833645797375,1.7662287,14.676837,0.6328392599691706,,,,,,,,,,,,False,False
5338702455581523456,,,NGC3532,165.9348195035663,-58.7880760401164,,,,,,,,,,,,,,,False,False
5338702833544812160,,,NGC3532,165.90539075684586,-58.76082638326679,0.8251219,12.469916,0.2748142305732565,,,,,,,,,,,,False,False
5338703344600103040,,,NGC3532,166.04711002067793,-58.74597633577572,0.840991,11.896649,0.9830924125683352,9.1419115,14.607528,1.5978636415371117,,,,,,,,,True,False
5338703722559666432,,,NGC3532,166.06489252888483,-58.74258970542695,1.8692713,14.839677,0.6529033453071398,,,,,,,,,,,,False,False
5338703967416293376,,,NGC3532,166.0563940777258,-58.68951994755872,1.2332983,13.967048,0.368755080257601,,,,,,,,,,,,False,False
5338703997441534720,,,NGC3532,165.9749017157889,-58.7651933805981,0.7436695,13.256173,-0.2248553988980544,,,,,,,,,,,,False,False
5338705066927916800,,,NGC3532,165.93388440824043,-58.64714558352642,0.9547701,13.1531,0.227379515852247,,,,,,,,,,,,False,False
5338705131308776320,,,NGC3532,165.83086929225894,-58.80278292115465,1.7728224,15.281009,0.4745002323176369,,,,,,,,,,,,False,False
5338706200799106688,,,NGC3532,165.72462693534698,-58.76842141858262,0.3108902,10.409404,0.1680641431472929,,,,,,,,,,,,False,False
5338706299537601280,,,NGC3532,165.69534203039495,-58.73825805126643,0.54592323,10.823556,0.4022746094531174,,,,,,,,,,,,False,False
5338706819273897216,,,NGC3532,165.71075169379688,-58.70193054063744,1.1229296,7.017068,0.6156797296655419,11.718123,0.49756908,0.042461500020097076,,,,,,,,,True,False
5338707021094666880,,,NGC3532,165.69041835137972,-58.70263381042744,2.3512,16.424885,0.5265576043979895,,,,,,,,,,,,False,False
5338707399053296512,,,NGC3532,165.85067246494305,-58.69546795353195,2.452505,16.381422,0.5700935640846972,,,,,,,,,,,,False,False
5338709121376508160,,,NGC3532,165.8085835561604,-58.59654618353467,0.17398453,9.815231,0.146986240458113,280.72482,113.37137,0.4038523205750029,,,,,,,,,True,True
5338709671133366656,,,NGC3532,166.15445518265165,-58.68734362014544,0.7233381,12.140591,0.1020659244072263,,,,,,,,,,,,False,False
5338709808571831168,,,NGC3532,166.07932368877135,-58.6836927327864,0.96455,13.306028,0.1884317208126114,,,,,,,,,,,,False,False
5338710976802954880,,,NGC3532,165.9406545055587,-58.61499858676786,2.2703457,15.86622,0.598592240940204,,,,,,,,,,,,False,False
5338711217321161472,,,NGC3532,166.01163087104362,-58.600280609731136,0.5542011,10.468371,0.5487850130950003,,,,,,,,,,,,False,False
5338714653294510464,,,NGC3532,165.91934283816755,-58.54251771555893,0.44087982,10.828101,0.1755047227605727,,,,,,,,,,,,False,False
5338715615367152384,,,NGC3532,165.80732103623998,-58.52293540375658,1.4018049,14.34897,0.4307253627185938,,,,,,,,,,,,False,False
5338717024116617600,,,NGC3532,165.8882494954809,-58.4302061429049,1.04315,12.8329115,0.6613854616411086,,,,,,,,,,,,False,False
5338717195915207424,,,NGC3532,165.83859639425063,-58.47567628021829,0.05508995,9.1738615,0.0755522392015249,,,,,,,,,,,,False,True
5338717402067015168,,,NGC3532,165.82202069963105,-58.44363539639375,,,,,,,,,,,,,,,False,False
5338717402073680000,,,NGC3532,165.82147932404084,-58.44371524868039,2.0646038,15.443399,0.5975331427763697,,,,,,,,,,,,False,False
5338718948261558528,,,NGC3532,165.5987307375843,-58.64121388171329,1.3620024,14.355266,0.3923640761344991,,,,,,,,,,,,False,False
5338719291858962176,,,NGC3532,165.59216001445552,-58.61648013002838,1.1878262,13.905568,0.3332138542248307,,,,,,,,,,,,False,False
5338720116492694272,,,NGC3532,165.52525122960046,-58.579410880478406,0.5604496,11.049688,0.3265982366104806,20.400087,11.371156,0.5574072306652418,,,,,,,,,True,False
5338720941126455168,,,NGC3532,165.62278654418532,-58.57515506594099,0.16829681,9.878329,0.1269596013377386,283.5299,45.95064,0.16206629353729538,,,,,,,,,True,True
5338721009845936000,,,NGC3532,165.5862002691102,-58.5575012967005,,,,,,,,,,,,,,,False,False
5338721108587638912,,,NGC3532,165.6348580612682,-58.55770495406759,1.0027876,13.173111,0.3192901571259334,,,,,,,,,,,,False,False
5338722178077069824,,,NGC3532,165.55115573125974,-58.51648297445358,1.2730141,14.104808,0.3722816492656652,,,,,,,,,,,,False,False
5338722384235540736,,,NGC3532,165.5357360505238,-58.47823234398941,0.72469044,12.118633,0.1282653111662411,,,,,,,,,,,,False,False
5338722865272269184,,,NGC3532,165.40533513754215,-58.58804696897199,1.1385527,13.172588,0.6033135292494942,,,,,,,,,,,,False,False
5338725029935326080,,,NGC3532,165.4446546917632,-58.50369132980461,1.7041321,15.025888,0.4888902843705865,,,,,,,,,,,,False,False
5338728843866469120,,,NGC3532,165.57593276808606,-58.40818105735438,0.8069134,12.523501,0.1609150187167944,,,,,,,,,,,,False,False
5338728912585981056,,,NGC3532,165.61381851553634,-58.39753128483075,1.7681446,15.098322,0.5121803210382593,,,,,,,,,,,,False,False
5338731352127552128,,,NGC3532,165.61022729606566,-58.29739505807037,0.8763609,12.913747,0.1497071648524902,,,,,,,,,,,,False,False
5338737674319266304,,,NGC3532,164.5356725668351,-59.54355337569863,1.5170927,14.664851,0.4443440727619015,,,,,,,,,,,,False,False
5338738464593284352,,,NGC3532,164.57766703110667,-59.52091211829324,1.9152308,15.546098,0.4976086900126293,,,,,,,,,,,,False,False
5338742141084973312,,,NGC3532,164.30265175000164,-59.444135199971406,0.48264027,10.9861,0.1610706802554727,54.406338,19.830877,0.36449571371629536,,,,,,,,,True,False
5338745233462573440,,,NGC3532,164.72733325162903,-59.42266082458277,1.0626993,13.581382,0.2631376055965031,,,,,,,,,,,,False,False
5338767567293457920,,,NGC3532,163.99337746291155,-59.11730475764856,1.8970509,15.527193,0.4920883470587726,,,,,,,,,,,,False,False
5338772137132379904,,,NGC3532,164.77357234763411,-59.16843107605448,-0.09604454,7.713096,-0.073476637620455,122.78268,10.797291,0.08793822548913251,,,,,,,,,True,False
5338776432099652864,,,NGC3532,164.5684410539926,-59.102508487131,0.17315388,9.728556,0.1609938567216307,297.52576,15.51336,0.052141233081801054,,,,,,,,,True,True
5338791447306678528,,,NGC3532,164.42680976567814,-58.93290439971912,1.2606335,14.20661,0.3325198877755308,,,,,,,,,,,,False,False
5338795158158320000,,,NGC3532,164.0247038812911,-58.84908429324111,1.3846397,14.354677,0.4133340063319667,,,,,,,,,,,,False,False
5338800174653993728,,,NGC3532,164.43706278897332,-58.74778024573805,0.5873356,11.425046,0.1284791654086646,32.65789,20.631065,0.6317329441675503,,,,,,,,,True,False
5338803610654445696,,,NGC3532,164.11779638759563,-58.69386190349797,0.2673216,10.159022,0.1940116301250865,268.9978,33.01302,0.1227259851195809,,,,,,,,,True,True
5338805770981592448,,,NGC3532,164.15765069607042,-58.60197047035462,1.8351765,15.391148,0.4866450361725326,,,,,,,,,,,,False,False
5338805878397336832,,,NGC3532,164.22068749088194,-58.59397116024925,0.6200142,11.621523,0.0912221061545519,51.992752,23.75432,0.4568775278523437,,,,,,,,,True,False
5338806221994713088,,,NGC3532,164.12954159172384,-58.55313245343259,1.1056156,13.772125,0.2672427409991569,,,,,,,,,,,,False,False
5338807905626895744,,,NGC3532,163.62934000099045,-59.184044472315954,2.1034813,16.028051,0.4964183659587635,,,,,,,,,,,,False,False
5338823298790278912,,,NGC3532,163.56196759769404,-58.80561091751312,2.452015,16.149021,0.6143678750050144,,,,,,,,,,,,False,False
5338834156468976512,,,NGC3532,163.21951978904585,-58.807561088142606,1.831644,15.424213,0.4781601013873353,,,,,,,,,,,,False,False
5338835835754590720,,,NGC3532,163.41787301637711,-58.70046274244809,1.4978504,14.7202,0.4164864489476923,,,,,,,,,,,,False,False
5338842471515031680,,,NGC3532,163.87389127335948,-58.8036769181434,0.57822895,11.323063,0.187959712036917,,,,,,,,,,,,False,False
5338844704902230400,,,NGC3532,163.916648259482,-58.68812994967762,2.0694637,16.071047,0.4755473051740474,,,,,,,,,,,,False,False
5338852435843829760,,,NGC3532,164.06423060195104,-58.6257689411435,1.9877043,15.689914,0.5053242392818865,,,,,,,,,,,,False,False
5338856795196157312,,,NGC3532,163.65644363493772,-58.46208071646113,2.4601707,16.59878,0.5366966678173734,,,,,,,,,,,,False,False
5338859372175401728,,,NGC3532,163.40296618259703,-58.678594442495616,1.5087881,14.760169,0.4155969051790252,,,,,,,,,,,,False,False
5338859376501690624,,,NGC3532,163.38780671839336,-58.67999332989531,2.4924831,16.32287,0.5954002401700633,,,,,,,,,,,,False,False
5338884390388000000,,,NGC3532,164.68573361952596,-58.664633358261405,1.4153767,14.461009,0.4126930018071937,,,,,,,,,,,,False,False
5338895140658355072,,,NGC3532,164.5014244898129,-58.62956267540522,0.60353947,11.449818,0.1767419951156136,,,,,,,,,,,,False,False
5338898306082160640,,,NGC3532,164.4924514006682,-58.48706347070229,1.5205011,14.718539,0.4338908376190624,,,,,,,,,,,,False,False
5338898649679278080,,,NGC3532,164.324724415076,-58.61449255444239,1.75842,15.254432,0.4717201879376381,,,,,,,,,,,,False,False
5338899405561966464,,,NGC3532,164.3351890060311,-58.529131367619534,1.3561745,14.105582,0.4608920902507034,,,,,,,,,,,,False,False
5338899405593667840,,,NGC3532,164.33435349504276,-58.52924532166405,,,,,,,,,,,,,,,False,False
5338901157941076864,,,NGC3532,164.2801023455048,-58.49296669350203,2.021412,15.864693,0.4890976091466474,,,,,,,,,,,,False,False
5338903425683230208,,,NGC3532,164.59270389516212,-58.48084746381151,1.2496758,13.863675,0.4231895158546024,,,,,,,,,,,,False,False
5338909266838321280,,,NGC3532,164.318270155582,-58.30529663781559,1.1846552,13.985203,0.3071569185721249,,,,,,,,,,,,False,False
5338909576043516800,,,NGC3532,164.25625360877706,-58.26957576049176,2.0557308,15.788525,0.5182500734325864,,,,,,,,,,,,False,False
5338910022753358848,,,NGC3532,164.42063000892887,-58.28488773670502,0.23129272,10.382629,0.0527739593634765,,,,,,,,,,,,False,False
5338910572509189632,,,NGC3532,164.4361311741443,-58.24471920555766,1.2843914,14.217747,0.3535033773781704,,,,,,,,,,,,False,False
5338912015618838656,,,NGC3532,165.14177051121646,-58.49351904276804,0.3210888,10.4710245,0.1560462833191018,,,,,,,,,,,,False,False
5338931841189188480,,,NGC3532,164.74782934751664,-58.18758622521682,0.940917,13.137642,0.2042667559061119,,,,,,,,,,,,False,False
5338932116067070592,,,NGC3532,164.70045477696775,-58.171815252121206,1.7217693,15.048403,0.4948821980972483,,,,,,,,,,,,False,False
5338934589967969792,,,NGC3532,164.5252892381646,-58.15270807529041,1.7633705,15.306829,0.4639435419316437,,,,,,,,,,,,False,False
5338935891309814144,,,NGC3532,164.39377560807227,-58.09793475047589,1.9815979,15.613226,0.5173312075196517,,,,,,,,,,,,False,False
5338937407466549248,,,NGC3532,164.38801201383825,-58.05506821932312,1.06213,13.596938,0.2573742264980428,,,,,,,,,,,,False,False
5338937471856775424,,,NGC3532,164.3755152003995,-58.05251905720912,0.6527033,11.7467575,0.1341751541532067,25.436699,43.69884,1.7179446122313276,,,,,,,,,True,False
5338942973744609664,,,NGC3532,164.51636879674493,-58.0084465794292,2.1908321,16.331512,0.4829561342089675,,,,,,,,,,,,False,False
5338943248622562048,,,NGC3532,164.60133910827264,-57.98989952122609,2.1855774,16.425562,0.4677024890045216,,,,,,,,,,,,False,False
5338944343807818368,,,NGC3532,164.4897528354047,-57.94023541316228,1.0991297,12.355119,1.5615623461786166,,,,,,,,,,,,False,False
5338949570815037184,,,NGC3532,164.06766644301652,-58.37766364487222,2.441412,16.744389,0.5091623290627046,,,,,,,,,,,,False,False
5338949948772213504,,,NGC3532,164.14997834456366,-58.34767827302731,1.037653,13.514761,0.2455310661090499,,,,,,,,,,,,False,False
5338950876485135744,,,NGC3532,164.0612785652402,-58.32766612982374,1.2492275,14.073953,0.3553355306549284,,,,,,,,,,,,False,False
5338952525752328576,,,NGC3532,163.79969154325772,-58.37523155163748,1.5196486,14.77872,0.4194019059237712,,,,,,,,,,,,False,False
5338954999653549440,,,NGC3532,163.77808383496514,-58.258746129962645,1.9273682,15.353344,0.5451579245070403,,,,,,,,,,,,False,False
5338956614561922432,,,NGC3532,164.16635680721234,-58.2653005326912,1.0672474,13.646667,0.2498902492163048,,,,,,,,,,,,False,False
5338958469987922176,,,NGC3532,164.1729776394751,-58.18983649787921,1.2055807,14.037678,0.3170649375895052,,,,,,,,,,,,False,False
5338959672578710528,,,NGC3532,164.17658576155222,-58.14284711454036,0.8035946,12.06629,0.5665560512474496,,,,,,,,,,,,False,False
5338964586021818368,,,NGC3532,163.67152576926284,-58.33782764087108,1.3129435,14.197388,0.387603123718449,,,,,,,,,,,,False,False
5338975168821556480,,,NGC3532,163.68572529631382,-58.0238618338032,2.4832306,15.855152,0.6952997362606739,,,,,,,,,,,,False,False
5338982212568628480,,,NGC3532,164.29330902710427,-58.135614120126455,1.3603001,13.6230545,0.6891955985774071,,,,,,,,,,,,False,False
5338982934123159168,,,NGC3532,164.3065859416787,-58.07292850740896,1.4185743,14.572874,0.3882391248768552,,,,,,,,,,,,False,False
5338988569119997824,,,NGC3532,163.9089495650793,-57.92377374431223,1.9411554,15.645896,0.4913164235759378,,,,,,,,,,,,False,False
5339260835705555200,,,NGC3532,169.367035113335,-58.70822009563899,1.323844,14.339082,0.361185502793935,,,,,,,,,,,,False,False
5339262927302126720,,,NGC3532,169.40921361206043,-58.62358913745264,1.5685234,14.912224,0.424685336118259,,,,,,,,,,,,False,False
5339301311469003520,,,NGC3532,168.97169775264288,-59.54886127334745,1.4216108,14.49586,0.4092056927852537,,,,,,,,,,,,False,False
5339311413232895616,,,NGC3532,168.907951730681,-59.278561862017455,1.072855,13.659737,0.2541434438224847,,,,,,,,,,,,False,False
5339312478384956544,,,NGC3532,168.79936993371982,-59.32246817294097,1.7351551,15.221867,0.4649164999398836,,,,,,,,,,,,False,False
5339316120517207680,,,NGC3532,168.7672835930103,-59.15320098700355,1.0580091,13.406788,0.3188679167490169,,,,,,,,,,,,False,False
5339316253612663424,,,NGC3532,168.6882784292093,-59.14948094622383,0.6608114,11.829881,0.0917454168891756,,,,,,,,,,,,False,False
5339316670273355776,,,NGC3532,168.5075205598171,-59.42421880638093,1.9753084,15.701114,0.497350894238165,,,,,,,,,,,,False,False
5339317181325041152,,,NGC3532,168.52300816849086,-59.38764134146549,1.3885975,14.498649,0.3805422868607944,,,,,,,,,,,,False,False
5339317769784997248,,,NGC3532,168.40262571164126,-59.38151879780728,0.47376347,11.003688,0.1241274712847459,,,,,,,,,,,,False,False
5339326497159094400,,,NGC3532,168.49523987705282,-59.2048981836476,0.5806017,11.347275,0.1754068466339487,13.902507,14.929517,1.0738722879261993,,,,,,,,,True,False
5339327802829281920,,,NGC3532,168.56438345412454,-59.15504469408014,0.77393913,12.453921,0.0810492284358248,,,,,,,,,,,,False,False
5339330242370636928,,,NGC3532,168.34823731601307,-59.12449088765588,1.2128057,13.835667,0.3866818854358269,,,,,,,,,,,,False,False
5339330723406870656,,,NGC3532,168.23901550153988,-59.14721214627519,0.7411194,12.244086,0.0969708117432534,,,,,,,,,,,,False,False
5339333506546075008,,,NGC3532,168.2967312411057,-58.99207320313009,0.7113075,11.989613,0.1911028907083948,,,,,,,,,,,,False,False
5339338901025823360,,,NGC3532,168.8356552927895,-59.134050614055226,0.77216816,12.439778,0.0838038074109843,,,,,,,,,,,,False,False
5339353744434027520,,,NGC3532,168.50005025204834,-58.947951907473296,0.7189884,12.075676,0.1413907316283897,,,,,,,,,,,,False,False
5339354088031424896,,,NGC3532,168.65626747376714,-58.98914483797077,1.5303802,14.769655,0.4292882124120526,,,,,,,,,,,,False,False
5339356939889951104,,,NGC3532,168.37842247562324,-58.911103158232194,0.029566765,8.467325,0.0543575645360334,,,,,,,,,,,,False,True
5339357489645683840,,,NGC3532,168.23959665407872,-58.90683357098317,1.0809364,13.529676,0.3091044181139193,,,,,,,,,,,,False,False
5339359345071635712,,,NGC3532,168.34854959947234,-58.84841755833338,1.999691,15.817312,0.4876499350321241,,,,,,,,,,,,False,False
5339363846197980032,,,NGC3532,168.66127146756946,-58.74576089682927,1.1208172,16.279243,0.0898782675012764,,,,,,,,,,,,False,False
5339367866287538944,,,NGC3532,168.49800989130586,-58.63263694723302,1.4370584,14.609506,0.3947333445289434,,,,,,,,,,,,False,False
5339368347323551360,,,NGC3532,168.39455831045098,-58.61959445388358,1.6746225,14.913163,0.4966078824948223,,,,,,,,,,,,False,False
5339368617855163520,,,NGC3532,168.350225067844,-58.6030647390905,0.04723358,8.341181,0.0665195444228154,90.51833,42.208504,0.46629786475291796,,,,,,,,,True,True
5339374257199291392,,,NGC3532,167.8234637937245,-59.11805005878641,0.827404,12.6957855,0.120423800869584,,,,,,,,,,,,False,False
5339382125580376704,,,NGC3532,167.99905367143705,-58.88607475071969,2.1258087,15.75898,0.5562042878770224,,,,,,,,,,,,False,False
5339383499942532736,,,NGC3532,167.7852611724773,-58.95494365575413,,,,,,,,,,,,,,,False,False
5339387966736394240,,,NGC3532,167.44400880320413,-59.04128499868582,1.0254107,12.7258415,0.7223403663365219,,,,,,,,,,,,False,False
5339388202909250304,,,NGC3532,167.43371156060823,-59.012730274834254,0.6289463,11.6014805,0.1554290052692484,,,,,,,,,,,,False,False
5339389268061191040,,,NGC3532,167.5828129712263,-58.982984381483845,0.7442169,12.221889,0.1291119759568182,,,,,,,,,,,,False,False
5339389890882127488,,,NGC3532,167.54790076059095,-58.91367964411037,0.81344604,12.536172,0.1763501496702719,,,,,,,,,,,,False,False
5339393704813279104,,,NGC3532,167.34954396177562,-58.86715240006222,1.1688948,13.769713,0.3521092803743781,,,,,,,,,,,,False,False
5339395319720845696,,,NGC3532,167.23559017272618,-58.78233561478897,1.0335464,12.678684,0.804713032212234,,,,,,,,,,,,False,False
5339395457159862144,,,NGC3532,167.2679017254121,-58.76611527807056,2.166175,14.991208,0.7992016662172722,,,,,,,,,,,,False,False
5339395525879447808,,,NGC3532,167.2337896732267,-58.75199988279365,2.0695295,15.867246,0.5098640104817159,,,,,,,,,,,,False,False
5339396075635585024,,,NGC3532,167.59248347570215,-58.84544490323704,2.4587955,16.352777,0.5775084162675622,,,,,,,,,,,,False,False
5339397209506999424,,,NGC3532,167.48120906280946,-58.78814573299117,1.1500607,13.901985,0.2883131748793741,,,,,,,,,,,,False,False
5339398549537094528,,,NGC3532,167.70570259305978,-58.73550110882897,0.7477884,12.284058,0.0953561930995053,,,,,,,,,,,,False,False
5339398652616303744,,,NGC3532,167.6790220085901,-58.72933711039765,1.3287239,13.808796,0.5463191160182446,,,,,,,,,,,,False,False
5339398824415016960,,,NGC3532,167.64194722114837,-58.70754669554898,1.6562223,15.047147,0.4534888561852972,,,,,,,,,,,,False,False
5339399168012239872,,,NGC3532,167.5216242307589,-58.73959518344563,1.6767845,14.358353,0.6804216347634165,,,,,,,,,,,,False,False
5339400198804211072,,,NGC3532,167.42345883851803,-58.77829368767818,0.5354948,10.415272,0.5305947344129348,,,,,,,,,,,,False,False
5339401538834064000,,,NGC3532,167.29076190880645,-58.70839164680713,1.2134199,13.580847,0.4925109517916662,,,,,,,,,,,,False,False
5339406864594420736,,,NGC3532,168.18214994408623,-58.78883814106424,1.354661,14.006317,0.4949903708564078,,,,,,,,,,,,False,False
5339409540305899392,,,NGC3532,167.95570932582157,-58.72372268555581,0.8423033,12.581689,0.2481003913434367,,,,,,,,,,,,False,False
5339413766551379840,,,NGC3532,168.29351925270268,-58.661507164413536,0.691823,11.956439,0.1247364949717837,19.2632,21.986645,1.1413807155612774,,,,,,,,,True,False
5339416141724438784,,,NGC3532,168.3118546939024,-58.5382977213964,1.0918226,13.673601,0.277096316116869,,,,,,,,,,,,False,False
5339423425989207936,,,NGC3532,167.52971726807536,-58.63392281323176,1.1906509,13.955829,0.3221239331530214,,,,,,,,,,,,False,False
5339429164065874432,,,NGC3532,167.56205200964476,-58.46945829753754,0.92337227,13.051273,0.2023578723646009,,,,,,,,,,,,False,False
5339443247208580224,,,NGC3532,169.10961982735014,-58.72098431064204,1.7748785,15.347827,0.4622994662968339,,,,,,,,,,,,False,False
5339443560778601088,,,NGC3532,169.2223720901163,-58.69859540225971,1.2347212,13.67125,0.4814640384267017,,,,,,,,,,,,False,False
5339444591570499072,,,NGC3532,169.03522932116076,-58.76176376722625,2.200367,16.14436,0.5160380437670735,,,,,,,,,,,,False,False
5339451429159280256,,,NGC3532,169.3149223469076,-58.537324523066175,2.071001,15.999344,0.4876827829311522,,,,,,,,,,,,False,False
5339454384096859520,,,NGC3532,168.91093351946353,-58.50315469173767,2.0228462,15.924213,0.479662493202167,,,,,,,,,,,,False,False
5339463656892563968,,,NGC3532,168.42246897379567,-58.47041769813672,2.3669262,16.588753,0.5070896246929508,,,,,,,,,,,,False,False
5339468364173580032,,,NGC3532,168.88806891439606,-58.40094501031156,0.69852734,12.01306,0.1014484645942923,,,,,,,,,,,,False,False
5339472418622698112,,,NGC3532,168.48112136844156,-58.2819816515126,0.18699932,9.780683,0.170212969805637,,,,,,,,,,,,False,True
5339507504256024192,,,NGC3532,168.61934229250963,-57.92269704166501,1.4431725,14.543867,0.4153107676471609,,,,,,,,,,,,False,False
5339510802791626112,,,NGC3532,168.3150287883044,-58.44817847702781,1.3521013,14.428586,0.3653926599843133,,,,,,,,,,,,False,False
5339516231630372608,,,NGC3532,167.99850869849604,-58.29671970982549,2.5300045,16.273159,0.6190686293145156,,,,,,,,,,,,False,False
5339517640379670272,,,NGC3532,168.03548500856115,-58.294154286862295,0.80416584,12.551081,0.1310323518005802,,,,,,,,,,,,False,False
5339521827933139968,,,NGC3532,168.3680054576206,-58.1592800936813,2.4637241,16.676384,0.526093115845133,,,,,,,,,,,,False,False
5339522519463305344,,,NGC3532,168.24905988493737,-58.13143698019943,1.9507027,15.735327,0.4796192697592903,,,,,,,,,,,,False,False
5339522656902293888,,,NGC3532,168.31310268688156,-58.13521103792844,0.96726227,13.197057,0.2348812338722484,,,,,,,,,,,,False,False
5339527226747597952,,,NGC3532,168.11507706466256,-58.01286327338233,1.7203865,15.197048,0.4613313575917048,,,,,,,,,,,,False,False
5339529391411560704,,,NGC3532,167.7627007420585,-58.20012013287892,2.2173233,15.569792,0.6439789586282232,,,,,,,,,,,,False,False
5339531934032002816,,,NGC3532,167.6586368525288,-58.24996323477165,2.2259884,16.078402,0.5377755714607353,,,,,,,,,,,,False,False
5339539866794380032,,,NGC3532,167.86972765408737,-57.96823916964634,1.4879827,14.683171,0.4175288480560745,,,,,,,,,,,,False,False
5339543547624748800,,,NGC3532,167.7383176940219,-57.89905524144214,0.9900751,13.294746,0.2406023153288544,,,,,,,,,,,,False,False
5339544475337693568,,,NGC3532,167.61017502973658,-57.850485437402014,1.5552645,14.865014,0.4257288786273469,,,,,,,,,,,,False,False
5339551446030172800,,,NGC3532,168.08284520470832,-57.93487529222708,2.529747,16.414097,0.5918797413360066,,,,,,,,,,,,False,False
5339559520563489664,,,NGC3532,168.17674742180955,-57.785932404251575,0.822073,12.619228,0.1495634088395626,,,,,,,,,,,,False,False
5339561792647259008,,,NGC3532,168.26210109405724,-57.68556786720852,1.8178406,15.52705,0.4517823459976046,,,,,,,,,,,,False,False
5339565022463222016,,,NGC3532,168.03425568074465,-57.83549627322029,1.6779213,14.928108,0.4951362873443488,,,,,,,,,,,,False,False
5339565640938657536,,,NGC3532,168.07527532164835,-57.768690291536494,0.7556906,12.256492,0.1526219612254659,,,,,,,,,,,,False,False
5339570520021579904,,,NGC3532,167.7012085562635,-57.69447033503918,1.2623463,14.190803,0.3381640189240931,,,,,,,,,,,,False,False
5339576429897105024,,,NGC3532,167.7990917352323,-57.60183249893499,0.8145685,12.49995,0.208358289519446,,,,,,,,,,,,False,False
5340143842273636224,,,NGC3532,167.15767089480974,-58.85235377854419,0.94223213,12.308426,0.9358145854503922,,,,,,,,,,,,False,False
5340144224567188352,,,NGC3532,167.1003793089146,-58.81596280199018,1.446311,13.914539,0.6425829555575834,,,,,,,,,,,,False,False
5340144533804739200,,,NGC3532,167.0194007055278,-58.82106811161735,0.6111212,11.569222,0.0981615258631162,,,,,,,,,,,,False,False
5340145495877612800,,,NGC3532,167.18369116204946,-58.806309222431295,0.28785515,10.32443,0.1674977292660572,,,,,,,,,,,,False,False
5340145598956875008,,,NGC3532,167.18811740820928,-58.79050308092243,0.27073193,10.5008745,0.0548579805971996,,,,,,,,,,,,False,False
5340145805071340160,,,NGC3532,167.0812042567711,-58.78338433957372,,,,,,,,,,,,,,,False,False
5340147729260310528,,,NGC3532,166.87288822031994,-58.80535556393272,,,,,,,,,,,,,,,False,False
5340148278972112896,,,NGC3532,166.89098236897698,-58.75124377233531,,,,,,,,,,,,,,,False,False
5340148927515092352,,,NGC3532,166.7995631173453,-58.725423020545726,1.860733,15.071615,0.5768190442445571,,,,,,,,,,,,False,False
5340149000570786560,,,NGC3532,166.78423686113945,-58.71633965192655,0.052005768,8.304269,0.0692090848997482,220.80357,19.18142,0.0868709686170382,,,,,,,,,True,True
5340149034930385664,,,NGC3532,166.73587698273047,-58.7503579601131,0.75992775,12.340609,0.1052218689043019,,,,,,,,,,,,False,False
5340149687765636096,,,NGC3532,166.73332091270964,-58.66967332451,0.32337952,10.532013,0.1287051538069203,,,,,,,,,,,,False,False
5340150649838613760,,,NGC3532,166.93898689506517,-58.62504700052074,1.5387487,14.855762,0.416195350455206,,,,,,,,,,,,False,False
5340150993435826944,,,NGC3532,166.82303246618966,-58.652806171668765,1.3921547,14.466381,0.3912866500453393,,,,,,,,,,,,False,False
5340151027795531136,,,NGC3532,166.78779212847567,-58.65313707766838,1.0167341,13.35985,0.2646939797477999,,,,,,,,,,,,False,False
5340151710653710208,,,NGC3532,166.8393166156863,-58.59261245751678,0.71345043,11.95238,0.2423909638922933,,,,,,,,,,,,False,False
5340153364216745472,,,NGC3532,167.0835082762334,-58.64091294506528,,,,,,,,,,,,,,,False,False
5340154631261768064,,,NGC3532,167.17046841116792,-58.58537829573454,2.3654518,15.792328,0.6583252402672097,,,,,,,,,,,,False,False
5340154665587808768,,,NGC3532,167.21101418597263,-58.57638445995086,0.77022934,12.297078,0.1848585877270104,,,,,,,,,,,,False,False
5340155150965067008,,,NGC3532,167.18411270670447,-58.54844515298132,1.0918493,13.614388,0.2961247833014967,,,,,,,,,,,,False,False
5340155666320086656,,,NGC3532,167.08593258688256,-58.53927520830433,1.389389,14.391613,0.4077860978507048,,,,,,,,,,,,False,False
5340156490994579200,,,NGC3532,166.97630799064476,-58.60161215550768,0.8215456,12.504057,0.2322042183977013,,,,,,,,,,,,False,False
5340157934103590784,,,NGC3532,166.78743857756913,-58.53491729628788,0.8720846,12.862357,0.1633497574269364,,,,,,,,,,,,False,False
5340158483859540352,,,NGC3532,166.80110678476325,-58.48122800681091,0.652894,11.17877,0.5441032007146193,,,,,,,,,,,,False,False
5340160957761692800,,,NGC3532,166.65126263343245,-58.69239698278632,0.99748325,13.376796,0.2241457939946305,,,,,,,,,,,,False,False
5340161193941807360,,,NGC3532,166.59461272936284,-58.682727176667456,0.81082726,12.588875,0.1299176959934511,,,,,,,,,,,,False,False
5340161193942039552,,,NGC3532,166.58830488755672,-58.67941748852795,2.1434822,15.760759,0.5639770741830272,,,,,,,,,,,,False,False
5340161541876980992,,,NGC3532,166.69964503594952,-58.65177781356903,0.2703371,10.338894,0.1343959414552916,85.18983,15.037415,0.17651655133012942,,,,,,,,,True,False
5340161576236740480,,,NGC3532,166.70094227722987,-58.62819441473792,1.0995808,13.723951,0.2728478592239813,,,,,,,,,,,,False,False
5340162057273006720,,,NGC3532,166.5398528815763,-58.64861225965262,,,,,,,,,,,,,,,False,False
5340163496066629760,,,NGC3532,166.66643457767074,-58.56178442623474,2.1677723,16.500835,0.4514816399064173,,,,,,,,,,,,False,False
5340163530404139904,,,NGC3532,166.63565265543326,-58.5639145119636,0.86863995,12.68339,0.2618746254540428,,,,,,,,,,,,False,False
5340164153217132928,,,NGC3532,166.60538688096403,-58.576133173051865,0.6108341,10.8757105,0.5231692408043611,38.447247,8.366368,0.21760642576047123,,,,,,,,,True,False
5340164290656319872,,,NGC3532,166.60148144312797,-58.54337158666983,0.8756161,11.862305,1.2058656980613514,,,,,,,,,,,,False,False
5340164359375784576,,,NGC3532,166.57913076642492,-58.53760299039649,0.9546919,13.17593,0.217648541054163,,,,,,,,,,,,False,False
5340164973530899712,,,NGC3532,166.5779855570459,-58.50676045608596,1.0060959,13.297735,0.2696869750847914,,,,,,,,,,,,False,False
5340165149649780992,,,NGC3532,166.57853499546235,-58.47383481227007,0.5594406,11.292671,0.1425652830502955,30.131308,12.483002,0.414286761132308,,,,,,,,,True,False
5340165184009504640,,,NGC3532,166.55512840141537,-58.477994821469935,1.0548773,13.503666,0.2768793924961278,,,,,,,,,,,,False,False
5340165321448323584,,,NGC3532,166.40779811592918,-58.61133100705193,,,,,,,,,,,,,,,False,False
5340165355808068992,,,NGC3532,166.4161160101187,-58.59765842647528,0.90146065,13.233926,0.0892493378099539,,,,,,,,,,,,False,False
5340165424527580928,,,NGC3532,166.47163728836952,-58.59400829203294,0.59487915,10.531122,0.6025782097181216,,,,,,,,,,,,False,False
5340165458887293312,,,NGC3532,166.4299114601047,-58.59093038514437,1.7823153,15.335332,0.468870013581715,,,,,,,,,,,,False,False
5340165836844450048,,,NGC3532,166.46509848883062,-58.553532641334456,1.0920639,13.714059,0.26536934149518,,,,,,,,,,,,False,False
5340166146043520000,,,NGC3532,166.37193150291927,-58.53921930225148,,,,,,,,,,,,,,,False,False
5340166146082040960,,,NGC3532,166.37136670473683,-58.539454962524616,1.0577831,13.047666,0.5164200166925242,,,,,,,,,,,,False,False
5340166352240453376,,,NGC3532,166.3369245239647,-58.57637578441148,2.2034302,15.642857,0.6188842784478685,,,,,,,,,,,,False,False
5340166936356024704,,,NGC3532,166.36728427998602,-58.52045096500735,0.9692793,13.235192,0.2235099907742129,,,,,,,,,,,,False,False
5340167211233683200,,,NGC3532,166.31549658071444,-58.49895630151809,1.4842472,14.443816,0.4773183125488544,,,,,,,,,,,,False,False
5340167211233684736,,,NGC3532,166.3102700654179,-58.491112390011416,1.392581,13.512164,0.8141241234315455,,,,,,,,,,,,False,False
5340167383032382592,,,NGC3532,166.29460064006693,-58.46930296659395,1.7449656,15.266334,0.4615719432351489,,,,,,,,,,,,False,False
5340167520471632640,,,NGC3532,166.45335419900283,-58.51426672948728,1.2931519,14.263281,0.3506606227236171,,,,,,,,,,,,False,False
5340168688702454784,,,NGC3532,166.38026063632466,-58.45646647643645,0.62654877,10.636121,0.6329195075950201,26.912523,6.076389,0.22578295613532778,,,,,,,,,True,False
5340169169738801280,,,NGC3532,166.3597483509147,-58.42467865307768,2.1937313,15.859722,0.5661380177617031,,,,,,,,,,,,False,False
5340169375897232896,,,NGC3532,166.344636248256,-58.41650797441751,0.31975746,10.045692,0.2970839538710814,28.263945,7.9758363,0.28219119093247597,,,,,,,,,True,False
5340169960013613568,,,NGC3532,166.69342993058694,-58.488740007234576,1.6372643,15.017057,0.4478050344795277,,,,,,,,,,,,False,False
5340170299268715648,,,NGC3532,166.75718807412372,-58.46369256278474,0.07601261,8.937783,0.1083366359265044,,,,,,,,,,,,False,True
5340170402347930368,,,NGC3532,166.76509891830432,-58.45535649070259,0.69890976,11.886314,0.236565656235956,,,,,,,,,,,,False,False
5340170819007248640,,,NGC3532,166.6246620673307,-58.47697397281283,1.9778719,15.490293,0.5412192926981353,,,,,,,,,,,,False,False
5340171265683965568,,,NGC3532,166.5709631057094,-58.40480229033628,2.0254202,15.884276,0.487495626804908,,,,,,,,,,,,False,False
5340173361627800192,,,NGC3532,166.62674875189202,-58.33704366977288,1.5615406,14.631094,0.4879010056712511,,,,,,,,,,,,False,False
5340173499066781568,,,NGC3532,166.69244678826666,-58.340423179462505,0.59522724,11.35763,0.2260423504942855,,,,,,,,,,,,False,False
5340173808304412800,,,NGC3532,166.64559753862954,-58.30862617819638,1.2721319,13.12142,0.9337731721447758,,,,,,,,,,,,False,False
5340174461139178112,,,NGC3532,166.48199071567728,-58.38052439247089,2.1158066,16.10124,0.4894767980341623,,,,,,,,,,,,False,False
5340174701657369344,,,NGC3532,166.52448023539822,-58.36115882657021,0.85087013,12.810116,0.1302535076305384,,,,,,,,,,,,False,False
5340176312222901888,,,NGC3532,166.55209223185153,-58.32582818684629,0.7049017,11.962075,0.1871807320229619,15.003819,14.492226,0.9659024812282793,,,,,,,,,True,False
5340178378149492864,,,NGC3532,166.38843661948044,-58.178758395818086,1.3739843,13.672483,0.6791974542211978,,,,,,,,,,,,False,False
5340180164856504320,,,NGC3532,167.1684483087163,-58.42606352147328,0.977499,13.317957,0.2084573274168255,,,,,,,,,,,,False,False
5340181607965792512,,,NGC3532,167.30060688054252,-58.341117658133705,1.8803949,15.500314,0.4888056297602142,,,,,,,,,,,,False,False
5340186418329294592,,,NGC3532,166.9176140116555,-58.2660400303285,0.8540144,12.788366,0.1508121625002916,,,,,,,,,,,,False,False
5340187311682813568,,,NGC3532,167.31451617524468,-58.32566150648176,2.3401508,16.383791,0.5291997478776022,,,,,,,,,,,,False,False
5340189029670308736,,,NGC3532,167.27290754002524,-58.21533180887984,1.4202795,14.497623,0.40763668022506,,,,,,,,,,,,False,False
5340193840033284992,,,NGC3532,167.16527081274273,-58.15280272197056,1.2166071,13.978895,0.3458171274883657,,,,,,,,,,,,False,False
5340197065513253248,,,NGC3532,166.77666206987777,-58.23765289399009,1.103919,13.749907,0.2712427828361002,,,,,,,,,,,,False,False
5340197379087287168,,,NGC3532,166.71489105158494,-58.241148907169126,0.99701214,13.346276,0.2341418639608569,,,,,,,,,,,,False,False
5340201983291831936,,,NGC3532,166.45937193160495,-58.13955047174695,1.9430456,15.528403,0.5152590379041035,,,,,,,,,,,,False,False
5340215864619517824,,,NGC3532,166.2628962756699,-58.42296978058921,1.8425579,15.436386,0.481569943896711,,,,,,,,,,,,False,False
5340217406470731008,,,NGC3532,166.07907645571234,-58.33112751626973,0.94085217,12.379915,0.8478749111103233,,,,,,,,,,,,False,False
5340219953408759936,,,NGC3532,165.864432900268,-58.32019437298988,1.2979956,13.74921,0.5333374453717249,,,,,,,,,,,,False,False
5340219953408760064,,,NGC3532,165.8638494897425,-58.319845911076094,,,,,,,,,,,,,,,False,False
5340220262646771712,,,NGC3532,166.04025188263705,-58.329367673720895,-0.46343803,18.03588,-0.2285934659740598,,,,,,,,,,,,False,False
5340223836060401792,,,NGC3532,166.12972361161005,-58.25361585578021,,,,,,,,,,,,,,,False,False
5340223870438788352,,,NGC3532,166.09933006753144,-58.257246205219566,2.4914494,16.723051,0.5281105129574009,,,,,,,,,,,,False,False
5340225828926395264,,,NGC3532,166.19725302997895,-58.167137183706416,,,,,,,,,,,,,,,False,False
5340231567020749952,,,NGC3532,165.7015544748836,-58.30217784780307,1.3322077,14.304077,0.3777937238317708,,,,,,,,,,,,False,False
5340231738819495040,,,NGC3532,165.71180865289486,-58.260866541415766,1.8611851,14.670055,0.7084486016207533,,,,,,,,,,,,False,False
5340232219835704576,,,NGC3532,165.74963479753652,-58.224210373766674,,,,,,,,,,,,,,,False,False
5340240466174258304,,,NGC3532,165.81327166323217,-58.0896538903799,,,,,,,,,,,,,,,False,False
5340246616586892800,,,NGC3532,165.67882897859624,-57.959353243901255,0.32121372,10.374149,0.1996905993771541,144.7752,11.263221,0.0777979999336903,,,,,,,,,True,False
5340251873633739136,,,NGC3532,166.39819839668976,-57.96725175820609,0.7295666,11.384941,0.7717467504749119,26.209343,17.975449,0.6858412666048135,,,,,,,,,True,False
5340251972371508864,,,NGC3532,166.3876786368742,-57.9562824049859,0.9573517,13.232833,0.2007175963609217,,,,,,,,,,,,False,False
5340262353354265088,,,NGC3532,166.1712851760463,-57.83138876316141,2.088602,15.625715,0.5670406857820559,,,,,,,,,,,,False,False
5340265102133703552,,,NGC3532,166.22417037973682,-57.69062178356308,1.4351349,14.5073185,0.4177583679370484,,,,,,,,,,,,False,False
5340266132925863168,,,NGC3532,166.14864336547612,-57.65892679767207,1.9938679,15.844088,0.4804262846170852,,,,,,,,,,,,False,False
5340268847345868288,,,NGC3532,165.97815004384253,-57.818321793157416,1.8976593,15.2257805,0.5589933444102008,,,,,,,,,,,,False,False
5340274413623459200,,,NGC3532,165.61000567363624,-57.68947363925847,1.0639477,13.525769,0.2836389291441665,,,,,,,,,,,,False,False
5340275788013514112,,,NGC3532,166.04385056410572,-57.70996352955597,2.341117,15.752654,0.6570279549756237,,,,,,,,,,,,False,False
5340281285571709824,,,NGC3532,165.7135642080016,-57.55531353380376,2.533516,16.299686,0.6150836515144297,,,,,,,,,,,,False,False
5340298224912186752,,,NGC3532,167.23358789200756,-57.75561413823846,1.0404301,13.503745,0.2535961310611066,,,,,,,,,,,,False,False
5340298431070568704,,,NGC3532,167.17030376947184,-57.78904638492485,0.97459793,13.108524,0.2909559460204927,,,,,,,,,,,,False,False
5340301557806731648,,,NGC3532,167.15428814465326,-57.596100790145385,1.230977,14.110217,0.3259691101632369,,,,,,,,,,,,False,False
5340308361035831680,,,NGC3532,166.817953856538,-57.72854237409833,1.2172356,14.077105,0.3196678758395381,,,,,,,,,,,,False,False
5340311728290766464,,,NGC3532,166.94620096402625,-57.675003932903806,0.5387955,11.128606,0.2095142466094146,166.40074,68.70599,0.41289473832868767,,,,,,,,,True,False
5340317878684190464,,,NGC3532,166.80252640648493,-57.49275388900861,1.923542,15.577822,0.4956018881517885,,,,,,,,,,,,False,False
5340318119202270848,,,NGC3532,166.7566279789737,-57.51870875471328,1.5092106,14.716976,0.4257685906944981,,,,,,,,,,,,False,False
5340323685480412416,,,NGC3532,167.32968843179194,-57.65259134962881,1.8969345,15.1792755,0.5703834236631246,,,,,,,,,,,,False,False
5340344370044509184,,,NGC3532,166.93374106299845,-57.2786260375677,1.9712725,15.692296,0.4970817324951038,,,,,,,,,,,,False,False
5340361030178804864,,,NGC3532,166.32247821543947,-57.56583308465184,2.0452185,15.847741,0.502618995579301,,,,,,,,,,,,False,False
5340361206307798656,,,NGC3532,166.33894184613385,-57.52843498422363,0.79318047,12.507628,0.1195721831007234,,,,,,,,,,,,False,False
5340361721703942272,,,NGC3532,166.35309864899,-57.49593975809659,1.4298639,14.432515,0.432855827997304,,,,,,,,,,,,False,False
5340361721703942400,,,NGC3532,166.35294438305652,-57.496551084744,1.5662546,14.94852,0.4155742690095498,,,,,,,,,,,,False,False
5340363233532709632,,,NGC3532,166.57981307519097,-57.55691226571885,1.9664831,15.755628,0.4833531476029818,,,,,,,,,,,,False,False
5340365913592546944,,,NGC3532,166.67126284596333,-57.43673257789132,1.1839523,14.024344,0.2962711209382318,,,,,,,,,,,,False,False
5340377630264070400,,,NGC3532,165.7897409144665,-57.40464040516584,0.6028671,11.486627,0.1386447262737262,66.0994,28.238216,0.4272083559003561,,,,,,,,,True,False
5340432056083547264,,,NGC3532,165.19225331639325,-57.86595165855722,2.3625698,16.51588,0.516408806294566,,,,,,,,,,,,False,False
5340433018156163712,,,NGC3532,165.06856802937602,-57.84847741357461,1.6660595,15.07798,0.4531197236364015,,,,,,,,,,,,False,False
5340434388219763072,,,NGC3532,165.3839849839217,-57.866913979483165,0.87135696,12.5983715,0.3382311730683203,,,,,,,,,,,,False,False
5340435251539491200,,,NGC3532,165.29793399888015,-57.84509507648872,0.5108814,11.075592,0.1679220189201055,,,,,,,,,,,,False,False
5340439580839601536,,,NGC3532,165.1298817008325,-57.775501564526905,1.9962006,15.812508,0.4869175161857424,,,,,,,,,,,,False,False
5340441431966727680,,,NGC3532,165.12113410636107,-57.68589661018054,2.2420998,16.203661,0.5223469716074831,,,,,,,,,,,,False,False
5340447861563930496,,,NGC3532,164.59055520937727,-57.80745045950465,0.86763954,12.092225,0.8446121308120612,,,,,,,,,,,,False,False
5340457551010778752,,,NGC3532,164.62240550388165,-57.52832716610925,1.4469461,14.657496,0.3917127030251059,,,,,,,,,,,,False,False
5340478957129364224,,,NGC3532,164.8978462034414,-57.49482413675606,0.5901966,11.446832,0.1195908744772184,99.77876,48.09358,0.4820021816266308,,,,,,,,,True,False
5340483767492851072,,,NGC3532,164.7523332857706,-57.34367532977332,1.5290709,14.767629,0.4287944821709188,,,,,,,,,,,,False,False
5340498026785629312,,,NGC3532,164.55887396608657,-57.595401462392864,2.3782177,16.61357,0.5072608229129176,,,,,,,,,,,,False,False
5881413835905502848,,,NGC5822,226.1700897216797,-55.27885055541992,2.2134838,18.33652,-1.4723532229860588,,,,,,,,,,,,False,False
5881417065720402432,,,NGC5822,225.8930053710937,-55.25411987304688,2.1383305,17.141375,1.4600214824144715,,,,,,,,,,,,False,False
5881418405759460736,,,NGC5822,226.0235290527344,-55.19506454467773,2.3986263,18.466871,7.244015785576774,,,,,,,,,,,,False,False
5887411053368736000,,,NGC5822,226.66061401367188,-55.20414733886719,2.359232,18.629261,1.3478912679139183,,,,,,,,,,,,False,False
5887413763460923392,,,NGC5822,226.8188781738281,-55.07958221435547,2.634161,18.6768,-6.7294682961730485,,,,,,,,,,,,False,False
5887417444257146240,,,NGC5822,226.73887634277344,-54.97678756713867,2.6920815,18.623135,-13.99493183281596,,,,,,,,,,,,False,False
5887417684798482560,,,NGC5822,226.6273803710937,-55.01350021362305,0.77027607,12.979955,0.1082650767699334,,,,,,,,,,,,False,False
5887417684798488448,,,NGC5822,226.63546752929688,-55.01034545898438,2.1864128,18.037268,0.4411387013406588,,,,,,,,,,,,False,False
5887417856597188736,,,NGC5822,226.5761566162109,-54.99551773071289,2.0905075,17.232336,1.163927279593094,,,,,,,,,,,,False,False
5887363980484656768,,,NGC5822,226.886947631836,-55.2374038696289,2.249569,18.30246,-0.084990804257569,,,,,,,,,,,,False,False
5887423830850283136,,,NGC5822,226.11886596679688,-55.10506057739258,0.59555054,12.113,0.1139582746311139,,,,,,,,,,,,False,False
5887424865984122368,,,NGC5822,226.0979766845703,-55.0538330078125,1.9182491,16.768127,0.8953123498995269,,,,,,,,,,,,False,False
5887461046790996352,,,NGC5822,226.73521423339844,-54.64149856567383,1.8844357,16.566689999999998,0.9518577537337278,,,,,,,,,,,,False,False
5887426034193951488,,,NGC5822,226.2390594482422,-55.0096549987793,2.5396461,18.273773,6.130289699162405,,,,,,,,,,,,False,False
5887461149869993984,,,NGC5822,226.7396240234375,-54.61827087402344,1.1124858999999998,14.6710615,0.1110294789785061,,,,,,,,,,,,False,False
5887461424747926016,,,NGC5822,226.71017456054688,-54.58606719970703,0.6257925,12.041809,0.2377817377701021,,,,,,,,,,,,False,False
5887461596546595072,,,NGC5822,226.6195526123047,-54.64021682739258,2.1830807,18.051805,0.3518303206565771,,,,,,,,,,,,False,False
5887426515251586176,,,NGC5822,226.16200256347656,-55.00520706176758,1.7190093999999998,16.309092,0.6202690108736115,,,,,,,,,,,,False,False
5887461660930750208,,,NGC5822,226.609115600586,-54.63628387451172,2.3686619,17.812992,2.3879670365125403,,,,,,,,,,,,False,False
5887461974491993728,,,NGC5822,226.590072631836,-54.58489990234375,2.2200089,18.39836,-2.991064920606216,,,,,,,,,,,,False,False
5887462283729603840,,,NGC5822,226.619140625,-54.59278869628906,2.2820454,18.108168,1.3576951217024589,,,,,,,,,,,,False,False
5887427339864152960,,,NGC5822,226.18739318847656,-54.93428802490234,2.3878841,18.499884,13.386809615115334,,,,,,,,,,,,False,False
5887462936577443584,,,NGC5822,226.8702545166016,-54.66240310668945,2.4897633,17.296278,3.0300880680363753,,,,,,,,,,,,False,False
5887463275838440832,,,NGC5822,227.0053100585937,-54.62904739379883,2.30229,17.693507999999998,1.9466341381351728,,,,,,,,,,,,False,False
5887463314533872896,,,NGC5822,226.95689392089844,-54.63055419921875,1.2233458,9.749215,0.4097668220267757,,,,,,,,,,,,False,False
5887463417613092480,,,NGC5822,226.93153381347656,-54.63249588012695,0.61865807,10.708389,0.1794505020504566,257.75723,24.29098,0.0942397619651639,,,,,,,,,True,True
5887463726850745984,,,NGC5822,226.82403564453125,-54.65135192871094,2.0621185,17.286842,0.9723789365944696,,,,,,,,,,,,False,False
5887463967368947072,,,NGC5822,226.825439453125,-54.6273193359375,1.6395702,16.191862,0.4693518657875534,,,,,,,,,,,,False,False
5887464066112491904,,,NGC5822,226.83692932128903,-54.61662673950195,2.3377953,17.31555,2.2895208894825005,,,,,,,,,,,,False,False
5887464242247209984,,,NGC5822,226.89334106445312,-54.60284805297852,0.55044365,10.26755,0.054756874534926,,,,,,,,,,,,False,True
5887464448405338240,,,NGC5822,226.9097442626953,-54.5745964050293,2.133564,17.2875,1.3152730045994248,,,,,,,,,,,,False,False
5887429229651789312,,,NGC5822,226.45127868652344,-54.96201705932617,2.2590103,18.46286,-5.314642610954268,,,,,,,,,,,,False,False
5887464688913868160,,,NGC5822,226.8741149902344,-54.56106185913086,2.1986656000000004,18.188282,-0.1217741651050927,,,,,,,,,,,,False,False
5887429607628542208,,,NGC5822,226.56167602539065,-54.99670791625977,1.0282526,14.38691,0.0593477967074226,,,,,,,,,,,,False,False
5887429985567130624,,,NGC5822,226.5481872558593,-54.94430160522461,2.7065105,18.909973,-2.2866758329986583,,,,,,,,,,,,False,False
5887465238679318272,,,NGC5822,226.9944000244141,-54.55744171142578,2.1379929,17.354685,1.2738727891962285,,,,,,,,,,,,False,False
5887430604042860160,,,NGC5822,226.5851593017578,-54.89140319824219,2.0154076,16.908564000000002,1.141335315847316,,,,,,,,,,,,False,False
5887465960233869184,,,NGC5822,226.9384307861328,-54.5416259765625,0.88001347,13.612063,0.1087765477891826,,,,,,,,,,,,False,False
5887430874603472640,,,NGC5822,226.4955596923828,-54.91807174682617,2.1364174,18.030962,-0.0732481812009536,,,,,,,,,,,,False,False
5887466853587747712,,,NGC5822,227.01954650878903,-54.46001815795898,2.3311539,17.593045999999998,2.1716153462089807,,,,,,,,,,,,False,False
5887431630515916032,,,NGC5822,226.5447235107422,-54.85661697387695,2.1756077,17.911404,0.6993223752885589,,,,,,,,,,,,False,False
5887467025386367744,,,NGC5822,226.7559356689453,-54.60366821289063,0.6237469,11.767016,0.3221097036006788,,,,,,,,,,,,False,False
5887431806656365312,,,NGC5822,226.33404541015625,-54.99288558959961,2.2780209,18.597265,6.055983595713998,,,,,,,,,,,,False,False
5887467300263683584,,,NGC5822,226.7298278808593,-54.578125,1.3810053,15.538316,0.2386350805352401,,,,,,,,,,,,False,False
5887432008474795648,,,NGC5822,226.3334503173828,-54.95203018188477,2.3120213,17.70509,2.0064559369242194,,,,,,,,,,,,False,False
5887468399775410304,,,NGC5822,226.6519317626953,-54.533729553222656,2.284998,17.663244,1.850005859292867,,,,,,,,,,,,False,False
5887433387180458880,,,NGC5822,226.2516021728516,-54.88638305664063,2.577982,18.24441,6.42780958000898,,,,,,,,,,,,False,False
5887433662077621760,,,NGC5822,226.3362731933593,-54.86330795288086,1.3123665,9.531615,0.4467413296757736,,,,,,,,,,,,False,False
5887433868216853760,,,NGC5822,226.32325744628903,-54.84039306640625,1.8457508,16.662775,0.7289979409080434,,,,,,,,,,,,False,False
5887433902595801216,,,NGC5822,226.30262756347656,-54.84479141235352,0.9506664,13.964289,0.1047635557017056,,,,,,,,,,,,False,False
5887434040034718464,,,NGC5822,226.40028381347656,-54.89067459106445,2.438839,18.690292000000003,-0.6194521198687906,,,,,,,,,,,,False,False
5887434074394623616,,,NGC5822,226.42724609375,-54.87429809570313,0.7677641,12.899715,0.1578527937557916,,,,,,,,,,,,False,False
5887434280553055104,,,NGC5822,226.4071807861328,-54.86992263793945,0.75242805,12.906041,0.076796279957095,,,,,,,,,,,,False,False
5887434486711521920,,,NGC5822,226.4262237548828,-54.83453750610352,0.7773113,12.922014,0.1869086024467084,,,,,,,,,,,,False,False
5887435070826898048,,,NGC5822,226.3643951416016,-54.85154342651367,0.70730305,12.63679,0.0833603580818326,,,,,,,,,,,,False,False
5887435139546377984,,,NGC5822,226.36306762695312,-54.84426879882813,1.3950129,15.561646,0.2606641540107249,,,,,,,,,,,,False,False
5887470564439036800,,,NGC5822,226.8094482421875,-54.42770004272461,1.361764,15.477021,0.2312508298103361,,,,,,,,,,,,False,False
5887470667518248832,,,NGC5822,226.8160858154297,-54.43091201782226,0.48832226,11.572423,0.1045631944193036,130.27893,59.798393,0.4590027950029985,,,,,,,,,True,False
5887435513166728192,,,NGC5822,226.37661743164065,-54.80099487304688,1.0507021,14.299093,0.1854405147498606,,,,,,,,,,,,False,False
5887435551844064384,,,NGC5822,226.3521728515625,-54.80471420288086,2.4071655,17.924139999999998,2.739754159967387,,,,,,,,,,,,False,False
5887435684965483264,,,NGC5822,226.40542602539065,-54.78747177124024,2.2814617000000004,16.72888,2.265112498924053,,,,,,,,,,,,False,False
5887471114194865664,,,NGC5822,226.8662109375,-54.39146423339844,0.5695658,10.959939,0.1913243717495165,197.5442,13.915799,0.07044397658853056,,,,,,,,,True,True
5887435929820596736,,,NGC5822,226.40652465820312,-54.7789192199707,0.641181,12.30221,0.1164920863567709,,,,,,,,,,,,False,False
5887437750869968384,,,NGC5822,226.8282470703125,-54.98546600341797,2.275196,17.473093,1.9018676433894297,,,,,,,,,,,,False,False
5887386932797432192,,,NGC5822,227.23741149902344,-55.09690475463867,2.452629,18.794127,0.1487622682888004,,,,,,,,,,,,False,False
5887388204141317120,,,NGC5822,227.02951049804688,-55.14442825317383,2.8742676,18.488802,87.91787749565154,,,,,,,,,,,,False,False
5887441216882409088,,,NGC5822,226.8466339111328,-54.92405319213867,2.3001575,17.339716,2.095307123555554,,,,,,,,,,,,False,False
5887441564818043392,,,NGC5822,226.85215759277344,-54.89032363891602,1.77705,16.483898,0.6560471189710347,,,,,,,,,,,,False,False
5887441839695931136,,,NGC5822,226.77720642089844,-54.91817474365234,1.4722118,15.792395,0.3000607120876537,,,,,,,,,,,,False,False
5887441972798949760,,,NGC5822,226.70767211914065,-54.92304992675781,2.5075855,18.36248,7.296342076127596,,,,,,,,,,,,False,False
5887391055967009920,,,NGC5822,227.2022247314453,-54.98321533203125,2.6349068,18.793375,-2.9615010050941826,,,,,,,,,,,,False,False
5887391257828543232,,,NGC5822,227.139404296875,-55.01703643798828,2.4207954,18.2971,3.84336261864231,,,,,,,,,,,,False,False
5887393392428701824,,,NGC5822,227.3282928466797,-55.01943969726562,2.1796398,18.170029,-0.2862678682021491,,,,,,,,,,,,False,False
5887394113983465728,,,NGC5822,227.3649139404297,-54.9793701171875,2.6266975,18.564405,-28.069114398686928,,,,,,,,,,,,False,False
5887394217062979712,,,NGC5822,227.3539581298828,-54.9427490234375,2.38686,18.498741,12.502346824732676,,,,,,,,,,,,False,False
5887394869897847680,,,NGC5822,227.48898315429688,-54.93434524536133,2.488573,18.828570000000003,-0.1828686531486031,,,,,,,,,,,,False,False
5887395969448280960,,,NGC5822,227.4223937988281,-54.88403701782226,2.4030075,18.551987,-6.681225770703901,,,,,,,,,,,,False,False
5887447337254481664,,,NGC5822,227.3035888671875,-54.76948165893555,0.9068947,13.842607,0.0448756385073019,,,,,,,,,,,,False,False
5887447749571362944,,,NGC5822,227.3136138916016,-54.74993896484375,1.9956093,16.706960000000002,1.2325397031163392,,,,,,,,,,,,False,False
5887397962313105536,,,NGC5822,227.17550659179688,-54.93812561035156,1.1033583,14.71971,0.0512149571491209,,,,,,,,,,,,False,False
5887450223472667904,,,NGC5822,227.0498352050781,-54.72128295898438,1.5308714,15.846276,0.4298574857916226,,,,,,,,,,,,False,False
5887451804020682880,,,NGC5822,227.16958618164065,-54.66644287109375,1.7801609,16.41837,0.7252692291883909,,,,,,,,,,,,False,False
5887454140471775232,,,NGC5822,226.64468383789065,-54.859336853027344,2.4946346,18.615904,-5.44209257882669,,,,,,,,,,,,False,False
5887455171275601408,,,NGC5822,226.595703125,-54.8240852355957,1.3451633,15.392887,0.2486183817766954,,,,,,,,,,,,False,False
5887455407460332800,,,NGC5822,226.65838623046875,-54.80324172973633,2.610098,18.679081,-5.888380057807574,,,,,,,,,,,,False,False
5887455480513265280,,,NGC5822,226.6406707763672,-54.79780960083008,2.3434792,17.492886,2.2712372303417285,,,,,,,,,,,,False,False
5887455927177482112,,,NGC5822,226.6633453369141,-54.73887634277344,2.376606,18.878094,1.5627314631364484,,,,,,,,,,,,False,False
5887456545664899456,,,NGC5822,226.84410095214844,-54.75095748901367,1.5161972,15.893557,0.3468885881986907,,,,,,,,,,,,False,False
5887407926605572608,,,NGC5822,226.38612365722656,-55.25003051757813,2.8496552000000004,18.760637,-7.827466773395296,,,,,,,,,,,,False,False
5887408304595272576,,,NGC5822,226.5445709228516,-55.19209671020508,2.3406677000000005,17.78237,2.180900242946713,,,,,,,,,,,,False,False
5887408510721210240,,,NGC5822,226.4685516357422,-55.20195007324219,2.6137638,18.450006,21.304297228495983,,,,,,,,,,,,False,False
5887458091841267968,,,NGC5822,226.7552490234375,-54.6462287902832,2.735447,18.35989,14.34112202786794,,,,,,,,,,,,False,False
5887458572878421760,,,NGC5822,226.539306640625,-54.75594711303711,2.2264843,18.417904,-3.640475207781499,,,,,,,,,,,,False,False
5887410705440203392,,,NGC5822,226.7088928222656,-55.19890594482422,2.7789536,18.465261,41.773867450902095,,,,,,,,,,,,False,False
5887460393955689344,,,NGC5822,226.6741638183593,-54.70144653320313,2.2754822,18.166939000000003,1.129219020369579,,,,,,,,,,,,False,False
5887648410453359744,,,NGC5822,226.3806915283203,-54.64854431152344,2.1297379000000003,17.233353,1.345426324353616,,,,,,,,,,,,False,False
5887648582252077184,,,NGC5822,226.3760223388672,-54.62037658691406,0.7082491,12.547691,0.1687975251198515,,,,,,,,,,,,False,False
5887561445929174144,,,NGC5822,227.0861053466797,-54.36384582519531,1.9852505,16.96513,0.96915965075471,,,,,,,,,,,,False,False
5887561583397429888,,,NGC5822,227.2203369140625,-54.40729522705078,1.4744406,15.81961,0.2841233659744705,,,,,,,,,,,,False,False
5887649058936636800,,,NGC5822,226.4439239501953,-54.60223388671875,0.7823973000000001,12.410718,0.5851005763501553,,,,,,,,,,,,False,False
5887649127656109952,,,NGC5822,226.43963623046875,-54.5835189819336,0.6352968000000001,12.327022,0.0735478526580296,,,,,,,,,,,,False,False
5887649166367732992,,,NGC5822,226.4437866210937,-54.55876922607422,1.571146,16.041763,0.3874423405905105,,,,,,,,,,,,False,False
5887649338123097472,,,NGC5822,226.4106292724609,-54.57582092285156,1.4851828,15.7734785,0.3538680641857631,,,,,,,,,,,,False,False
5887649716123293696,,,NGC5822,226.55337524414065,-54.56827926635742,0.68678284,12.38014,0.2226704975288121,,,,,,,,,,,,False,False
5887649750483236864,,,NGC5822,226.4996032714844,-54.598182678222656,0.6180906,12.242238,0.0868055000721527,,,,,,,,,,,,False,False
5887649819202743040,,,NGC5822,226.48956298828125,-54.57962417602539,1.3916483,15.5641165,0.2490003986374863,,,,,,,,,,,,False,False
5887649887877626368,,,NGC5822,226.5285186767578,-54.56047439575195,2.7491207,18.377337,16.291318211974975,,,,,,,,,,,,False,False
5887649887921988480,,,NGC5822,226.5253753662109,-54.57007217407226,0.8762722,13.493429999999998,0.1780359436557412,,,,,,,,,,,,False,False
5887650025360934784,,,NGC5822,226.5973052978516,-54.56676864624024,1.2284241000000002,9.704667,0.4055900381330851,,,,,,,,,,,,False,False
5887563782416673408,,,NGC5822,226.98146057128903,-54.41226959228516,1.05649,14.471937,0.0850538080666363,,,,,,,,,,,,False,False
5887563919830310528,,,NGC5822,227.0187530517578,-54.38481903076172,2.3654823,18.713562,1.4820516374428356,,,,,,,,,,,,False,False
5887564022934878464,,,NGC5822,226.97378540039065,-54.38417816162109,1.3117123,15.37859,0.1641247501647632,,,,,,,,,,,,False,False
5887650300238855424,,,NGC5822,226.56202697753903,-54.55045318603516,1.3217821,15.409759,0.1688956945962128,,,,,,,,,,,,False,False
5887650368958345472,,,NGC5822,226.55197143554688,-54.527870178222656,0.6471348000000001,12.342326,0.1033608758313737,,,,,,,,,,,,False,False
5887565156806334848,,,NGC5822,226.89279174804688,-54.33813858032226,1.2567444,9.534038,0.3953980086120593,,,,,,,,,,,,False,False
5887650781230912384,,,NGC5822,226.48785400390625,-54.53392028808594,2.6023026,18.16075,5.825446963356778,,,,,,,,,,,,False,False
5887565358617786752,,,NGC5822,226.9973602294922,-54.33259963989258,1.4175892,15.5923195,0.301720000315093,,,,,,,,,,,,False,False
5887651395414247680,,,NGC5822,226.5062561035156,-54.501708984375,2.3725052000000004,17.859161,2.420888958838142,,,,,,,,,,,,False,False
5887651605864774272,,,NGC5822,226.5214691162109,-54.46055221557617,2.6772785,18.574718,-26.83853174925851,,,,,,,,,,,,False,False
5887651674628516352,,,NGC5822,226.2893218994141,-54.62065505981445,0.9006491,13.675479,0.1362422279640247,,,,,,,,,,,,False,False
5887651777707768960,,,NGC5822,226.3092803955078,-54.59538269042969,0.72741795,12.707038,0.1196161135719448,,,,,,,,,,,,False,False
5887651846427273344,,,NGC5822,226.3436279296875,-54.57977676391602,0.5171213,11.770944,0.1034665269067422,,,,,,,,,,,,False,False
5887651949506445056,,,NGC5822,226.2730865478516,-54.60063171386719,1.3651257,15.516659,0.2099357460457931,,,,,,,,,,,,False,False
5887651983866213376,,,NGC5822,226.29249572753903,-54.58176040649414,1.8097973000000005,16.360321,0.872827089137304,,,,,,,,,,,,False,False
5887652190024695552,,,NGC5822,226.28672790527344,-54.54751968383789,0.8633194,13.516917,0.1147508967098866,,,,,,,,,,,,False,False
5887689161073375744,,,NGC5822,225.4630279541016,-54.49691390991211,2.2254696,18.093096,0.69799164502581,,,,,,,,,,,,False,False
5887652460555127296,,,NGC5822,226.3951568603516,-54.52368545532226,1.7556381,16.397083,0.6625687640837348,,,,,,,,,,,,False,False
5887567802506300544,,,NGC5822,227.1286773681641,-54.17879486083984,1.1615209999999998,14.943479,0.0597936646225842,,,,,,,,,,,,False,False
5887567832519609344,,,NGC5822,227.0644836425781,-54.20520401000977,1.730875,16.321302,0.648107852535754,,,,,,,,,,,,False,False
5887652705420838272,,,NGC5822,226.3341217041016,-54.50591278076172,2.1521626,17.167389,1.501490656952105,,,,,,,,,,,,False,False
5887652739737847296,,,NGC5822,226.3468017578125,-54.500267028808594,2.4154854,18.026625,2.9137234360404825,,,,,,,,,,,,False,False
5887652808499968000,,,NGC5822,226.24752807617188,-54.55473709106445,1.6578560000000002,16.224663,0.4983223403050282,,,,,,,,,,,,False,False
5887652808499971200,,,NGC5822,226.2617645263672,-54.55518341064453,1.1226034,14.677229999999998,0.135819595340957,,,,,,,,,,,,False,False
5887569206904623616,,,NGC5822,227.27801513671875,-54.2745590209961,0.5333585999999999,11.772511,0.1361869692231117,,,,,,,,,,,,False,False
5887653422627922944,,,NGC5822,226.2937774658203,-54.50735855102539,1.7375584,16.294498,0.6929933744303135,,,,,,,,,,,,False,False
5887569447427189376,,,NGC5822,227.3076477050781,-54.223106384277344,1.8565655,16.632994,0.7953865342871963,,,,,,,,,,,,False,False
5887653908011686656,,,NGC5822,226.4248504638672,-54.51365661621094,2.886652,17.733677,6.009246889212205,,,,,,,,,,,,False,False
5887654045450382336,,,NGC5822,226.45358276367188,-54.48188781738281,0.6088333,12.230655,0.0660344134279221,,,,,,,,,,,,False,False
5887654144182538880,,,NGC5822,226.3896942138672,-54.49445343017578,1.1280203000000002,14.468598000000002,0.2965930864507417,,,,,,,,,,,,False,False
5887570791803840384,,,NGC5822,227.4397735595703,-54.16877746582031,0.68611526,12.440079,0.1684615092662185,,,,,,,,,,,,False,False
5887654457767248000,,,NGC5822,226.4764709472656,-54.4648323059082,0.76002693,12.777558,0.2223884586574708,,,,,,,,,,,,False,False
5887654732645163648,,,NGC5822,226.45330810546875,-54.4410171508789,0.57880116,10.50719,0.1154640797703924,118.49473,26.439365,0.22312692724815691,,,,,,,,,True,True
5887613702764618496,,,NGC5822,225.89547729492188,-54.98060607910156,1.3529653999999998,15.500171,0.1879133064941274,,,,,,,,,,,,False,False
5887571994394746624,,,NGC5822,227.4688873291016,-54.121360778808594,1.463934,15.769749,0.2942510305463984,,,,,,,,,,,,False,False
5887655110602599168,,,NGC5822,226.38250732421875,-54.44528198242188,1.9218826,16.753523,0.9222020554509488,,,,,,,,,,,,False,False
5887655110607608576,,,NGC5822,226.3797149658203,-54.43894958496094,1.2360945,9.939117,0.4503177726476136,,,,,,,,,,,,False,False
5887655213681826048,,,NGC5822,226.38417053222656,-54.43042373657226,0.7621545999999999,12.839057,0.1803045612205065,,,,,,,,,,,,False,False
5887655248041548288,,,NGC5822,226.3289794921875,-54.44282531738281,0.90068626,13.734932,0.0959377133031823,,,,,,,,,,,,False,False
5887655385480511232,,,NGC5822,226.3523712158203,-54.43515014648438,0.78933334,13.009015,0.1766129621749696,,,,,,,,,,,,False,False
5887655449847943168,,,NGC5822,226.34483337402344,-54.41252136230469,0.85204506,13.351629,0.1905451642768864,,,,,,,,,,,,False,False
5887655484207679872,,,NGC5822,226.3516387939453,-54.39618301391602,0.56588364,11.595493,0.2359301764615807,,,,,,,,,,,,False,False
5887655587286898304,,,NGC5822,226.3900909423828,-54.42079162597656,0.6020794,11.849511,0.2601790844786771,,,,,,,,,,,,False,False
5887655625956551936,,,NGC5822,226.3965301513672,-54.40095520019531,2.1020584,17.359667,1.087747209488534,,,,,,,,,,,,False,False
5887655729033536000,,,NGC5822,226.4363555908203,-54.38935089111328,2.2984161,17.861677,1.815229573498513,,,,,,,,,,,,False,False
5887655729033540096,,,NGC5822,226.4156646728516,-54.39054107666016,0.677227,10.534406,0.1860188286634051,,,,,,,,,,,,False,True
5887573128243337344,,,NGC5822,227.2608337402344,-54.17683029174805,2.249609,18.430414000000003,-3.151611119123985,,,,,,,,,,,,False,False
5887615356381011200,,,NGC5822,226.128662109375,-54.873512268066406,0.9186697,13.72139,0.1655287012827933,,,,,,,,,,,,False,False
5887655866474733056,,,NGC5822,226.35337829589844,-54.38984680175781,2.5259266,18.066784,4.238955543073827,,,,,,,,,,,,False,False
5887655935236028544,,,NGC5822,226.4053649902344,-54.38323211669922,0.4531287999999999,10.990816,0.0823514158280636,115.55208,22.401873,0.1938681934587417,,,,,,,,,True,True
5887656072675446400,,,NGC5822,226.64425659179688,-54.51456069946289,0.64151764,12.249745,0.1584264253628922,,,,,,,,,,,,False,False
5887656210114405504,,,NGC5822,226.6821136474609,-54.49362182617188,1.9774857,16.444010000000002,1.3649952729543264,,,,,,,,,,,,False,False
5887616180962222976,,,NGC5822,226.09686279296875,-54.85812759399414,2.0948086,17.476055,0.908924852265718,,,,,,,,,,,,False,False
5887656278833888128,,,NGC5822,226.6599884033203,-54.48801040649414,1.6878433000000002,16.470219,0.3668702068480574,,,,,,,,,,,,False,False
5887574021619391872,,,NGC5822,227.16574096679688,-54.13803482055664,0.58690166,12.147866,0.0639703281578935,,,,,,,,,,,,False,False
5887656381913632128,,,NGC5822,226.63644409179688,-54.48703002929688,0.9839468,14.030232,0.1649919156942511,,,,,,,,,,,,False,False
5887574365194462080,,,NGC5822,227.239501953125,-54.10028839111328,2.4546566000000003,18.57376,-7.747223047834976,,,,,,,,,,,,False,False
5887656553716656128,,,NGC5822,226.6262664794922,-54.4573974609375,0.50594425,11.634343,0.1217575158525856,92.583046,84.22932,0.9097704562453044,,,,,,,,,True,False
5887574777533795712,,,NGC5822,227.3094482421875,-54.12639236450195,1.7991676,16.2734,0.9091604493145798,,,,,,,,,,,,False,False
5887616936928797312,,,NGC5822,225.8442840576172,-54.94118118286133,1.4267912,15.683209,0.2558219581713706,,,,,,,,,,,,False,False
5887657275271172480,,,NGC5822,226.5851593017578,-54.44546508789063,0.51027966,11.671447,0.1202842284385781,130.52821,85.295975,0.6534677446354317,,,,,,,,,True,False
5887657378346053120,,,NGC5822,226.59629821777344,-54.42916488647461,0.86651325,13.362717000000002,0.2391016088509338,,,,,,,,,,,,False,False
5887618002080749824,,,NGC5822,225.78211975097656,-54.90419006347656,1.7642555,16.307648,0.7682354629977085,,,,,,,,,,,,False,False
5887575842663292928,,,NGC5822,227.2871551513672,-54.07721328735352,2.7647648,18.415531,22.168074766330896,,,,,,,,,,,,False,False
5887657687583705088,,,NGC5822,226.5788116455078,-54.39661026000977,1.2121248,15.032308,0.1393454731701962,,,,,,,,,,,,False,False
5887657786327165824,,,NGC5822,226.6189880371093,-54.41475296020508,1.0868912,14.469577,0.1755882249543911,,,,,,,,,,,,False,False
5887576525529391232,,,NGC5822,227.36495971679688,-54.00762176513672,2.1031246,17.173111,1.276836887060537,,,,,,,,,,,,False,False
5887576632959609344,,,NGC5822,227.29342651367188,-54.02518844604492,1.1947346,15.051241,0.0763761328346734,,,,,,,,,,,,False,False
5887658374782804224,,,NGC5822,226.75831604003903,-54.40239715576172,2.184391,17.653416,1.209554653830308,,,,,,,,,,,,False,False
5887658993253355008,,,NGC5822,226.865478515625,-54.34653854370117,1.2179785,15.086295000000002,0.1166761006056156,,,,,,,,,,,,False,False
5887658958893605632,,,NGC5822,226.8510131835937,-54.35557556152344,1.1258631,14.738344,0.1027015628139391,,,,,,,,,,,,False,False
5887620024956993024,,,NGC5822,225.9131164550781,-54.80791091918945,2.196684,17.171728,1.6980229783283602,,,,,,,,,,,,False,False
5887659543009208192,,,NGC5822,226.7436370849609,-54.35262298583984,1.2851295,15.1591835,0.2533575571785456,,,,,,,,,,,,False,False
5887620441622249856,,,NGC5822,225.95021057128903,-54.77677917480469,0.96579456,13.973665,0.1463429462972087,,,,,,,,,,,,False,False
5887660402002859264,,,NGC5822,226.73960876464844,-54.25759887695313,1.0219336,14.263226500000002,0.123621373140556,,,,,,,,,,,,False,False
5887621678573095808,,,NGC5822,226.2799072265625,-54.81026840209961,0.87644005,13.389193,0.2570155719237778,,,,,,,,,,,,False,False
5887660848679318528,,,NGC5822,226.50314331054688,-54.38060760498047,0.51236534,11.016727,0.1445138925673223,,,,,,,,,,,,False,True
5887660848679321088,,,NGC5822,226.49462890625,-54.3812141418457,0.6884631999999999,10.645141,0.2167347810134454,210.62276,17.156256,0.08145490069544241,,,,,,,,,True,True
5887660883039048448,,,NGC5822,226.5321502685547,-54.37777709960938,2.2315197,17.279927999999998,1.79104308582838,,,,,,,,,,,,False,False
5887660913046336640,,,NGC5822,226.5360107421875,-54.36226272583008,0.54323196,11.564989,0.2003090154524918,183.01869,79.41934,0.43394114557371166,,,,,,,,,True,False
5887621919041807232,,,NGC5822,226.2299652099609,-54.78717041015625,2.3140202000000003,18.735586,2.653722391031684,,,,,,,,,,,,False,False
5887622017821184256,,,NGC5822,226.14273071289065,-54.8345832824707,0.77089024,12.814671,0.2453735293040174,,,,,,,,,,,,False,False
5887661157916975872,,,NGC5822,226.6099548339844,-54.35003662109375,1.0724716,14.284742,0.2604446063760002,,,,,,,,,,,,False,False
5887661157916987904,,,NGC5822,226.6083068847656,-54.34406661987305,0.972023,14.031085999999998,0.1271367356109112,,,,,,,,,,,,False,False
5887622468796442752,,,NGC5822,226.10801696777344,-54.79939270019531,2.6995182,18.649406,-10.995100257765465,,,,,,,,,,,,False,False
5887622567578151936,,,NGC5822,226.20477294921875,-54.80351257324219,2.26799,18.36202,-0.3120268999739335,,,,,,,,,,,,False,False
5887622571926320128,,,NGC5822,226.214096069336,-54.79571914672852,1.6347752,16.134863,0.5040424913564033,,,,,,,,,,,,False,False
5887661742032582656,,,NGC5822,226.5127716064453,-54.33977127075195,0.89176464,13.62579,0.14003072571076,,,,,,,,,,,,False,False
5887661776392344192,,,NGC5822,226.46658325195312,-54.34040069580078,1.7225628000000002,16.289097,0.6492122705602483,,,,,,,,,,,,False,False
5887661909484681728,,,NGC5822,226.41539001464844,-54.34305191040039,2.0297318,17.157173,0.9641186762791406,,,,,,,,,,,,False,False
5887661948150260736,,,NGC5822,226.44189453125,-54.32332992553711,2.555048,18.511087,132.41567148084408,,,,,,,,,,,,False,False
5887623190401610880,,,NGC5822,226.29888916015625,-54.77757263183594,0.67591286,12.2611885,0.265824947628815,,,,,,,,,,,,False,False
5887623259121087232,,,NGC5822,226.33761596679688,-54.76988220214844,1.6597613999999998,16.13046,0.5858062153592788,,,,,,,,,,,,False,False
5887489290452514816,,,NGC5822,227.572265625,-54.85842514038086,2.1619778,18.241951,-1.2147930389461163,,,,,,,,,,,,False,False
5887623701449234944,,,NGC5822,226.3504638671875,-54.74359893798828,2.371748,17.669182,2.4126192490272205,,,,,,,,,,,,False,False
5887662635385949440,,,NGC5822,226.51788330078125,-54.2485237121582,2.343076700000001,17.801102,2.1943641097653295,,,,,,,,,,,,False,False
5887662738464979328,,,NGC5822,226.6260986328125,-54.32364273071289,1.5057268,15.812383,0.3828681030247298,,,,,,,,,,,,False,False
5887624015035586432,,,NGC5822,226.3260192871093,-54.71477127075195,2.2353497000000004,16.959934,1.98297325254266,,,,,,,,,,,,False,False
5887624083705958912,,,NGC5822,226.3757781982422,-54.69477081298828,2.4029217000000003,18.470783,8.096981520967146,,,,,,,,,,,,False,False
5887662807184470912,,,NGC5822,226.6741180419922,-54.30557632446289,0.86785316,12.272443,0.9145027691038016,,,,,,,,,,,,False,False
5887662837191733248,,,NGC5822,226.6819610595703,-54.3002815246582,0.89515686,13.580327,0.1836489655097678,,,,,,,,,,,,False,False
5887663112076046464,,,NGC5822,226.64303588867188,-54.2697868347168,1.5440073,15.24903,0.9212938847234212,,,,,,,,,,,,False,False
5887624530431473920,,,NGC5822,226.19747924804688,-54.73401641845703,0.9360962,13.747091,0.2059832815673788,,,,,,,,,,,,False,False
5887663253820296704,,,NGC5822,226.71348571777344,-54.26722717285156,2.4064198,17.577278,2.6267841898834066,,,,,,,,,,,,False,False
5887663391300129536,,,NGC5822,226.7300720214844,-54.24185943603516,0.93996143,13.2065,0.6786506606034419,,,,,,,,,,,,False,False
5887624800961510400,,,NGC5822,226.2782592773437,-54.6973648071289,1.3858652,15.497746,0.2843290834276447,,,,,,,,,,,,False,False
5887624942748546176,,,NGC5822,226.31024169921875,-54.67721557617188,0.970911,13.344802,0.668029713001304,,,,,,,,,,,,False,False
5887625080187337088,,,NGC5822,226.24948120117188,-54.6711311340332,0.9629135,13.94647,0.155675851973551,,,,,,,,,,,,False,False
5887663627465715456,,,NGC5822,226.70445251464844,-54.23046493530274,0.5383673000000001,11.594757,0.1876245207014287,12.054196,122.1277,10.131550872409907,,,,,,,,,True,False
5887625148906977664,,,NGC5822,226.3008117675781,-54.67465209960938,1.4851656000000002,15.265523000000002,0.742221409695818,,,,,,,,,,,,False,False
5887625217626464128,,,NGC5822,226.2755279541016,-54.64993286132813,0.99910736,14.080793,0.1776965985460847,,,,,,,,,,,,False,False
5887625286345666944,,,NGC5822,226.0605010986328,-54.80970764160156,1.3312216,15.390998000000002,0.2102731500134734,,,,,,,,,,,,False,False
5887625389374317440,,,NGC5822,226.06344604492188,-54.78488540649414,2.4700203,18.3396,5.60576267130648,,,,,,,,,,,,False,False
5887625458144389632,,,NGC5822,226.0977325439453,-54.77259063720703,0.5399255999999999,11.765439,0.1517457089803167,,,,,,,,,,,,False,False
5887664078454347648,,,NGC5822,226.5641632080078,-54.23579025268555,2.586069,18.788057,-2.213465310466301,,,,,,,,,,,,False,False
5887492687767321216,,,NGC5822,227.6878356933593,-54.70352554321289,2.2123451000000003,17.277908,1.700603330880747,,,,,,,,,,,,False,False
5887626042259986560,,,NGC5822,226.1414337158203,-54.71988677978516,0.87230396,13.439448,0.202779457469819,,,,,,,,,,,,False,False
5887626076629487872,,,NGC5822,226.15887451171875,-54.70587158203125,1.2622261,15.196388,0.1609430782605779,,,,,,,,,,,,False,False
5887664452115085568,,,NGC5822,226.66162109375,-54.2130012512207,2.2464561,17.877432000000002,1.369361612285802,,,,,,,,,,,,False,False
5887664628255372032,,,NGC5822,226.60943603515625,-54.19831466674805,0.5205002000000001,9.845846,-0.0879094581683955,59.61885,6.2600794,0.10500167983783652,,,,,,,,,True,False
5887626626375564800,,,NGC5822,226.0470123291016,-54.71332931518555,1.1595764,14.824512,0.138565603557329,,,,,,,,,,,,False,False
5887626828186075648,,,NGC5822,226.00851440429688,-54.70241928100586,2.1760254,18.175262,-0.3757843645876699,,,,,,,,,,,,False,False
5887664971848495616,,,NGC5822,226.1814880371093,-54.49678421020508,1.6884384,16.2476,0.575695427561096,,,,,,,,,,,,False,False
5887665040567976192,,,NGC5822,226.21905517578125,-54.49301528930664,0.8343973,13.290423,0.1654797575001559,,,,,,,,,,,,False,False
5887665109287459200,,,NGC5822,226.21414184570312,-54.47453308105469,0.62068844,12.2437315,0.0941527797546901,,,,,,,,,,,,False,False
5887665414182590464,,,NGC5822,226.23776245117188,-54.47694778442383,2.2989426,17.721657,1.908532064058226,,,,,,,,,,,,False,False
5887665521604333696,,,NGC5822,226.24400329589844,-54.45270538330078,0.84062195,13.415481,0.1001619182570705,,,,,,,,,,,,False,False
5887627485369001344,,,NGC5822,226.177978515625,-54.70789337158203,2.367445,17.857075,2.379563123261609,,,,,,,,,,,,False,False
5887627519728744448,,,NGC5822,226.195053100586,-54.70143508911133,0.7635031,12.637552,0.3565658240294071,,,,,,,,,,,,False,False
5887665624683558144,,,NGC5822,226.2400665283203,-54.44139862060547,2.3350468,17.784529,2.1386952458146307,,,,,,,,,,,,False,False
5887665624683571072,,,NGC5822,226.25732421875,-54.43376541137695,0.6179991,10.724108,0.1821736651863749,215.38779,33.41499,0.15513873836580988,,,,,,,,,True,True
5887665895208406272,,,NGC5822,226.2217254638672,-54.4061393737793,0.5444679,11.664618,0.1858138191336959,187.27722,111.21926,0.5938750051928366,,,,,,,,,True,False
5887665899523157376,,,NGC5822,226.2241058349609,-54.418006896972656,2.2004528,18.467106,-11.442677001836062,,,,,,,,,,,,False,False
5887666037000306560,,,NGC5822,226.10275268554688,-54.451904296875,1.1417723,14.73023,0.1538789853757538,,,,,,,,,,,,False,False
5887666101366843904,,,NGC5822,226.13780212402344,-54.44671249389648,0.55807686,10.515804,0.1030749451550593,94.74548,9.517853,0.10045706665901108,,,,,,,,,True,True
5887666140079627136,,,NGC5822,226.1550445556641,-54.437538146972656,0.5977916999999999,12.215813,0.0429274824045088,,,,,,,,,,,,False,False
5887628103844333568,,,NGC5822,226.2240753173828,-54.655311584472656,1.1885518999999998,14.947547,0.1335487353601724,,,,,,,,,,,,False,False
5887666243158736512,,,NGC5822,226.0829467773437,-54.45649337768555,1.2839689,15.368268,0.0929428641690056,,,,,,,,,,,,False,False
5887666277479470720,,,NGC5822,226.109115600586,-54.43205642700195,2.4196072,18.397163,5.166343505562999,,,,,,,,,,,,False,False
5887666277518478336,,,NGC5822,226.1090240478516,-54.43680953979492,1.9259434,16.85262,0.8443298287474086,,,,,,,,,,,,False,False
5887666277518479232,,,NGC5822,226.08963012695312,-54.43688583374024,1.2233086000000002,15.033005,0.1705134110932961,,,,,,,,,,,,False,False
5887666346237957376,,,NGC5822,226.0929412841797,-54.43013000488281,0.92515564,13.819227,0.1201243434688551,,,,,,,,,,,,False,False
5887628344312342144,,,NGC5822,226.2185821533203,-54.63410568237305,2.4064007000000003,18.172878,3.048264596702087,,,,,,,,,,,,False,False
5887666414919237888,,,NGC5822,226.1290740966797,-54.40377426147461,2.296976,18.595797,4.947623091384301,,,,,,,,,,,,False,False
5887666444964220416,,,NGC5822,226.1084442138672,-54.41039276123047,0.45597935,10.943041,0.0813848519435794,,,,,,,,,,,,False,True
5887628344362530816,,,NGC5822,226.227294921875,-54.62017822265625,0.7074547,12.55434,0.1591672827166251,,,,,,,,,,,,False,False
5887666518036755072,,,NGC5822,226.17477416992188,-54.43283462524414,2.0063648,16.95792,1.0611808850122706,,,,,,,,,,,,False,False
5887628447441738368,,,NGC5822,226.2402801513672,-54.62689208984375,2.4195843,17.36437,2.6895408844913486,,,,,,,,,,,,False,False
5887666724195241600,,,NGC5822,226.18310546875,-54.38402557373047,1.9328995,16.84533,0.878123484966574,,,,,,,,,,,,False,False
5887628722319651840,,,NGC5822,226.1429443359375,-54.63934707641602,1.2601757,14.473324,0.6797395742421759,,,,,,,,,,,,False,False
5887666827274447616,,,NGC5822,226.16354370117188,-54.39112854003906,1.164649,14.89121,0.1058440106172556,,,,,,,,,,,,False,False
5887628756679396736,,,NGC5822,226.16896057128903,-54.62488555908203,1.7074442,15.8047495,0.986460752232878,,,,,,,,,,,,False,False
5887666891640813824,,,NGC5822,226.1466522216797,-54.38299560546875,0.52527046,11.775853,0.1185142857474539,,,,,,,,,,,,False,False
5887628962837843968,,,NGC5822,226.0850982666016,-54.61725616455078,1.0666475,14.459818,0.123009131738294,,,,,,,,,,,,False,False
5887667033432920192,,,NGC5822,226.16421508789065,-54.35116195678711,1.237216,9.392119,0.3361715345911954,,,,,,,,,,,,False,False
5887629100276804352,,,NGC5822,226.12710571289065,-54.59692764282226,1.2513246999999998,9.452718,0.3700934336586378,,,,,,,,,,,,False,False
5887629409464399488,,,NGC5822,226.15936279296875,-54.5955696105957,2.023592,17.080404,1.0158221239764291,,,,,,,,,,,,False,False
5887667372682732800,,,NGC5822,226.2823181152344,-54.38840103149414,1.6315688999999998,16.039179999999998,0.575057056020358,,,,,,,,,,,,False,False
5887667411390011008,,,NGC5822,226.23654174804688,-54.38910675048828,0.6667261,11.818567,0.4060297947892954,,,,,,,,,,,,False,False
5887667411390013440,,,NGC5822,226.2552795410156,-54.3896598815918,1.8890476000000005,16.0415,1.3634323376147734,,,,,,,,,,,,False,False
5887667544475841152,,,NGC5822,226.2750244140625,-54.36285018920898,0.5826855,11.762546,0.2393864880045346,40.14947,28.401615,0.7073970092257755,,,,,,,,,True,False
5887629821831514368,,,NGC5822,225.74012756347656,-54.8880615234375,2.4449692,18.09937,3.38490234636219,,,,,,,,,,,,False,False
5887630234148384256,,,NGC5822,225.7677764892578,-54.85285186767578,0.98938847,14.022175,0.187522506875499,,,,,,,,,,,,False,False
5887668098584906368,,,NGC5822,226.3318786621093,-54.305152893066406,1.4569616,15.757428,0.2838161905530813,,,,,,,,,,,,False,False
5887668197310871168,,,NGC5822,226.2452850341797,-54.37513732910156,0.51514435,11.722927,0.1149376619553994,52.865192,23.732777,0.4489301202197468,,,,,,,,,True,False
5887668231676370048,,,NGC5822,226.2242431640625,-54.36643981933594,1.3925246999999998,15.579016,0.2397416794069662,,,,,,,,,,,,False,False
5887668236023752576,,,NGC5822,226.2132873535156,-54.36822128295898,1.0115147,14.270597,0.0873935475259297,,,,,,,,,,,,False,False
5887668373424852224,,,NGC5822,226.2484588623047,-54.34918975830078,1.8546791,16.493002,0.9118917761275668,,,,,,,,,,,,False,False
5887668476541960320,,,NGC5822,226.21543884277344,-54.33692169189453,0.47235775,10.418636,0.0311703785931677,179.45003,21.129496,0.11774584824533046,,,,,,,,,True,True
5887668575267987840,,,NGC5822,226.2260589599609,-54.32357406616211,0.49460125,11.613171,0.1064051860102989,193.753,37.33049,0.19267051348882341,,,,,,,,,True,False
5887668648340678784,,,NGC5822,226.216552734375,-54.31908416748047,0.46408463,10.612509,0.0529770751959397,,,,,,,,,,,,False,True
5887668678347198464,,,NGC5822,226.2291259765625,-54.2985954284668,0.60811424,12.2651415,0.0340292423621115,,,,,,,,,,,,False,False
5887668682700448768,,,NGC5822,226.2306060791016,-54.29774475097656,0.8654031999999999,13.638634,0.0404212640915694,,,,,,,,,,,,False,False
5887668923218632576,,,NGC5822,226.29591369628903,-54.29571914672852,1.8043575,15.744116,1.3159008714864764,,,,,,,,,,,,False,False
5887668957541121152,,,NGC5822,226.3139038085937,-54.27174758911133,2.4995785,17.949516,3.617388251196144,,,,,,,,,,,,False,False
5887631436739303936,,,NGC5822,225.713119506836,-54.776123046875,0.82892895,13.270698,0.1577080458102812,,,,,,,,,,,,False,False
5887631471050955136,,,NGC5822,225.74366760253903,-54.78800964355469,2.4335804,17.990833,3.0538950287445488,,,,,,,,,,,,False,False
5887631471050985728,,,NGC5822,225.73358154296875,-54.78474044799805,2.3036594,18.378267,0.6730432545993985,,,,,,,,,,,,False,False
5887669369894941952,,,NGC5822,226.05409240722656,-54.40710067749024,0.90755653,13.817789,0.063406633552532,,,,,,,,,,,,False,False
5887669369894942464,,,NGC5822,226.0533142089844,-54.40508270263672,0.8225546,13.380456,0.054329454838541,,,,,,,,,,,,False,False
5887631677257768960,,,NGC5822,225.667724609375,-54.78305053710938,0.49213123,11.464165,0.1280065729057614,,,,,,,,,,,,False,False
5887669507333898880,,,NGC5822,226.0884704589844,-54.38492202758789,1.2212906,9.802958,0.4176450843404033,7.8469095,2.5548816,0.32559080743826596,,,,,,,,,True,False
5887669576053375360,,,NGC5822,226.04556274414065,-54.394752502441406,1.0191679,14.228381,0.1388205962444346,,,,,,,,,,,,False,False
5887669576053379456,,,NGC5822,226.051010131836,-54.38492965698242,1.7894343999999998,16.395546,0.7759330497100811,,,,,,,,,,,,False,False
5887631952087205248,,,NGC5822,225.82037353515625,-54.79051208496094,2.676422,18.561120000000003,-36.133232031059066,,,,,,,,,,,,False,False
5887669816533477504,,,NGC5822,226.1143493652344,-54.38059616088867,2.6876945,18.430899,21.309688042842183,,,,,,,,,,,,False,False
5887669915308407552,,,NGC5822,226.1239013671875,-54.35355758666992,2.4443092,17.728725,2.9149447109375153,,,,,,,,,,,,False,False
5887632192653530624,,,NGC5822,225.80343627929688,-54.77057647705078,0.5278816,10.551988,0.0884411868369625,,,,,,,,,,,,False,True
5887669988332473600,,,NGC5822,226.15310668945312,-54.34612655639648,2.4694328,18.420582,8.381801237291352,,,,,,,,,,,,False,False
5887669988370438144,,,NGC5822,226.16212463378903,-54.33692169189453,1.1927729,14.265406,0.6351030638117374,,,,,,,,,,,,False,False
5887670022730161664,,,NGC5822,226.11746215820312,-54.34233093261719,1.1327056999999998,14.667587,0.1715415781632652,,,,,,,,,,,,False,False
5887670052742824704,,,NGC5822,226.1386566162109,-54.33030700683594,1.7445831000000005,16.385514999999998,0.6362899693341886,,,,,,,,,,,,False,False
5887670091449617920,,,NGC5822,226.0821228027344,-54.35623168945313,1.0714006,14.390902,0.1840497651425652,,,,,,,,,,,,False,False
5887670224535430272,,,NGC5822,226.1010284423828,-54.32984924316406,0.550292,11.896256,0.1262415614292533,,,,,,,,,,,,False,False
5887670263248364800,,,NGC5822,226.1178741455078,-54.31697845458984,1.0112371,14.314804,0.0570412766209685,,,,,,,,,,,,False,False
5887670297608106368,,,NGC5822,226.10171508789065,-54.31273651123047,1.377512,14.820715,0.7619788549436062,,,,,,,,,,,,False,False
5887670400687108992,,,NGC5822,226.013412475586,-54.36619186401367,1.3670759,15.557706,0.1831430775041291,,,,,,,,,,,,False,False
5887670400687505536,,,NGC5822,226.00613403320312,-54.35803604125977,1.1853886,14.942192000000002,0.1284067246446038,,,,,,,,,,,,False,False
5887670435046853376,,,NGC5822,225.9783935546875,-54.3599967956543,1.040596,14.437528,0.061708814932353,,,,,,,,,,,,False,False
5887632673689923584,,,NGC5822,225.91940307617188,-54.70343399047852,0.487422,11.661848,0.0803227716372101,77.73079,48.637497,0.6257172608177533,,,,,,,,,True,False
5887632708059089920,,,NGC5822,225.85348510742188,-54.73762512207031,2.3161125,18.4942,-3.330977481811108,,,,,,,,,,,,False,False
5887670675565034624,,,NGC5822,225.9799194335937,-54.33283996582031,0.84727573,13.415691,0.1253462270250056,,,,,,,,,,,,False,False
5887670705571768064,,,NGC5822,225.95584106445312,-54.33629989624024,1.2196636,9.84752,0.423969878451582,,,,,,,,,,,,False,False
5887670739931505920,,,NGC5822,225.96734619140625,-54.33152389526367,0.41659737,10.730177,0.0305726728967135,,,,,,,,,,,,False,True
5887670778644245760,,,NGC5822,226.00115966796875,-54.33407974243164,0.7666712,13.029792,0.0570980753514718,,,,,,,,,,,,False,False
5887632982927526528,,,NGC5822,225.7651214599609,-54.76786422729492,1.1028461,13.881785999999998,0.6517687860516955,,,,,,,,,,,,False,False
5887670843016867584,,,NGC5822,225.9815368652344,-54.32747650146485,1.1055583999999998,14.678060999999998,0.0862941929366575,,,,,,,,,,,,False,False
5887670847363731840,,,NGC5822,225.9764099121093,-54.31922149658203,0.8998318000000001,13.765007999999998,0.0729548690746131,,,,,,,,,,,,False,False
5887670911732586240,,,NGC5822,226.0553741455078,-54.32158279418945,2.3305378,17.869251000000002,2.0751325295310847,,,,,,,,,,,,False,False
5887670950443310336,,,NGC5822,226.06756591796875,-54.30649185180664,1.0785513,14.569194,0.083138962170819,,,,,,,,,,,,False,False
5887671225320855552,,,NGC5822,226.036849975586,-54.30132675170898,0.6953621,12.585204,0.0740040407565941,,,,,,,,,,,,False,False
5887671255327574144,,,NGC5822,226.01382446289065,-54.28559494018555,0.5245675999999999,11.727159,0.1321841520452725,,,,,,,,,,,,False,False
5887633326524978304,,,NGC5822,225.7374267578125,-54.72591781616211,1.9971371,17.04574,0.9384708641801544,,,,,,,,,,,,False,False
5887671324053601024,,,NGC5822,226.0555419921875,-54.27302932739258,0.8138876,13.26904,0.096698286897799,,,,,,,,,,,,False,False
5887671358413317632,,,NGC5822,226.0684509277344,-54.27566909790039,1.3337116000000002,15.411156,0.2019015682924125,,,,,,,,,,,,False,False
5887671431479631360,,,NGC5822,226.0470733642578,-54.24931335449219,0.64962673,12.33952,0.1151489696856188,,,,,,,,,,,,False,False
5887633532683401984,,,NGC5822,225.828857421875,-54.71109390258789,1.3688765,8.683394999999999,0.5749805739444516,,,,,,,,,,,,False,False
5887671495851987456,,,NGC5822,226.18975830078125,-54.31001663208008,2.2382889,16.764048000000003,2.0898544319346555,,,,,,,,,,,,False,False
5887671534558688640,,,NGC5822,226.1450958251953,-54.31820678710938,0.65290546,12.3717,0.0981320816357851,,,,,,,,,,,,False,False
5887633631414465024,,,NGC5822,225.82907104492188,-54.67990112304688,2.1478977,17.42494,1.2549007451970609,,,,,,,,,,,,False,False
5887633734493698432,,,NGC5822,225.8358612060547,-54.67298889160156,1.2112341,15.030010999999998,0.1384858340182574,,,,,,,,,,,,False,False
5887633768853068416,,,NGC5822,225.8531188964844,-54.65858459472656,0.76925755,12.990372,0.0960327014732964,,,,,,,,,,,,False,False
5887633768853069312,,,NGC5822,225.854736328125,-54.6711311340332,0.6543435999999999,12.349212,0.1242311685571811,,,,,,,,,,,,False,False
5887671775076892416,,,NGC5822,226.14703369140625,-54.29378890991211,0.9159298,13.75372,0.1341306490050718,,,,,,,,,,,,False,False
5887671843758842624,,,NGC5822,226.13400268554688,-54.28704071044922,2.2302532000000004,18.441334,-5.1035798585588035,,,,,,,,,,,,False,False
5887672015557666560,,,NGC5822,226.2301177978516,-54.284645080566406,2.4143906000000004,18.285173,3.621537220622656,,,,,,,,,,,,False,False
5887672118674325504,,,NGC5822,226.2259826660156,-54.263465881347656,0.9160633,13.952727,0.0025787386313213,,,,,,,,,,,,False,False
5887672187393824640,,,NGC5822,226.27993774414065,-54.24614334106445,0.48220253,11.703862,0.0570639465603672,,,,,,,,,,,,False,False
5887672187393862656,,,NGC5822,226.2704162597656,-54.24063873291016,0.5391722,10.30565,0.0546654493304351,57.22678,5.2783246,0.09223521924525546,,,,,,,,,True,True
5887672565350881408,,,NGC5822,226.1147308349609,-54.28429794311523,0.7945336999999999,13.11211,0.1262322360334671,,,,,,,,,,,,False,False
5887672634070369792,,,NGC5822,226.09783935546875,-54.273963928222656,0.40143776,11.122453,0.0298163447448309,,,,,,,,,,,,False,True
5887672634070370176,,,NGC5822,226.09967041015625,-54.27364349365234,1.1049098999999998,15.243521,-0.320581292799634,,,,,,,,,,,,False,False
5887634868364806144,,,NGC5822,225.6736755371093,-54.7182502746582,2.3633022,17.773064,2.348739977585508,,,,,,,,,,,,False,False
5887672908948377216,,,NGC5822,226.07066345214844,-54.2414436340332,1.8456898,16.656023,0.7351689101872086,,,,,,,,,,,,False,False
5887672938961637760,,,NGC5822,226.08595275878903,-54.2280158996582,1.7969074,16.544435999999997,0.6681983684947702,,,,,,,,,,,,False,False
5887672973321270784,,,NGC5822,226.11134338378903,-54.239990234375,2.0594559,17.104599,1.1467986132058368,,,,,,,,,,,,False,False
5887673115106754176,,,NGC5822,226.15956115722656,-54.23675155639648,1.3796539,14.772726,0.8033235566085962,,,,,,,,,,,,False,False
5887673699222534656,,,NGC5822,226.42271423339844,-54.31940841674805,0.83308506,13.321082,0.1374907923408332,,,,,,,,,,,,False,False
5887635456828810240,,,NGC5822,225.5061950683593,-54.74114990234375,0.69565773,12.553224,0.1055155047900068,,,,,,,,,,,,False,False
5887673871021234432,,,NGC5822,226.4257202148437,-54.29362869262695,0.43012047,10.753226,0.0428825369917427,,,,,,,,,,,,False,True
5887673871021234688,,,NGC5822,226.423095703125,-54.29394912719727,0.5526694999999999,11.901356,0.1293423473911887,,,,,,,,,,,,False,False
5887674004112928000,,,NGC5822,226.3612365722656,-54.30193710327149,1.8198986,16.538937,0.7526135771189735,,,,,,,,,,,,False,False
5887635697347057664,,,NGC5822,225.52993774414065,-54.689414978027344,0.46690178,11.229395,0.1062251911020083,,,,,,,,,,,,False,True
5887635800426234752,,,NGC5822,225.57928466796875,-54.70241928100586,1.9392586,16.812475,0.9332864999907352,,,,,,,,,,,,False,False
5887503171834046336,,,NGC5822,227.75946044921875,-54.51489639282226,0.8838053,13.741917,0.0348081497786565,,,,,,,,,,,,False,False
5887636075304199680,,,NGC5822,225.5474853515625,-54.670143127441406,1.665081,16.216673,0.5283291881220159,,,,,,,,,,,,False,False
5887674347719419392,,,NGC5822,226.479232788086,-54.25926971435547,2.6503162,18.150963,6.404426888627341,,,,,,,,,,,,False,False
5887674725668083200,,,NGC5822,226.45362854003903,-54.21328735351562,1.9673252,16.96143,0.9003682956107723,,,,,,,,,,,,False,False
5887674798698003840,,,NGC5822,226.3516998291016,-54.26792526245117,2.3188152,17.709827,2.0505299357502684,,,,,,,,,,,,False,False
5887636487620984192,,,NGC5822,225.7217559814453,-54.68321990966797,0.93688107,13.943142000000002,0.0750651288259379,,,,,,,,,,,,False,False
5887674828746946944,,,NGC5822,226.3241729736328,-54.26383209228516,1.2422323,15.136819,0.1483281443546671,,,,,,,,,,,,False,False
5887674833093948800,,,NGC5822,226.339111328125,-54.26487731933594,2.3805256,17.636827,2.470038224691816,,,,,,,,,,,,False,False
5887503721545621632,,,NGC5822,227.6275329589844,-54.50653457641602,2.2375908,18.414293,-2.922107340107671,,,,,,,,,,,,False,False
5887674970532920192,,,NGC5822,226.3509063720703,-54.24670791625977,1.8238201,16.126453,1.1007329654244933,,,,,,,,,,,,False,False
5887636625059974784,,,NGC5822,225.6575469970703,-54.67532348632813,1.7155857,16.285915,0.6294617930583027,,,,,,,,,,,,False,False
5887636659419710848,,,NGC5822,225.68521118164065,-54.67123031616211,1.3570308999999998,15.517105,0.1862979659455701,,,,,,,,,,,,False,False
5887675279770651648,,,NGC5822,226.3329162597656,-54.21149063110352,1.2158728,15.048486,0.1382316144017832,,,,,,,,,,,,False,False
5887675412862835328,,,NGC5822,226.4039459228516,-54.21361541748047,2.207817,17.518316,1.4934320287717555,,,,,,,,,,,,False,False
5887637002969842688,,,NGC5822,225.80406188964844,-54.631385803222656,2.081728,17.353367000000002,0.9925398987509376,,,,,,,,,,,,False,False
5887675520252815488,,,NGC5822,226.4106750488281,-54.20090866088867,2.2413502,17.859293,1.351770501910411,,,,,,,,,,,,False,False
5887637410985335040,,,NGC5822,225.6636657714844,-54.65880966186523,0.590477,12.143506,0.077691174819824,,,,,,,,,,,,False,False
5887675966968436992,,,NGC5822,226.52247619628903,-54.20370101928711,0.7249135999999999,12.81028,0.0164966567625612,,,,,,,,,,,,False,False
5887676168777206016,,,NGC5822,226.50498962402344,-54.19192886352539,1.8379135,16.56169,0.7945014298952447,,,,,,,,,,,,False,False
5887637892032034816,,,NGC5822,225.65870666503903,-54.59261703491211,2.1033401,17.310489999999998,1.146509174607548,,,,,,,,,,,,False,False
5887676413645036672,,,NGC5822,226.5780792236328,-54.191932678222656,1.232317,14.996927,0.2221133687991925,,,,,,,,,,,,False,False
5887637965042766336,,,NGC5822,225.7299652099609,-54.60129165649414,2.1614227,17.124508,1.574055383184927,,,,,,,,,,,,False,False
5887676551084010496,,,NGC5822,226.59947204589844,-54.16584396362305,0.7432966,12.172705,0.5160848785285578,,,,,,,,,,,,False,False
5887638033809328512,,,NGC5822,225.7098693847656,-54.59829330444336,0.96867085,13.7133665,0.3395589488648195,,,,,,,,,,,,False,False
5887638102481753856,,,NGC5822,225.7483825683593,-54.58842086791992,2.0543346,17.84967,-0.1402847429197695,,,,,,,,,,,,False,False
5887676722879705984,,,NGC5822,226.55601501464844,-54.1452522277832,1.176652,14.3806715,0.5021702504977914,,,,,,,,,,,,False,False
5887676722880102272,,,NGC5822,226.5618133544922,-54.14557647705078,1.7466354,16.454165,0.5806392592825625,,,,,,,,,,,,False,False
5887638446126219520,,,NGC5822,225.7103881835937,-54.53726196289063,0.7969904000000001,13.179344,0.0894514045670767,,,,,,,,,,,,False,False
5887677233929339264,,,NGC5822,226.43028259277344,-54.15747833251953,1.3512287,15.431292,0.2364701161810612,,,,,,,,,,,,False,False
5887677616235981696,,,NGC5822,226.5043487548828,-54.10907363891602,2.4353657,18.618872,-2.3744179100675273,,,,,,,,,,,,False,False
5887639236400520960,,,NGC5822,226.01405334472656,-54.63232803344727,0.4962654,11.425075,0.1380998404868811,,,,,,,,,,,,False,False
5887677856751229696,,,NGC5822,226.46978759765625,-54.10015487670898,0.776988,13.073001,0.0750471880957701,,,,,,,,,,,,False,False
5887639545638189696,,,NGC5822,225.9960174560547,-54.59673690795898,1.2719793,15.194686,0.1898495890775494,,,,,,,,,,,,False,False
5887639683077010944,,,NGC5822,225.8817138671875,-54.63465881347656,0.8429270000000001,13.453212,0.0833072316616337,,,,,,,,,,,,False,False
5887639683077125504,,,NGC5822,225.8913116455078,-54.64497375488281,1.1881208,14.947660999999998,0.1322446156604831,,,,,,,,,,,,False,False
5887678097269190528,,,NGC5822,226.3048858642578,-54.22080993652344,1.4338408,15.671618,0.2857449730034188,,,,,,,,,,,,False,False
5887678131629388800,,,NGC5822,226.2682037353516,-54.21157455444336,0.9053726,13.813011,0.0594044719234976,,,,,,,,,,,,False,False
5887678200348427392,,,NGC5822,226.3189697265625,-54.20801162719727,2.0681438,17.02419,1.2552481416049222,,,,,,,,,,,,False,False
5887639923595184640,,,NGC5822,225.8388061523437,-54.630821228027344,1.1226273,14.754319,0.0823307599225836,,,,,,,,,,,,False,False
5887678543945926144,,,NGC5822,226.2767944335937,-54.17057037353516,1.2065048,15.086103,0.0843301445919789,,,,,,,,,,,,False,False
5887678715744596480,,,NGC5822,226.3458404541016,-54.16392135620117,0.8554697,13.475141,0.114804884042581,,,,,,,,,,,,False,False
5887640438946873984,,,NGC5822,225.91989135742188,-54.58417892456055,0.5776148,10.593862,0.1290627892709274,161.69977,27.130127,0.16778086326282346,,,,,,,,,True,True
5887595457749823232,,,NGC5822,227.61148071289065,-54.04371643066406,2.0872993,17.265589000000002,1.115523673444939,,,,,,,,,,,,False,False
5887640885667985024,,,NGC5822,226.077392578125,-54.580543518066406,0.6373491,12.241657,0.1505199071680934,,,,,,,,,,,,False,False
5887640954342797184,,,NGC5822,226.03872680664065,-54.59332275390625,2.5730858,18.374485,9.968107574792937,,,,,,,,,,,,False,False
5887679334219948416,,,NGC5822,226.27333068847656,-54.15456771850586,1.2082062,15.087448,0.0881655787468002,,,,,,,,,,,,False,False
5887679402939481728,,,NGC5822,226.24295043945312,-54.13895034790039,1.5699987,15.870969,0.5264856561600868,,,,,,,,,,,,False,False
5887595908760304896,,,NGC5822,227.48956298828125,-54.04671859741211,2.470436,18.194057,4.107005799491588,,,,,,,,,,,,False,False
5887641156200893312,,,NGC5822,226.04542541503903,-54.56544494628906,2.0468903000000003,17.099903,1.0969166433393214,,,,,,,,,,,,False,False
5887679639111238272,,,NGC5822,226.2187042236328,-54.12800979614258,1.1020079,14.67274,0.0797671854158392,,,,,,,,,,,,False,False
5887641435423836544,,,NGC5822,226.12652587890625,-54.52914047241211,1.5103493,8.231162,0.4136959439491366,,,,,,,,,,,,False,False
5887641469793097472,,,NGC5822,226.1526031494141,-54.5178337097168,0.57127476,11.921142,0.1634205366906475,,,,,,,,,,,,False,False
5887641572872313728,,,NGC5822,226.07916259765625,-54.53026580810547,1.3124199,15.392458,0.1554903470668883,,,,,,,,,,,,False,False
5887679918335599232,,,NGC5822,226.2983856201172,-54.10712051391602,1.1552982,14.872217,0.0927252116589044,,,,,,,,,,,,False,False
5887641641582270848,,,NGC5822,226.1278686523437,-54.5250244140625,0.6223841,10.589259,0.1591200717317451,,,,,,,,,,,,False,True
5887641641582281216,,,NGC5822,226.12841796875,-54.51713943481445,0.9796076,14.123307,0.0888881096594798,,,,,,,,,,,,False,False
5887641744661527040,,,NGC5822,226.1154937744141,-54.49031829833984,0.85180664,13.350448000000002,0.1904922773236242,,,,,,,,,,,,False,False
5887641813381177600,,,NGC5822,226.0297241210937,-54.55550765991211,1.3006287,15.354055,0.1513120574518715,,,,,,,,,,,,False,False
5887641882100456064,,,NGC5822,226.0037078857422,-54.53791427612305,0.66501045,12.2613,0.2290466457343832,,,,,,,,,,,,False,False
5887543922455909120,,,NGC5822,227.4755249023437,-54.60765075683594,2.032463,17.692484,0.1430764937188415,,,,,,,,,,,,False,False
5887680227538132096,,,NGC5822,226.2725982666016,-54.0651741027832,2.4088326,17.859742999999998,2.7172550272509164,,,,,,,,,,,,False,False
5887642053899155584,,,NGC5822,225.96620178222656,-54.538795471191406,0.7808552,13.059862,0.1014222296678039,,,,,,,,,,,,False,False
5887642118279868544,,,NGC5822,225.9624786376953,-54.53686141967773,2.7316818,18.193827,8.205362671761094,,,,,,,,,,,,False,False
5887680468091367040,,,NGC5822,226.426025390625,-54.10092544555664,0.4880494999999999,10.767496,0.0895259744421314,,,,,,,,,,,,False,True
5887642363136803712,,,NGC5822,226.0745086669922,-54.51409912109375,0.59414196,10.94234,0.2108123366939835,,,,,,,,,,,,False,True
5887642466216028032,,,NGC5822,226.09849548339844,-54.49924850463867,0.51204395,11.497234,0.1561451832654067,231.58215,77.78254,0.33587450500826593,,,,,,,,,True,False
5887642706734233216,,,NGC5822,226.0351104736328,-54.47232055664063,1.2539167,15.246182,0.1002109237494911,,,,,,,,,,,,False,False
5887642805464232704,,,NGC5822,226.0406494140625,-54.4616584777832,0.5788449999999999,11.888307,0.1951236427249071,,,,,,,,,,,,False,False
5887642809813457792,,,NGC5822,226.0389404296875,-54.46161651611328,0.5953225999999999,12.151095,0.0862390461318242,,,,,,,,,,,,False,False
5887642977264551552,,,NGC5822,225.81695556640625,-54.59083557128906,1.5731831,16.038397,0.396595788109703,,,,,,,,,,,,False,False
5887642981611923200,,,NGC5822,225.8270721435547,-54.58319473266602,0.57891846,11.299631,0.2552048981546714,234.40799,74.86195,0.3193660335554261,,,,,,,,,True,False
5887643153410609152,,,NGC5822,225.7940826416016,-54.60214614868164,0.7225666000000001,12.791417,0.0208522805641425,,,,,,,,,,,,False,False
5887643320864445824,,,NGC5822,225.83718872070312,-54.56584930419922,2.524557,17.520761,3.296001363527777,,,,,,,,,,,,False,False
5887598279582734848,,,NGC5822,227.5966796875,-53.93268585205078,2.235054,17.061222,1.9298002309473448,,,,,,,,,,,,False,False
5887681773761587328,,,NGC5822,226.3438415527344,-54.03528213500977,0.6077328000000001,10.760509,0.1818691467471604,214.11325,24.368917,0.11381321333453208,,,,,,,,,True,True
5887643668806883840,,,NGC5822,225.9060821533203,-54.52548599243164,1.101099,14.546845,0.1638451476369863,,,,,,,,,,,,False,False
5887643909325079552,,,NGC5822,225.86915588378903,-54.5030746459961,1.2042503,14.37306,0.5893455850191629,,,,,,,,,,,,False,False
5887644076778836992,,,NGC5822,225.7666320800781,-54.55218124389648,1.9210777,16.712296,0.9562191601872212,,,,,,,,,,,,False,False
5887644184202795520,,,NGC5822,225.7813262939453,-54.53515243530274,1.0385294,14.077854,0.3018338653847036,,,,,,,,,,,,False,False
5887644218562540416,,,NGC5822,225.8057403564453,-54.52012634277344,0.7438116,12.801519,0.119656292526733,,,,,,,,,,,,False,False
5887644287282015488,,,NGC5822,225.7567596435547,-54.53241729736328,0.91175556,13.841325,0.0615601744384111,,,,,,,,,,,,False,False
5887682559681866752,,,NGC5822,225.48028564453125,-54.68762969970703,1.7721175999999998,17.217717999999998,-0.2892978505744614,,,,,,,,,,,,False,False
5887682564002313088,,,NGC5822,225.4805450439453,-54.68747329711914,1.8892765,17.30244,0.1152857067853785,,,,,,,,,,,,False,False
5887644630879412608,,,NGC5822,225.8222503662109,-54.49726867675781,0.89718914,13.746689000000002,0.0763639995542697,,,,,,,,,,,,False,False
5887644665248727040,,,NGC5822,225.8484039306641,-54.49476623535156,0.9017248,13.783215,0.0671255851535593,,,,,,,,,,,,False,False
5887682907633247232,,,NGC5822,225.48570251464844,-54.661399841308594,0.89847755,13.219545000000002,0.4905721267138244,,,,,,,,,,,,False,False
5887644802678106752,,,NGC5822,225.8025817871093,-54.49672317504883,1.5814867,15.986682,0.4658899696938691,,,,,,,,,,,,False,False
5887644802678111616,,,NGC5822,225.78961181640625,-54.49014663696289,1.0203743,14.344611,0.0643290450430987,,,,,,,,,,,,False,False
5887682976352753408,,,NGC5822,225.4659423828125,-54.63512420654297,0.46655846,10.69,0.0639137034159593,,,,,,,,,,,,False,True
5887644935768013056,,,NGC5822,225.8248443603516,-54.47176742553711,0.5156746,11.226346,0.1679021389829482,,,,,,,,,,,,False,True
5887683113791694336,,,NGC5822,225.5304718017578,-54.6353759765625,1.1274719,14.753328,0.0968667422074983,,,,,,,,,,,,False,False
5887600027600884992,,,NGC5822,227.4010162353516,-53.98611450195313,2.1122513,17.496794,0.9783584597433188,,,,,,,,,,,,False,False
5887683182511171328,,,NGC5822,225.58102416992188,-54.62435531616211,1.6122531999999998,16.070423,0.4893662917477212,,,,,,,,,,,,False,False
5887645318074512000,,,NGC5822,225.9693298339844,-54.46597671508789,0.6553296999999999,12.407184,0.0730313715091713,,,,,,,,,,,,False,False
5887645386793826176,,,NGC5822,225.92774963378903,-54.49489974975586,0.5931244000000001,11.237793,0.2672621280526203,,,,,,,,,,,,False,False
5887645455513328640,,,NGC5822,225.9183654785156,-54.47026443481445,0.5170164,10.258233,0.0311817923954738,,,,,,,,,,,,False,True
5887683556124242176,,,NGC5822,225.4044647216797,-54.66242218017578,1.9877377,17.010054,0.9352350318517346,,,,,,,,,,,,False,False
5887645627311994368,,,NGC5822,225.99530029296875,-54.480995178222656,0.84716606,13.121331,0.3512162635947147,,,,,,,,,,,,False,False
5887683663547528832,,,NGC5822,225.40643310546875,-54.64096450805664,0.7703972,12.910547,0.1621186713805996,,,,,,,,,,,,False,False
5887600753497745152,,,NGC5822,227.4378662109375,-53.91181564331055,2.3162842,17.681974,2.0451899282237207,,,,,,,,,,,,False,False
5887545880961597568,,,NGC5822,227.4571685791016,-54.49445724487305,2.6544056,18.514639000000003,350.0340687801707,,,,,,,,,,,,False,False
5887683800986516992,,,NGC5822,225.4425048828125,-54.60704803466797,0.53973293,10.277993,0.0497999429823921,,,,,,,,,,,,False,True
5887646035279631232,,,NGC5822,225.9891815185547,-54.42086791992188,0.57232666,11.963476,0.1447978047466655,,,,,,,,,,,,False,False
5887646314506813440,,,NGC5822,225.91287231445312,-54.4429817199707,0.48565388,11.681578,0.0709689757965851,,,,,,,,,,,,False,False
5887646348866553088,,,NGC5822,225.9213409423828,-54.43981552124024,1.4631653,15.745262,0.3120083918115914,,,,,,,,,,,,False,False
5887646451945771008,,,NGC5822,225.8635711669922,-54.4482307434082,0.4760704,10.634264,0.0640750061153654,97.2922,15.239506,0.15663646212132115,,,,,,,,,True,True
5887646451945778176,,,NGC5822,225.8451690673828,-54.44248580932617,1.228549,9.806001,0.4235948241079428,7.4779267,2.4042175,0.32150856734126587,,,,,,,,,True,False
5887646722479746944,,,NGC5822,225.9354858398437,-54.4217414855957,2.3096828,17.036839999999998,2.254633105299954,,,,,,,,,,,,False,False
5887684724346666496,,,NGC5822,225.572998046875,-54.5943603515625,2.3134575,17.870179999999998,1.9334673400709297,,,,,,,,,,,,False,False
5887647070421087360,,,NGC5822,225.89463806152344,-54.39946746826172,0.6377363,12.296836,0.1088081696931061,,,,,,,,,,,,False,False
5887647207860049152,,,NGC5822,225.9217529296875,-54.3691520690918,1.9678192,16.206196,1.496889527691826,,,,,,,,,,,,False,False
5887685136666190080,,,NGC5822,225.58045959472656,-54.55128479003906,2.1927128,17.456825,1.4641563994548026,,,,,,,,,,,,False,False
5887685209735777408,,,NGC5822,225.65370178222656,-54.57233047485352,0.8625088,13.517704,0.11129883113717,,,,,,,,,,,,False,False
5887647413976970240,,,NGC5822,226.45643615722656,-54.69296264648438,2.2018452,18.060265,0.5325151300638137,,,,,,,,,,,,False,False
5887685690772240896,,,NGC5822,225.6356506347656,-54.50479507446289,0.67848015,10.38838,0.1601575952176586,,,,,,,,,,,,False,True
5887685759491649152,,,NGC5822,225.52752685546875,-54.56423950195313,1.8203773,16.552296,0.7421607280783976,,,,,,,,,,,,False,False
5887685789501244160,,,NGC5822,225.55064392089844,-54.55622863769531,2.3767166,17.02161,2.5385007192760667,,,,,,,,,,,,False,False
5887686137449079936,,,NGC5822,225.5048217773437,-54.51667785644531,0.99566174,14.165157,0.1100593337533958,,,,,,,,,,,,False,False
5887547491560308608,,,NGC5822,227.1517639160156,-54.55193328857422,2.4595717999999995,18.74715,-0.3829661782293225,,,,,,,,,,,,False,False
5887686377967022976,,,NGC5822,225.58111572265625,-54.50759506225586,1.7993907999999998,16.560495,0.6618114531077166,,,,,,,,,,,,False,False
5887686584125493376,,,NGC5822,225.56011962890625,-54.4902458190918,1.8744259,16.467346,1.0001306399250771,,,,,,,,,,,,False,False
5887686790251554816,,,NGC5822,225.5745544433593,-54.45919799804688,2.0549831000000003,17.742055999999998,0.1756821497438838,,,,,,,,,,,,False,False
5887548148704668288,,,NGC5822,227.20977783203125,-54.46895599365234,2.3813705,18.4268,4.093442993322466,,,,,,,,,,,,False,False
5887687816721502208,,,NGC5822,225.4049072265625,-54.51610946655274,0.5699482,11.819529,0.1986222448669554,56.54391,67.48973,1.1935808825388976,,,,,,,,,True,False
5887687821076084480,,,NGC5822,225.4048614501953,-54.51740646362305,1.3923159,15.65976,0.1743063191258281,,,,,,,,,,,,False,False
5887688954947554432,,,NGC5822,225.3768310546875,-54.46112060546875,0.7204914000000001,12.542424,0.2297665384550059,,,,,,,,,,,,False,False
5887689023634889088,,,NGC5822,225.34048461914065,-54.45059585571289,2.6124687,18.686293,-5.608103854700422,,,,,,,,,,,,False,False
5887689058026625792,,,NGC5822,225.4645538330078,-54.52585220336914,1.236557,15.079002,0.1745988416637365,,,,,,,,,,,,False,False
5887689465993872256,,,NGC5822,225.4715118408203,-54.47756958007813,2.4789352000000004,17.848965,3.2755844043801443,,,,,,,,,,,,False,False
5887690569855278080,,,NGC5822,225.4196014404297,-54.42839813232422,1.4016676,15.631186499999998,0.224602579088064,,,,,,,,,,,,False,False
5887690913452675584,,,NGC5822,225.48426818847656,-54.3907356262207,0.7151860999999999,12.514536,0.2293713841454031,,,,,,,,,,,,False,False
5887691463208728832,,,NGC5822,225.7100524902344,-54.48455810546875,0.7825755999999999,12.993385,0.1566115574403209,,,,,,,,,,,,False,False
5887691527573242752,,,NGC5822,225.6707000732422,-54.49445343017578,0.5732107,12.020117,0.1144122076760369,,,,,,,,,,,,False,False
5887691669367167744,,,NGC5822,225.6977844238281,-54.4731674194336,0.93986607,13.934992,0.0899942073931982,,,,,,,,,,,,False,False
5887691806775861248,,,NGC5822,225.7518920898437,-54.47159194946289,1.2259274,9.882994,0.4343029243747575,,,,,,,,,,,,False,False
5887550480850929664,,,NGC5822,227.3443298339844,-54.34493255615234,1.2854862,15.315027,0.1379286604518282,,,,,,,,,,,,False,False
5887554333488288512,,,NGC5822,227.6334686279297,-54.3042106628418,0.9253893,13.946485,0.0362908311954421,,,,,,,,,,,,False,False
5887555222492011392,,,NGC5822,227.4441833496093,-54.39425659179688,2.4143543,18.20318,3.255066591043187,,,,,,,,,,,,False,False
5887555570438653056,,,NGC5822,227.5174560546875,-54.36162567138672,2.3929367000000004,18.084946,2.7269427013774106,,,,,,,,,,,,False,False
5887555810956846848,,,NGC5822,227.48388671875,-54.33894729614258,1.6614466,15.874139,0.797270456481705,,,,,,,,,,,,False,False
5887556085806619648,,,NGC5822,227.3800811767578,-54.36744689941406,2.5825615,18.323526,8.20794876258948,,,,,,,,,,,,False,False
5887558658469281024,,,NGC5822,227.52734375,-54.22749328613281,1.9238014,16.815517,0.8718133820373518,,,,,,,,,,,,False,False
5887558933342846336,,,NGC5822,227.60693359375,-54.19064331054688,0.9735832,13.971591,0.172394351372905,,,,,,,,,,,,False,False
5887559178184280960,,,NGC5822,227.56588745117188,-54.18344116210938,2.8490334,18.46496,47.909963827038105,,,,,,,,,,,,False,False
5887559311302719872,,,NGC5822,227.12136840820312,-54.52747344970703,1.0163565,14.321093,0.0681008388188452,,,,,,,,,,,,False,False
5887691909885343488,,,NGC5822,225.75782775878903,-54.45040893554688,0.6677475,12.491312,0.0399840040043436,,,,,,,,,,,,False,False
5887692047324309248,,,NGC5822,225.80311584472656,-54.42521286010742,0.54564095,11.808935,0.1500873581460073,52.57887,14.786844,0.28123168109166286,,,,,,,,,True,False
5887692150403526272,,,NGC5822,225.7176513671875,-54.44063186645508,0.5658827,10.84015,0.1642205379422652,,,,,,,,,,,,False,True
5887692562720404992,,,NGC5822,225.6652374267578,-54.42914962768555,0.9628639,13.345191,0.6356591417021041,,,,,,,,,,,,False,False
5887692592735604608,,,NGC5822,225.6655731201172,-54.4275016784668,2.1235905,17.199987,1.3459795813198367,,,,,,,,,,,,False,False
5887693009397030016,,,NGC5822,225.7044219970703,-54.39121627807617,0.62726307,12.29006,0.0778543444938611,,,,,,,,,,,,False,False
5887693318634689152,,,NGC5822,225.6945953369141,-54.37482452392578,0.81029034,13.214263,0.1212146644864311,,,,,,,,,,,,False,False
5887693352994427008,,,NGC5822,225.71218872070312,-54.371543884277344,0.9048538,13.746616,0.1020037093689879,,,,,,,,,,,,False,False
5887693490433521280,,,NGC5822,225.8292236328125,-54.40809631347656,1.0127459,14.318863,0.058832302940469,,,,,,,,,,,,False,False
5887693593512738560,,,NGC5822,225.853256225586,-54.39584350585938,0.46239567,10.877361,0.0810775899162247,,,,,,,,,,,,False,True
5887693730951516800,,,NGC5822,225.78924560546875,-54.39443588256836,0.52257633,11.828634,0.0935409946033737,,,,,,,,,,,,False,False
5887693765311433856,,,NGC5822,225.81141662597656,-54.39682769775391,0.80050373,13.146647,0.1279350481420635,,,,,,,,,,,,False,False
5887693799671179520,,,NGC5822,225.7903594970703,-54.38757705688477,0.5745678000000001,11.358146,0.2536125637992459,104.04755,69.32125,0.6662458654720846,,,,,,,,,True,False
5887693834030920448,,,NGC5822,225.79830932617188,-54.38215637207031,0.47336292,10.892767999999998,0.0923702370080436,,,,,,,,,,,,False,True
5887693864041260416,,,NGC5822,225.8181610107422,-54.36753463745117,2.2397594,17.494242,1.692592902947733,,,,,,,,,,,,False,False
5887693868390658944,,,NGC5822,225.8292388916016,-54.3753662109375,1.1659613000000002,14.940122,0.0747821383414793,,,,,,,,,,,,False,False
5887693868390661632,,,NGC5822,225.81695556640625,-54.37430953979492,0.93685436,13.910207000000002,0.0969025450826138,,,,,,,,,,,,False,False
5887694418146495488,,,NGC5822,225.8820343017578,-54.32792663574219,0.9394245,14.014744,0.0359228608283792,,,,,,,,,,,,False,False
5887694418146668800,,,NGC5822,225.88270568847656,-54.33155059814453,1.0724468,14.511259,0.1049147229597653,,,,,,,,,,,,False,False
5887694654315444096,,,NGC5822,225.7621612548828,-54.34737014770508,2.1897830000000003,17.46424,1.4416232301123046,,,,,,,,,,,,False,False
5887694830433272960,,,NGC5822,225.7286071777344,-54.35022354125977,2.414791,17.782454,2.7288534579583623,,,,,,,,,,,,False,False
5887694997906791040,,,NGC5822,225.76974487304688,-54.31459426879883,0.55561924,11.811998,0.170295617768307,,,,,,,,,,,,False,False
5887695032266528768,,,NGC5822,225.7383728027344,-54.31274795532226,0.70434475,12.16524,0.4014140377715177,,,,,,,,,,,,False,False
5887695036621645696,,,NGC5822,225.7415313720703,-54.31654739379883,0.91368675,13.756626999999998,0.1246785371806335,,,,,,,,,,,,False,False
5887695070981554944,,,NGC5822,225.75987243652344,-54.3116683959961,0.92304516,13.816454,0.1150794768191385,,,,,,,,,,,,False,False
5887695174060763776,,,NGC5822,225.80044555664065,-54.31339645385742,0.4694766999999999,11.270084,0.1086205414958196,156.16614,28.862473,0.1848190203074751,,,,,,,,,True,True
5887695204065219328,,,NGC5822,225.8150177001953,-54.30465316772461,0.59427834,11.807878,0.2534448911849534,,,,,,,,,,,,False,False
5887695208420507264,,,NGC5822,225.8105773925781,-54.30290985107422,0.83741,13.28329,0.1832081971627946,,,,,,,,,,,,False,False
5887695307150905216,,,NGC5822,225.8382263183593,-54.28886413574219,1.8869381,16.753420000000002,0.7927904435113683,,,,,,,,,,,,False,False
5887695345859616512,,,NGC5822,225.8583526611328,-54.2788314819336,1.0607939,14.317628,0.2028540998234667,,,,,,,,,,,,False,False
5887695414582228480,,,NGC5822,225.7993469238281,-54.28910827636719,0.52808094,10.596261,0.0952201233720827,,,,,,,,,,,,False,True
5887695517628977152,,,NGC5822,225.82925415039065,-54.27934646606445,1.9810772,16.891223999999998,1.021926224227211,,,,,,,,,,,,False,False
5887695552017909632,,,NGC5822,225.84141540527344,-54.26456069946289,1.3028965,14.612679,0.7009144046124386,,,,,,,,,,,,False,False
5887695517658163200,,,NGC5822,225.82997131347656,-54.27994537353516,1.8847294,15.93322,1.4245931941994183,,,,,,,,,,,,False,False
5887695517658166912,,,NGC5822,225.81591796875,-54.27756881713867,1.3925419,8.5469,0.5030708598011521,8.827192,0.91721267,0.10390763789889242,,,,,,,,,True,False
5887695620737397760,,,NGC5822,225.8087615966797,-54.25337600708008,1.006072,14.150119,0.1519912421316894,,,,,,,,,,,,False,False
5887695998664408832,,,NGC5822,225.5389404296875,-54.3807487487793,2.4465237,18.494484,22.572898745482693,,,,,,,,,,,,False,False
5887696136133261312,,,NGC5822,225.57379150390625,-54.36597442626953,1.4528399,15.030738,0.8222036285568304,,,,,,,,,,,,False,False
5887696651499613568,,,NGC5822,225.65914916992188,-54.31477737426758,2.4577427000000003,18.407495,7.135980597159962,,,,,,,,,,,,False,False
5887696892047528448,,,NGC5822,225.56007385253903,-54.3450813293457,1.9059105,16.710379,0.902575090296081,,,,,,,,,,,,False,False
5887697059497137280,,,NGC5822,225.51153564453125,-54.34926986694336,0.8360424000000001,13.29366,0.1697851342522674,,,,,,,,,,,,False,False
5887697854120183552,,,NGC5822,225.7052459716797,-54.33452606201172,1.0857668,14.603678,0.0804352594787226,,,,,,,,,,,,False,False
5887697922839680384,,,NGC5822,225.67774963378903,-54.31986999511719,1.0173073,14.06318,0.2462795989915971,,,,,,,,,,,,False,False
5887697987204027264,,,NGC5822,225.73789978027344,-54.30735397338867,0.47618294,10.83636,0.0883481604229586,162.40422,24.19506,0.14898048831489724,,,,,,,,,True,True
5887698163328175232,,,NGC5822,225.6865234375,-54.29189682006836,2.3213062,18.26257,1.663093546147106,,,,,,,,,,,,False,False
5887698266407446912,,,NGC5822,225.7010040283203,-54.27418518066406,2.3508587000000003,18.339115,2.289646226475655,,,,,,,,,,,,False,False
5887698296441666688,,,NGC5822,225.7175750732422,-54.26112747192383,0.517519,11.629029,0.143971633334049,,,,,,,,,,,,False,False
5887698330807997952,,,NGC5822,225.68202209472656,-54.27471923828125,2.3263474,17.871912,2.0393924599809745,,,,,,,,,,,,False,False
5887698644394381952,,,NGC5822,225.80035400390625,-54.23515701293945,0.5423174,10.28974,0.0537166206353815,28.184553,5.786035,0.20529099751910204,,,,,,,,,True,True
5887698919272305920,,,NGC5822,225.76495361328125,-54.2057113647461,1.716505,16.343403,0.5816710864017968,,,,,,,,,,,,False,False
5887698919272306816,,,NGC5822,225.74978637695312,-54.20661163330078,0.8781328000000002,13.543793,0.1491937810170449,,,,,,,,,,,,False,False
5887699262869541888,,,NGC5822,225.6313323974609,-54.246360778808594,0.5467043,10.593816,0.1077128295271398,,,,,,,,,,,,False,True
5887699640826811520,,,NGC5822,225.7253875732422,-54.21432876586914,1.3897057,8.583644,0.5108586614992617,,,,,,,,,,,,False,False
5887699915704730752,,,NGC5822,225.7087860107422,-54.18057632446289,0.94418716,13.85931,0.1549390521973807,,,,,,,,,,,,False,False
5887699950064471424,,,NGC5822,225.7136688232422,-54.17242813110352,1.7645912,16.309498,0.767764444467276,,,,,,,,,,,,False,False
5887708539999594624,,,NGC5822,225.2574005126953,-54.1850471496582,0.5860615,10.03092,0.0229030562590286,86.46616,6.1488853,0.07111319966100033,,,,,,,,,True,True
5887709154127863680,,,NGC5822,225.4441833496093,-54.29301071166992,1.7929343999999998,16.44097,0.7481297083725877,,,,,,,,,,,,False,False
5887756089528342144,,,NGC5822,227.0442352294922,-54.10685348510742,1.5489969,15.853368,0.4780753173208811,,,,,,,,,,,,False,False
5887709536432187136,,,NGC5822,225.5469512939453,-54.26104736328125,0.84768677,13.35287,0.1723732554314609,,,,,,,,,,,,False,False
5887709845645317504,,,NGC5822,225.54498291015625,-54.22724533081055,2.1190453,17.316076000000002,1.2176705087829045,,,,,,,,,,,,False,False
5887756609212139264,,,NGC5822,226.9182891845703,-54.12503051757813,0.53744125,10.404194,0.0711666516196034,140.10843,11.736598,0.0837679645685845,,,,,,,,,True,True
5887710567199969408,,,NGC5822,225.44219970703125,-54.21833419799805,2.0953026,17.556458,0.7977189238668867,,,,,,,,,,,,False,False
5887710910797539840,,,NGC5822,225.46339416503903,-54.18191146850586,2.1904564,17.720942,1.1612435623455792,,,,,,,,,,,,False,False
5887711323138628224,,,NGC5822,225.54559326171875,-54.20981979370117,2.2037162999999995,16.906162,1.885181811273133,,,,,,,,,,,,False,False
5887712040347803264,,,NGC5822,225.6522216796875,-54.13124847412109,2.8080292,18.19964,9.5284019628504,,,,,,,,,,,,False,False
5887805984205160704,,,NGC5822,227.0441131591797,-53.70302200317383,2.3558903,17.64836,2.31240263143126,,,,,,,,,,,,False,False
5887806259053454592,,,NGC5822,227.14077758789065,-53.67910385131836,1.4766883999999998,15.688946,0.3969566599530275,,,,,,,,,,,,False,False
5887759083165706368,,,NGC5822,226.7513732910156,-54.1038703918457,1.8332729,16.572951999999997,0.7681947878329409,,,,,,,,,,,,False,False
5887807014997562880,,,NGC5822,227.01084899902344,-53.66658401489258,1.3910961000000002,15.722403,0.1192229940132336,,,,,,,,,,,,False,False
5887713281619408512,,,NGC5822,225.3543395996093,-54.21778106689453,2.7186852000000004,18.60657,-18.52657685450141,,,,,,,,,,,,False,False
5887713419058473344,,,NGC5822,225.3985137939453,-54.190467834472656,2.4805107000000004,18.313622,5.433336336061057,,,,,,,,,,,,False,False
5887713522163246208,,,NGC5822,225.317626953125,-54.20481491088867,1.087717,14.531016,0.1358480120258501,,,,,,,,,,,,False,False
5887713797039855104,,,NGC5822,225.4129638671875,-54.18673324584961,0.8245106,13.187544,0.2016555147151469,,,,,,,,,,,,False,False
5887807633472681728,,,NGC5822,227.04586791992188,-53.60747146606445,1.7754688000000003,16.52944,0.6083325727796347,,,,,,,,,,,,False,False
5887759697300865024,,,NGC5822,226.8248291015625,-54.11326217651367,1.9857769,16.93773,0.9973759512908102,,,,,,,,,,,,False,False
5887714587313916416,,,NGC5822,225.3230743408203,-54.1423225402832,0.8833131999999999,13.503264,0.1965110523518198,,,,,,,,,,,,False,False
5887760285756456960,,,NGC5822,226.9074859619141,-54.05851745605469,0.5542259,11.9353895,0.1160845974805512,,,,,,,,,,,,False,False
5887760457555176064,,,NGC5822,226.9049530029297,-54.03324890136719,0.793396,13.250225,0.0247115257648692,,,,,,,,,,,,False,False
5887760526274620416,,,NGC5822,226.80743408203125,-54.08505249023438,1.1547003,14.873139000000002,0.0903739464140484,,,,,,,,,,,,False,False
5887715824240672768,,,NGC5822,225.4482269287109,-54.09054946899414,2.3595428,17.66935,2.3329221053116926,,,,,,,,,,,,False,False
5887715858624267136,,,NGC5822,225.456787109375,-54.08864212036133,1.0133429,14.088033,0.2167778292024885,,,,,,,,,,,,False,False
5887716030422954496,,,NGC5822,225.54693603515625,-54.07396697998047,1.6959572,16.281445,0.5700980906388435,,,,,,,,,,,,False,False
5887716236581408512,,,NGC5822,225.5525360107422,-54.04607772827149,0.6744460999999999,12.325976,0.2176102891203468,,,,,,,,,,,,False,False
5887716305300879488,,,NGC5822,225.5108337402344,-54.0617790222168,1.913744,16.751935999999997,0.8934990725016996,,,,,,,,,,,,False,False
5887810176093320192,,,NGC5822,226.98712158203125,-53.62137985229492,1.9156837,16.631195,1.0069728183250992,,,,,,,,,,,,False,False
5887716404034632576,,,NGC5822,225.5272216796875,-54.0413703918457,2.2630463,17.410154000000002,1.871893934565563,,,,,,,,,,,,False,False
5887716781990364928,,,NGC5822,225.4305877685547,-54.03446960449219,1.806694,15.800138,1.2836109360617065,,,,,,,,,,,,False,False
5887858829470560512,,,NGC5822,226.8563537597656,-53.49884796142578,2.4681778,18.695889,-1.3207964904902252,,,,,,,,,,,,False,False
5887717301733338240,,,NGC5822,225.47412109375,-54.00732803344727,2.290741,17.677343,1.8790049319740896,,,,,,,,,,,,False,False
5887762312981296256,,,NGC5822,227.1808013916016,-54.07414245605469,1.4085063999999998,15.652435,0.2273836917786308,,,,,,,,,,,,False,False
5887717610970994304,,,NGC5822,225.46603393554688,-53.96239471435547,1.2894926000000002,15.231769,0.2119231251188588,,,,,,,,,,,,False,False
5887717645323908992,,,NGC5822,225.926010131836,-54.32772445678711,1.3615627,14.856838,0.6901948954821013,,,,,,,,,,,,False,False
5887717851482350848,,,NGC5822,225.95396423339844,-54.28903198242188,1.1520405,14.8912945,0.0699706499991163,,,,,,,,,,,,False,False
5887717885842088064,,,NGC5822,225.968017578125,-54.28903579711914,0.8743706,13.595009,0.1007734150283204,,,,,,,,,,,,False,False
5887717954561568768,,,NGC5822,225.9217224121093,-54.29223251342773,0.8067006999999999,13.255622,0.0764229976142277,,,,,,,,,,,,False,False
5887717984571754240,,,NGC5822,225.89195251464844,-54.2833023071289,0.6654892,12.490523,0.0308503787585235,,,,,,,,,,,,False,False
5887717988921313664,,,NGC5822,225.888900756836,-54.28524780273438,0.46651936,11.572804,0.0668320864209161,71.72716,54.462883,0.7593062795181073,,,,,,,,,True,False
5887762897097240064,,,NGC5822,227.08200073242188,-54.05485153198242,1.2023811000000002,14.347095499999998,0.6029647193691638,,,,,,,,,,,,False,False
5887718435584552448,,,NGC5822,226.0340270996093,-54.23394012451172,2.1811066,18.266668,-1.1485650503571438,,,,,,,,,,,,False,False
5887718435598169984,,,NGC5822,226.02267456054688,-54.2445068359375,0.91646194,13.800589000000002,0.1041399770947051,,,,,,,,,,,,False,False
5887763614303383040,,,NGC5822,227.03668212890625,-54.00195693969727,1.9025402,16.798555,0.8076573563613128,,,,,,,,,,,,False,False
5887718641756609408,,,NGC5822,226.00408935546875,-54.22352981567383,0.8636818000000002,13.59344,0.0645305277062622,,,,,,,,,,,,False,False
5887718740485998208,,,NGC5822,225.876953125,-54.28239440917969,0.59895897,10.824321,0.1885074281845881,,,,,,,,,,,,False,True
5887718809208021120,,,NGC5822,225.8616943359375,-54.26605606079102,2.4922905,18.027044,3.7317299946472824,,,,,,,,,,,,False,False
5887718916634278784,,,NGC5822,225.914306640625,-54.23872375488281,0.8213872999999999,13.2421,0.1475732695015145,,,,,,,,,,,,False,False
5887719019713485056,,,NGC5822,225.849609375,-54.26300048828125,0.7848501,13.054188,0.1234487333612204,,,,,,,,,,,,False,False
5887719054073235584,,,NGC5822,225.8680419921875,-54.2427978515625,0.49952888,10.74757,0.0958439709207079,153.26776,25.23089,0.1646196825738172,,,,,,,,,True,True
5887764340206222336,,,NGC5822,227.20526123046875,-53.97361755371094,0.8429736999999999,12.845395,0.5824752922080906,,,,,,,,,,,,False,False
5887719122792720896,,,NGC5822,225.8445587158203,-54.23715209960938,1.0865593,14.599371,0.0856736120713334,,,,,,,,,,,,False,False
5887719191512205568,,,NGC5822,225.88563537597656,-54.21931457519531,0.7164191999999999,12.452284,0.2859235434918117,,,,,,,,,,,,False,False
5887719328951145472,,,NGC5822,225.9508209228516,-54.22064590454102,1.5808506000000002,15.816244,0.6025074390245908,,,,,,,,,,,,False,False
5887719432030368256,,,NGC5822,225.9618988037109,-54.2096061706543,1.043436,14.470786,0.047649913960141,,,,,,,,,,,,False,False
5887719500749855488,,,NGC5822,225.9587860107422,-54.198707580566406,1.2076912,15.035236,0.1246692521405019,,,,,,,,,,,,False,False
5887764885618763008,,,NGC5822,227.2538604736328,-53.916015625,2.502468,17.818474,3.4220481509468734,,,,,,,,,,,,False,False
5887719775627784320,,,NGC5822,225.91766357421875,-54.18027114868164,1.1866264,14.996670000000002,0.0928463853982906,,,,,,,,,,,,False,False
5887719809987536128,,,NGC5822,225.9408569335937,-54.15652465820313,0.914052,13.851906,0.062039652513138,,,,,,,,,,,,False,False
5887719913066933760,,,NGC5822,226.0458221435547,-54.22131729125977,2.0713196,16.746879999999997,1.4807106380670478,,,,,,,,,,,,False,False
5887719943083859072,,,NGC5822,226.0474548339844,-54.20859909057617,0.8201885,13.1785965,0.1898048391557863,,,,,,,,,,,,False,False
5887719981774209280,,,NGC5822,226.0831298828125,-54.20587539672852,2.044613,17.008974,1.1710112164504658,,,,,,,,,,,,False,False
5887765199199464448,,,NGC5822,227.10850524902344,-53.97172164916992,0.5440531,11.822246,0.1422099007474106,,,,,,,,,,,,False,False
5887720153585111552,,,NGC5822,226.0378570556641,-54.20388412475586,1.4854813,15.912560999999998,0.2385748879818636,,,,,,,,,,,,False,False
5887720153585114240,,,NGC5822,226.0245513916016,-54.19672012329102,1.4574671,15.798505,0.2513875506031167,,,,,,,,,,,,False,False
5887720561559526784,,,NGC5822,226.15261840820312,-54.14653396606445,1.1109495,14.126713,0.4899255033433225,,,,,,,,,,,,False,False
5887720664638645248,,,NGC5822,226.0764923095703,-54.16383361816406,1.8989124,16.792768,0.7996010720675564,,,,,,,,,,,,False,False
5887720909499512704,,,NGC5822,226.1013336181641,-54.10688018798828,0.795022,13.18341,0.0781163941964568,,,,,,,,,,,,False,False
5887720978218851072,,,NGC5822,226.0128173828125,-54.16994857788086,0.50734615,11.645817,0.1214992203351384,,,,,,,,,,,,False,False
5887721012578584704,,,NGC5822,225.9741058349609,-54.17138290405274,1.5582981000000002,15.952402,0.4243094625135017,,,,,,,,,,,,False,False
5887721253083470848,,,NGC5822,225.97869873046875,-54.1485824584961,1.0800486,14.653279,0.0300062786773557,,,,,,,,,,,,False,False
5887721253096772864,,,NGC5822,225.97886657714844,-54.14797592163086,0.8034029,13.061162,0.2024741076511402,,,,,,,,,,,,False,False
5887721493614962304,,,NGC5822,226.0463256835937,-54.13406753540039,0.7454128000000001,12.8390255,0.0958199384574271,,,,,,,,,,,,False,False
5887721527974715008,,,NGC5822,226.0639495849609,-54.1208610534668,0.8217573,13.27941,0.1217009505342069,,,,,,,,,,,,False,False
5887721729790962432,,,NGC5822,226.08384704589844,-54.09123611450195,2.4669056,17.803151999999997,3.1326256082202826,,,,,,,,,,,,False,False
5887721768479797888,,,NGC5822,226.02194213867188,-54.11579513549805,2.704094,18.436481,23.57160180596908,,,,,,,,,,,,False,False
5887721802852639360,,,NGC5822,226.02378845214844,-54.09794998168945,1.2710409,15.255988,0.1414485327772076,,,,,,,,,,,,False,False
5887721871572117632,,,NGC5822,226.0142364501953,-54.09500503540039,1.2236872,9.7288885,0.4063325134379339,,,,,,,,,,,,False,False
5887722215155180544,,,NGC5822,225.8535461425781,-54.19298553466797,1.468214,15.75201,0.3213618115976351,,,,,,,,,,,,False,False
5887722313898780672,,,NGC5822,225.7940673828125,-54.21284484863281,0.5176678,11.673805,0.1335240938443824,,,,,,,,,,,,False,False
5887722313909495808,,,NGC5822,225.7919006347656,-54.21257400512695,1.0535765,14.390369,0.1317935432153376,,,,,,,,,,,,False,False
5887722455687385216,,,NGC5822,225.81759643554688,-54.1898193359375,0.55506325,10.401557,0.0821873602788191,,,,,,,,,,,,False,True
5887722455687385984,,,NGC5822,225.8219146728516,-54.18814849853516,0.5994253,12.224101,0.0411645525411709,,,,,,,,,,,,False,False
5887722485704730368,,,NGC5822,225.8222961425781,-54.17721939086914,1.9840794,17.007439,0.9227590347431992,,,,,,,,,,,,False,False
5887722490047130496,,,NGC5822,225.8304748535156,-54.17818069458008,0.76841927,12.827649,0.2217081305932137,,,,,,,,,,,,False,False
5887722554416944000,,,NGC5822,225.8190155029297,-54.16228866577149,0.63439846,12.196409,0.172426134213513,,,,,,,,,,,,False,False
5887722627486285312,,,NGC5822,225.88673400878903,-54.16371154785156,1.1942959,15.036768,0.0856251947044732,,,,,,,,,,,,False,False
5887722661845822080,,,NGC5822,225.870346069336,-54.17000198364258,1.5750008,16.04061,0.4002676593626288,,,,,,,,,,,,False,False
5887722863654589184,,,NGC5822,225.8485107421875,-54.16103744506836,0.62359333,12.254419,0.0951954741510956,,,,,,,,,,,,False,False
5887723275978781184,,,NGC5822,225.7851409912109,-54.16653060913086,2.323309,18.012384,1.9419777007825656,,,,,,,,,,,,False,False
5887723314680881536,,,NGC5822,225.79449462890625,-54.15111541748047,1.0367289000000002,14.360193,0.1023812539024316,,,,,,,,,,,,False,False
5887768463374721408,,,NGC5822,227.121826171875,-53.89248275756836,1.4208965,15.313049,0.524518244182928,,,,,,,,,,,,False,False
5887723417760100864,,,NGC5822,225.7376708984375,-54.15887069702149,1.4653683000000002,15.724151999999998,0.3355992974245816,,,,,,,,,,,,False,False
5887768532094192384,,,NGC5822,227.07693481445312,-53.90655899047852,2.157648,17.832157000000002,0.7290056920671408,,,,,,,,,,,,False,False
5887724345473036416,,,NGC5822,225.9322509765625,-54.11782836914063,1.377636,15.240454,0.4555170449327812,,,,,,,,,,,,False,False
5887724581641501440,,,NGC5822,225.8931427001953,-54.09767150878906,0.5108680999999999,11.650401,0.126830332899775,,,,,,,,,,,,False,False
5887724620350974720,,,NGC5822,225.89962768554688,-54.084205627441406,1.0861464,14.533994,0.1292423999216425,,,,,,,,,,,,False,False
5887724689070672640,,,NGC5822,225.93663024902344,-54.0753173828125,0.5277052,10.9403105,0.1482268288651242,15.832188,6.4711413,0.4087332275235741,,,,,,,,,True,True
5887724860869358464,,,NGC5822,225.973861694336,-54.08667755126953,1.1496171999999998,14.741694,0.1683063039728813,,,,,,,,,,,,False,False
5887769803404597376,,,NGC5822,226.996810913086,-53.8350601196289,0.91615295,13.752463,0.1357325626156015,,,,,,,,,,,,False,False
5887724929588858112,,,NGC5822,226.01564025878903,-54.06900787353516,1.0178738,13.574537,0.6188940888889005,,,,,,,,,,,,False,False
5887724929588860672,,,NGC5822,226.0270233154297,-54.06734085083008,1.0416412,14.390018,0.0967941179659179,,,,,,,,,,,,False,False
5887769940843537792,,,NGC5822,227.06948852539065,-53.83917999267578,0.70458317,12.597541,0.1063127953844446,,,,,,,,,,,,False,False
5887725067027810560,,,NGC5822,225.955307006836,-54.06150817871094,1.4146442,15.1967125,0.5927065086353678,,,,,,,,,,,,False,False
5887725135734700800,,,NGC5822,225.95323181152344,-54.05345153808594,1.9476242,16.813164,0.9643672529068265,,,,,,,,,,,,False,False
5887770490599568896,,,NGC5822,226.6112823486328,-54.12411117553711,1.058219,14.504526,0.0680323284815645,,,,,,,,,,,,False,False
5887770559271613184,,,NGC5822,226.666244506836,-54.1129264831543,2.2836018,18.648022,4.24207239036898,,,,,,,,,,,,False,False
5887725754222366592,,,NGC5822,225.87179565429688,-54.04330825805664,1.096529,13.931866,0.5920627631346034,,,,,,,,,,,,False,False
5887726127840672640,,,NGC5822,225.9644470214844,-53.99363327026367,2.5215970000000003,18.452536,15.220729996532691,,,,,,,,,,,,False,False
5887726441417895552,,,NGC5822,226.16212463378903,-54.14021682739258,0.84431744,13.46809,0.0785134122669414,,,,,,,,,,,,False,False
5887726471427113856,,,NGC5822,226.176025390625,-54.11642074584961,0.6328268,12.326228,0.0652458700792677,,,,,,,,,,,,False,False
5887726815024494464,,,NGC5822,226.13262939453125,-54.0816879272461,0.62243176,12.17262,0.1517189429666844,,,,,,,,,,,,False,False
5887727231691507584,,,NGC5822,226.243392944336,-54.04595565795898,1.7521523999999995,15.824594,1.10449710177732,,,,,,,,,,,,False,False
5887727364780305792,,,NGC5822,226.1966247558593,-54.04034423828125,0.51222706,11.118559,0.1563036291827073,183.2843,77.8626,0.42481871060423615,,,,,,,,,True,True
5887727437849949184,,,NGC5822,226.23594665527344,-54.0283203125,0.87844086,13.5672035,0.1340726484126082,,,,,,,,,,,,False,False
5887772311665855360,,,NGC5822,226.6543426513672,-53.99094009399414,1.7440538,15.979604,0.9655967169137164,,,,,,,,,,,,False,False
5887728537361645056,,,NGC5822,226.17828369140625,-53.97305679321289,0.78148746,12.939648,0.1930797020921992,,,,,,,,,,,,False,False
5887824499759398912,,,NGC5822,226.34912109375,-53.85333633422852,0.56095886,11.788452,0.1884299198192248,,,,,,,,,,,,False,False
5887824572832694016,,,NGC5822,226.3041076660156,-53.86438751220703,1.7761765,16.438257,0.694342442768068,,,,,,,,,,,,False,False
5887729048418457344,,,NGC5822,226.28941345214844,-53.99438095092773,2.2795448,17.737714999999998,1.763120437687464,,,,,,,,,,,,False,False
5887773273738520192,,,NGC5822,226.80328369140625,-53.96262741088867,1.7292900000000002,16.35891,0.6096863022912339,,,,,,,,,,,,False,False
5887729220206977920,,,NGC5822,226.34829711914065,-53.97239303588867,2.4879723,17.640228,3.151571201779746,,,,,,,,,,,,False,False
5887729258916116736,,,NGC5822,226.3198699951172,-53.97417449951172,1.3569136,15.422481,0.2595053208757159,,,,,,,,,,,,False,False
5887825397432825216,,,NGC5822,226.50460815429688,-53.85735321044922,2.8004608,18.633554,-17.040426912559713,,,,,,,,,,,,False,False
5887729602513523712,,,NGC5822,226.3332061767578,-53.94952774047852,1.9524097,16.068157,1.540352532754077,,,,,,,,,,,,False,False
5887729636873275008,,,NGC5822,226.3409118652344,-53.935325622558594,2.080246,17.196270000000002,1.151875275162468,,,,,,,,,,,,False,False
5887730010480157056,,,NGC5822,226.18711853027344,-53.96794128417969,0.61714554,12.179751,0.1308065922864193,,,,,,,,,,,,False,False
5887774064012579712,,,NGC5822,226.64463806152344,-53.9584846496582,1.6274776000000002,16.01521,0.582356442028742,,,,,,,,,,,,False,False
5887826050297818752,,,NGC5822,226.5589294433593,-53.78483581542969,0.7903328000000001,12.969908,0.2115185697888668,,,,,,,,,,,,False,False
5887774201451571968,,,NGC5822,226.663330078125,-53.93539047241211,0.7277956,12.694818,0.1323189535376931,,,,,,,,,,,,False,False
5887730289708308096,,,NGC5822,226.28126525878903,-53.94639205932617,0.91641235,13.72104,0.1581817926675452,,,,,,,,,,,,False,False
5887730289716317056,,,NGC5822,226.2679138183593,-53.94014739990234,1.1462755,14.78994,0.1249606599035593,,,,,,,,,,,,False,False
5887731114342199040,,,NGC5822,226.01573181152344,-54.02606582641602,1.1043091,14.601066,0.1357885259692457,,,,,,,,,,,,False,False
5887775575841090560,,,NGC5822,226.5874481201172,-53.95907592773438,1.6733351000000003,15.93658,0.7845729338393133,,,,,,,,,,,,False,False
5887732076414921728,,,NGC5822,226.0263214111328,-53.97007369995117,1.2452450000000002,9.662142,0.4112904703801909,,,,,,,,,,,,False,False
5887732243874101888,,,NGC5822,225.96401977539065,-53.96034622192383,1.9301262,16.729303,0.9743226060595828,,,,,,,,,,,,False,False
5887776091190706304,,,NGC5822,226.491439819336,-53.949684143066406,2.5429096,18.385387,9.47631578437427,,,,,,,,,,,,False,False
5887777117681015040,,,NGC5822,226.6248779296875,-53.93067169189453,1.0204782,14.147407,0.1979066381171078,,,,,,,,,,,,False,False
5887777529998304000,,,NGC5822,226.61892700195312,-53.86293029785156,2.0649834,17.161985,1.1163990422072063,,,,,,,,,,,,False,False
5887734103639550592,,,NGC5822,226.2097625732422,-53.81570434570313,1.871254,16.570562,0.9026530945277664,,,,,,,,,,,,False,False
5887777671738867328,,,NGC5822,226.6835479736328,-53.87902450561523,2.4175262,17.860037,2.78834077960956,,,,,,,,,,,,False,False
5887735306230593280,,,NGC5822,225.68719482421875,-54.11697006225586,2.3391342,17.24435,2.3163513142266514,,,,,,,,,,,,False,False
5887832372490189696,,,NGC5822,226.5818786621093,-53.70566177368164,0.9693413,13.966209,0.16263773781938,,,,,,,,,,,,False,False
5887736744998326016,,,NGC5822,225.62960815429688,-54.04359817504883,2.3346348,17.599926,2.190723071568969,,,,,,,,,,,,False,False
5887833575053827072,,,NGC5822,226.5435485839844,-53.65061950683594,2.0896187,17.454468,0.9091054480479516,,,,,,,,,,,,False,False
5887737466554264704,,,NGC5822,225.8223114013672,-54.02698135375977,2.414341,17.930657999999998,2.8088868686221655,,,,,,,,,,,,False,False
5887737677043522944,,,NGC5822,225.8371734619141,-53.99306869506836,2.2234688,17.760026999999997,1.3426659126091214,,,,,,,,,,,,False,False
5887737951930564096,,,NGC5822,225.8126220703125,-53.96102142333984,0.58091736,11.9548855,0.1700675605412576,,,,,,,,,,,,False,False
5887738119379265408,,,NGC5822,225.8993682861328,-53.96835708618164,2.107092,17.566116,0.852801799649593,,,,,,,,,,,,False,False
5887780764162074624,,,NGC5822,226.8079833984375,-53.83165740966797,1.0819302,14.612045000000002,0.063633394261464,,,,,,,,,,,,False,False
5887738432967141120,,,NGC5822,225.88104248046875,-53.92778015136719,0.8736924999999999,13.512576,0.155112075772574,,,,,,,,,,,,False,False
5887780970320512896,,,NGC5822,226.8484802246093,-53.81671142578125,1.5772991000000005,16.045126,0.4034347485110769,,,,,,,,,,,,False,False
5887781038995661312,,,NGC5822,226.8956756591797,-53.81892776489258,2.0439816000000004,17.730782,0.1270478476868448,,,,,,,,,,,,False,False
5887738707835903616,,,NGC5822,225.80291748046875,-53.95429611206055,1.4560013,15.68701,0.3380680540974903,,,,,,,,,,,,False,False
5887835327400633856,,,NGC5822,226.6805419921875,-53.59656143188477,2.5676842,17.614501999999998,3.628923339981263,,,,,,,,,,,,False,False
5887835361760363776,,,NGC5822,226.6538391113281,-53.60383987426758,2.491108,18.58024,-9.571808381792769,,,,,,,,,,,,False,False
5887782035472401920,,,NGC5822,227.0078582763672,-53.7812385559082,2.418316,17.898135999999997,2.8198531280748096,,,,,,,,,,,,False,False
5887740013514890624,,,NGC5822,225.54815673828125,-53.99481201171875,0.80341816,13.066218,0.1988245228156637,,,,,,,,,,,,False,False
5887782241630848640,,,NGC5822,226.9956817626953,-53.77447509765625,0.81743526,12.73244,0.549871118629276,,,,,,,,,,,,False,False
5887782482105101440,,,NGC5822,227.0070953369141,-53.72845077514648,2.4282188,17.894201000000002,2.901825632683088,,,,,,,,,,,,False,False
5887741834581042176,,,NGC5822,225.69723510742188,-53.94804000854492,0.9376221,13.779531,0.1883928944674197,,,,,,,,,,,,False,False
5887742139477525504,,,NGC5822,225.6926727294922,-53.90716934204102,1.3375387,15.468202,0.1686465424995173,,,,,,,,,,,,False,False
5887743616947539072,,,NGC5822,225.71192932128903,-53.8248405456543,0.6120576999999999,11.9990635,0.2243646810809243,,,,,,,,,,,,False,False
5887744549000822016,,,NGC5822,225.9361572265625,-53.87155151367188,0.73333263,12.560698,0.2739784069827303,,,,,,,,,,,,False,False
5887744789519005312,,,NGC5822,225.9956512451172,-53.86289596557617,0.74449444,12.650005,0.2535561995195118,,,,,,,,,,,,False,False
5887744995677450112,,,NGC5822,225.9803924560547,-53.84607696533203,0.963151,13.947766,0.1555493485269644,,,,,,,,,,,,False,False
5887745133116352000,,,NGC5822,225.87242126464844,-53.89484786987305,1.0962257,14.560925,0.1400209390729396,,,,,,,,,,,,False,False
5887745167476094720,,,NGC5822,225.88302612304688,-53.8890380859375,1.8673983,15.843368,1.4338831012004063,,,,,,,,,,,,False,False
5887745201835832192,,,NGC5822,225.8520812988281,-53.88587188720703,1.7015971999999997,16.127454999999998,0.7188171051404031,,,,,,,,,,,,False,False
5887787155030147840,,,NGC5822,226.80386352539065,-53.65716934204102,2.6017246,18.758377,-3.058286794892528,,,,,,,,,,,,False,False
5887746301347736704,,,NGC5822,226.0360565185547,-53.83586883544922,1.3173838,9.73252,0.4803716790254894,,,,,,,,,,,,False,False
5887787498627547776,,,NGC5822,226.849838256836,-53.64176940917969,2.251587,18.321257,-0.2377849892872214,,,,,,,,,,,,False,False
5887788907414203776,,,NGC5822,227.32676696777344,-53.85105895996094,1.2614555,15.249504,0.1191108082236407,,,,,,,,,,,,False,False
5887789491494255232,,,NGC5822,227.2168731689453,-53.84850692749024,2.730856,18.393843,17.400929999594698,,,,,,,,,,,,False,False
5887749050126612992,,,NGC5822,225.8533477783203,-53.79632949829102,0.67845345,12.417734,0.1569763470454243,,,,,,,,,,,,False,False
5887845291752483328,,,NGC5822,226.0426177978516,-53.63332748413086,1.477993,15.826963,0.2885484788662604,,,,,,,,,,,,False,False
5887750218357812992,,,NGC5822,225.8360137939453,-53.71983337402344,1.0928993,14.696426999999998,0.0373026529249205,,,,,,,,,,,,False,False
5887750390156498944,,,NGC5822,225.7915496826172,-53.71823120117188,1.4826155,15.69962,0.4057887345741543,,,,,,,,,,,,False,False
5887792412072027008,,,NGC5822,227.2053680419922,-53.84527206420898,2.501896,18.615602,-5.826000192177607,,,,,,,,,,,,False,False
5887847903068918784,,,NGC5822,226.1411590576172,-53.49394989013672,2.4198666,18.409792000000003,5.526926844640189,,,,,,,,,,,,False,False
5887792854442042880,,,NGC5822,227.21990966796875,-53.78742218017578,1.877821,16.683365,0.8252354140619901,,,,,,,,,,,,False,False
5887848384129229184,,,NGC5822,226.2135772705078,-53.44713973999024,1.1653614,14.730797,0.2209915335246036,,,,,,,,,,,,False,False
5887753001438842752,,,NGC5822,226.90802001953125,-54.29631805419922,2.3329105,18.941473,2.093064652333628,,,,,,,,,,,,False,False
5887753070211120512,,,NGC5822,226.89810180664065,-54.28822708129883,0.8469639000000001,13.248671,0.2495607976363767,,,,,,,,,,,,False,False
5887848830782025472,,,NGC5822,226.03530883789065,-53.47921752929688,2.2522564,18.50224,-24.491785133663615,,,,,,,,,,,,False,False
5887753757353264512,,,NGC5822,226.9014892578125,-54.22576141357422,2.3127422,18.587877,4.185911057665142,,,,,,,,,,,,False,False
5887753826125410304,,,NGC5822,226.9408721923828,-54.21127700805664,1.4893265,15.769644,0.3692063995105267,,,,,,,,,,,,False,False
5887754577699597184,,,NGC5822,226.8618621826172,-54.21218872070313,2.329668,17.009987,2.3469692840797594,,,,,,,,,,,,False,False
5887755063075968896,,,NGC5822,226.9917907714844,-54.22530746459961,0.7677288000000001,12.929874,0.1336361320090592,,,,,,,,,,,,False,False
5887700121863351296,,,NGC5822,225.22080993652344,-54.51593780517578,1.2757711,15.207253,0.1912658125206616,,,,,,,,,,,,False,False
5887700224942574464,,,NGC5822,225.2749786376953,-54.48177337646485,0.6840066999999999,12.430031,0.1687235915380472,,,,,,,,,,,,False,False
5887700671591767808,,,NGC5822,225.27032470703125,-54.45859909057617,2.4618378,18.288694,4.679632892477151,,,,,,,,,,,,False,False
5887702076021572224,,,NGC5822,225.1990509033203,-54.37801742553711,1.0687504,14.530069,0.0813541972382866,,,,,,,,,,,,False,False
5887702080341529984,,,NGC5822,225.2056427001953,-54.38655853271485,2.3712502,18.227924,2.590929782054656,,,,,,,,,,,,False,False
5887702355246408064,,,NGC5822,225.34783935546875,-54.40094375610352,1.3562813,15.207134,0.4195944929789319,,,,,,,,,,,,False,False
5887702458325638144,,,NGC5822,225.35958862304688,-54.38875198364258,1.9024048,16.706245000000003,0.8935321469299818,,,,,,,,,,,,False,False
5887702836283039488,,,NGC5822,225.4219970703125,-54.37405776977539,0.9324751,13.804653,0.1540721628870336,,,,,,,,,,,,False,False
5887703454758132736,,,NGC5822,225.2818298339844,-54.3519401550293,1.049984,14.327338,0.1640166453575306,,,,,,,,,,,,False,False
5887703587850178944,,,NGC5822,225.3250274658203,-54.32385635375977,2.2279167,17.807972,1.3145292980448704,,,,,,,,,,,,False,False
5887705722500934272,,,NGC5822,225.10874938964844,-54.336669921875,1.1237049,14.705119,0.1196211413647308,,,,,,,,,,,,False,False
5887706237897048448,,,NGC5822,225.1409912109375,-54.29893112182617,0.7864237,12.835557,0.3058532816625055,,,,,,,,,,,,False,False
5887706753293091968,,,NGC5822,225.23269653320312,-54.30625534057617,0.9176502,13.684074,0.188097306674541,,,,,,,,,,,,False,False
5887707539220278528,,,NGC5822,225.2503967285156,-54.244178771972656,2.282816,17.608373999999998,1.8693431140558157,,,,,,,,,,,,False,False
5887707921524271488,,,NGC5822,225.2100524902344,-54.2432632446289,0.85911846,13.353499,0.2170988900813041,,,,,,,,,,,,False,False
5881626763195183104,,,NGC5822,225.34849548339844,-54.94924926757813,2.201149,18.046347,0.5717109922357884,,,,,,,,,,,,False,False
5881627003751591808,,,NGC5822,225.4286651611328,-54.92621994018555,1.8390427,16.627133999999998,0.7386053375464896,,,,,,,,,,,,False,False
5881627587867166720,,,NGC5822,225.3360137939453,-54.93264770507813,1.0562401,14.252864,0.2338129773999736,,,,,,,,,,,,False,False
5881627686585671680,,,NGC5822,225.3360137939453,-54.90376281738281,2.1171417000000003,17.330494,1.193885077625961,,,,,,,,,,,,False,False
5881627828385401344,,,NGC5822,225.26031494140625,-54.90800094604492,1.0434542,14.294583,0.1668554657332685,,,,,,,,,,,,False,False
5881628034543812352,,,NGC5822,225.3726959228516,-54.8974723815918,1.2557553999999995,9.603422,0.4089462548968873,9.374375,0.8747525,0.09331315421028069,,,,,,,,,True,False
5881628515580244992,,,NGC5822,225.3689880371093,-54.83347702026367,1.5704641,15.726287,0.6421814601362233,,,,,,,,,,,,False,False
5881628824779865472,,,NGC5822,225.45448303222656,-54.88197326660156,2.575161,18.836384,-1.395716898950922,,,,,,,,,,,,False,False
5881629301493616512,,,NGC5822,225.5503387451172,-54.81698608398438,1.9778824,16.360926,1.424434788924004,,,,,,,,,,,,False,False
5881629340213941504,,,NGC5822,225.56832885742188,-54.81108856201172,1.7411156000000003,16.288551000000002,0.7095686442813142,,,,,,,,,,,,False,False
5881669502394971648,,,NGC5822,225.03689575195312,-54.92797470092773,2.2265873,17.63179,1.5015471909614653,,,,,,,,,,,,False,False
5881599103642008576,,,NGC5822,225.5714111328125,-55.2932014465332,2.8045025000000003,18.452538,36.11957560999143,,,,,,,,,,,,False,False
5881599442885990144,,,NGC5822,225.6126403808593,-55.27157974243164,2.5801105,17.952896,4.378199851435739,,,,,,,,,,,,False,False
5881670670630453888,,,NGC5822,224.8285980224609,-54.96905136108398,2.1809177,18.06274,0.2850594629867407,,,,,,,,,,,,False,False
5881671843193295104,,,NGC5822,224.82647705078125,-54.90120697021485,2.2962837000000005,17.755865,1.8695624918116651,,,,,,,,,,,,False,False
5881674420193864448,,,NGC5822,225.03738403320312,-54.76225280761719,1.3075571,15.278373,0.2283232099881956,,,,,,,,,,,,False,False
5881604188883544576,,,NGC5822,225.44210815429688,-55.14899063110352,0.9159107,13.779744,0.1163837297316566,,,,,,,,,,,,False,False
5881674969949961088,,,NGC5822,225.2581481933593,-54.85591506958008,0.91561794,13.732403,0.1476863766194054,,,,,,,,,,,,False,False
5881675141748659584,,,NGC5822,225.23117065429688,-54.85495376586914,1.2136116,14.714083,0.3709617757728364,,,,,,,,,,,,False,False
5881675347888039296,,,NGC5822,225.29347229003903,-54.84630966186523,2.4240036,18.361635,4.6265051628855725,,,,,,,,,,,,False,False
5881648134962729856,,,NGC5822,224.71258544921875,-54.95631790161133,2.3704185,18.647007,1.02401320143328,,,,,,,,,,,,False,False
5881608483806739328,,,NGC5822,225.8125915527344,-55.07054901123047,2.2799778,18.323397,0.463395218326523,,,,,,,,,,,,False,False
5881678990039654656,,,NGC5822,225.3602600097656,-54.66374206542969,1.4736071000000002,8.57771,0.3909930680423903,,,,,,,,,,,,False,False
5881679642856393344,,,NGC5822,225.1180877685547,-54.73020553588867,2.5101166,18.302485,5.955182959512761,,,,,,,,,,,,False,False
5881680020831773952,,,NGC5822,225.129135131836,-54.7256851196289,0.7710570999999999,12.880247,0.1903151810360435,,,,,,,,,,,,False,False
5881612190342982784,,,NGC5822,225.6863555908203,-55.03165054321289,0.60338783,12.190967,0.0804156578702341,,,,,,,,,,,,False,False
5881681635739534208,,,NGC5822,225.21841430664065,-54.68220138549805,1.2635012,10.056333,0.4866230925575326,12.831025,1.8904043,0.1473307315666519,,,,,,,,,True,False
5881682116775938816,,,NGC5822,225.33517456054688,-54.618446350097656,1.434063,15.651236,0.3027311853941051,,,,,,,,,,,,False,False
5881682529075008896,,,NGC5822,225.1817626953125,-54.63547134399414,2.3063622,17.97672,1.797307118598939,,,,,,,,,,,,False,False
5881683456788169856,,,NGC5822,225.2169189453125,-54.55562210083008,2.4346924,18.780014,0.3688254480922823,,,,,,,,,,,,False,False
5881683491165537280,,,NGC5822,225.2365264892578,-54.55364227294922,1.1492748,14.6662035,0.2201264351366389,,,,,,,,,,,,False,False
5881617108146265088,,,NGC5822,225.3668365478516,-55.06826400756836,0.8800678,13.482981,0.1994507950241251,,,,,,,,,,,,False,False
5881660023438941440,,,NGC5822,224.7314300537109,-54.91954040527344,2.806099,18.611969,-21.827377278695256,,,,,,,,,,,,False,False
5881660401419862912,,,NGC5822,224.709228515625,-54.87827682495117,2.3314056,17.773806,2.1153003069280873,,,,,,,,,,,,False,False
5881688984371164800,,,NGC5822,224.7015838623047,-54.69303894042969,2.3981209,17.73004,2.5941326927485786,,,,,,,,,,,,False,False
5881689194882654592,,,NGC5822,224.6322784423828,-54.73161315917969,0.62310314,12.108595,0.1939665792381188,,,,,,,,,,,,False,False
5881689641545210496,,,NGC5822,224.6284484863281,-54.69711303710938,2.352808,17.552378,2.3109848159797326,,,,,,,,,,,,False,False
5881690122579886976,,,NGC5822,224.77410888671875,-54.71360397338867,2.6412544,18.339666,10.373305711396409,,,,,,,,,,,,False,False
5881620200481800320,,,NGC5822,225.2591857910156,-55.03664016723633,2.5192795,18.860897,-0.3891381602406415,,,,,,,,,,,,False,False
5881690637991494016,,,NGC5822,224.7576446533203,-54.63658142089844,2.4653301,17.555117000000003,2.9705643513856463,,,,,,,,,,,,False,False
5881691389552852992,,,NGC5822,224.7470245361328,-54.62806701660156,2.2349224,17.714083,1.4748467123454012,,,,,,,,,,,,False,False
5881620952088961792,,,NGC5822,225.1710968017578,-55.02019882202149,2.1599636,17.47775,1.2652064607379403,,,,,,,,,,,,False,False
5881692149823656320,,,NGC5822,224.73123168945312,-54.5662727355957,0.90602684,13.684692000000002,0.1481855564092789,,,,,,,,,,,,False,False
5881693008813852032,,,NGC5822,225.093017578125,-54.63948440551758,1.7538013,16.374056,0.6768778411590423,,,,,,,,,,,,False,False
5881693146252823040,,,NGC5822,225.0292053222656,-54.64228057861328,0.7670840999999999,12.706505,0.318412514579407,,,,,,,,,,,,False,False
5881622468265953792,,,NGC5822,225.46774291992188,-55.02363204956055,1.9628773,16.618921,1.1842471523326887,,,,,,,,,,,,False,False
5881693627291819776,,,NGC5822,224.9611358642578,-54.6319694519043,0.6279191999999999,11.826983,0.321561180194035,,,,,,,,,,,,False,False
5881622532624231936,,,NGC5822,225.54861450195312,-55.04357147216797,0.6977968000000001,12.532622,0.1345384713717258,,,,,,,,,,,,False,False
5881622708745269504,,,NGC5822,225.5548248291016,-55.02058410644531,2.5957642000000005,18.605139,-12.022585083492007,,,,,,,,,,,,False,False
5881623735215581440,,,NGC5822,225.5164794921875,-54.9726791381836,1.9223461,16.619453,1.040447851866751,,,,,,,,,,,,False,False
5881696066830807040,,,NGC5822,225.0758514404297,-54.51542663574219,0.63745975,11.284004,0.3316845636258694,261.44772,85.89357,0.3285305758260198,,,,,,,,,True,False
5881696165555621248,,,NGC5822,225.1288909912109,-54.51993942260742,2.3517704,18.02893,2.235985172248802,,,,,,,,,,,,False,False
5881696307336644096,,,NGC5822,225.14599609375,-54.49518585205078,2.2833843,17.663841,1.8391588405661865,,,,,,,,,,,,False,False
5881696685306222336,,,NGC5822,225.1202850341797,-54.44661331176758,0.80653286,13.073247,0.2076702698893053,,,,,,,,,,,,False,False
5881626007319228160,,,NGC5822,225.60557556152344,-54.86111831665039,0.9201708,13.6516075,0.2196700004814023,,,,,,,,,,,,False,False
5881697509939847168,,,NGC5822,224.9817352294922,-54.52297592163086,1.0391245,14.286983,0.1590759518710907,,,,,,,,,,,,False,False
5881626385282385280,,,NGC5822,225.36231994628903,-54.98926544189453,2.266573,18.41762,-1.6733894404720906,,,,,,,,,,,,False,False
5881626625794417920,,,NGC5822,225.3169250488281,-54.97592926025391,0.912714,13.7331505,0.1374417318601475,,,,,,,,,,,,False,False
5881700911554151552,,,NGC5822,224.9478912353516,-54.39366912841797,1.3714399,15.15651,0.4998078886746227,,,,,,,,,,,,False,False
5899717268539905024,,,NGC5822,224.99224853515625,-54.20422744750977,0.67589283,12.384457,0.1763198198973886,,,,,,,,,,,,False,False
5899718677289215488,,,NGC5822,225.183349609375,-54.13994979858398,0.60254955,9.872563,-0.0174628326656788,,,,,,,,,,,,False,False
5899721048111220224,,,NGC5822,224.83583068847656,-54.17388916015625,0.7360696999999999,12.7328825,0.1402598787770038,,,,,,,,,,,,False,False
5899775538328900224,,,NGC5822,225.2881317138672,-53.48905563354492,2.0895214,17.708473,0.4918898400945262,,,,,,,,,,,,False,False
5899778772448553728,,,NGC5822,225.463134765625,-53.45392227172852,2.7373142,18.311237,11.59287767442928,,,,,,,,,,,,False,False
5899724621484334720,,,NGC5822,225.21823120117188,-54.09232711791992,1.4743252,15.084967,0.8434533913112489,,,,,,,,,,,,False,False
5899779528363842688,,,NGC5822,225.5917816162109,-53.41736221313477,2.3812695,18.789885,1.35120176014204,,,,,,,,,,,,False,False
5899725098240560384,,,NGC5822,225.3150329589844,-54.03639221191406,1.8888626,16.761689999999998,0.7920037613053672,,,,,,,,,,,,False,False
5899725308727836672,,,NGC5822,225.31678771972656,-54.02945327758789,1.5920715,16.047451000000002,0.4468208618053345,,,,,,,,,,,,False,False
5899725343078896768,,,NGC5822,225.2739715576172,-54.02329254150391,1.0546141000000002,14.412708,0.1196904194453613,,,,,,,,,,,,False,False
5899726957986622464,,,NGC5822,225.3680877685547,-53.98235702514648,1.1973066,14.974668,0.1389285877433355,,,,,,,,,,,,False,False
5899727056734045056,,,NGC5822,225.41110229492188,-53.9964714050293,1.8350105,16.57554,0.7719051057630094,,,,,,,,,,,,False,False
5899727095425562624,,,NGC5822,225.42242431640625,-53.98387145996094,1.840128,16.568153,0.7964035209548106,,,,,,,,,,,,False,False
5899727920059348352,,,NGC5822,225.28424072265625,-53.95663452148438,1.2602768,9.912421,0.4633424481873842,,,,,,,,,,,,False,False
5899728950851484416,,,NGC5822,225.14083862304688,-54.0010871887207,1.7711868000000002,16.34412,0.7598917801239546,,,,,,,,,,,,False,False
5899730428320333056,,,NGC5822,225.0971221923828,-53.92820739746094,0.8437481,13.268010999999998,0.2210693281500739,,,,,,,,,,,,False,False
5899731940148911232,,,NGC5822,225.276596069336,-53.83096313476562,1.1743565,14.924364,0.1098332523847279,,,,,,,,,,,,False,False
5899732696063155968,,,NGC5822,225.2699737548828,-53.82305526733398,1.5167341,15.844638,0.3891102237368728,,,,,,,,,,,,False,False
5899732799103456640,,,NGC5822,225.2650909423828,-53.79334259033203,2.4613552000000003,18.833136,0.2521505212097235,,,,,,,,,,,,False,False
5899739464932031872,,,NGC5822,224.62521362304688,-53.90951919555664,1.3900871,15.516182,0.2821156036727421,,,,,,,,,,,,False,False
5899741354717671936,,,NGC5822,224.7749938964844,-53.84518432617188,2.2664604,17.043962,2.070623183004093,,,,,,,,,,,,False,False
5899751971844318464,,,NGC5822,225.4363250732422,-53.85937118530274,2.1091003,16.913198,1.5074871925919908,,,,,,,,,,,,False,False
5899752178002769664,,,NGC5822,225.3778533935547,-53.85579681396485,2.427864,17.863468,2.875152287855629,,,,,,,,,,,,False,False
5899764822420140928,,,NGC5822,225.59796142578125,-53.56578063964844,0.6012945,10.84101,0.1941915039255088,207.76456,27.041687,0.13015543651910605,,,,,,,,,True,True
5899770491777246720,,,NGC5822,225.33999633789065,-53.66346740722656,2.3360825000000003,18.44523,1.5719855885423608,,,,,,,,,,,,False,False
5893700461698915712,,,NGC5822,224.4385681152344,-54.62811279296875,2.3286552000000005,17.700844,2.1206082855575765,,,,,,,,,,,,False,False
5893700702217285120,,,NGC5822,224.51109313964844,-54.60158157348633,0.83666897,13.161213,0.2741711589900908,,,,,,,,,,,,False,False
5893701050150200960,,,NGC5822,224.54063415527344,-54.56798553466797,1.3521156,15.364218,0.2902843245201033,,,,,,,,,,,,False,False
5893701428076368768,,,NGC5822,224.67697143554688,-54.56201553344727,2.5323505,18.540054,-41.39592985056971,,,,,,,,,,,,False,False
5893703214813543936,,,NGC5822,224.62559509277344,-54.47616958618164,1.3368988000000002,15.452915,0.178719378855927,,,,,,,,,,,,False,False
5893704309990514048,,,NGC5822,224.442138671875,-54.51058959960938,2.6117287,17.976057,4.766602476847337,,,,,,,,,,,,False,False
5893708300027009280,,,NGC5822,224.7696533203125,-54.45024871826172,1.8770657,16.630642,0.8703273449718673,,,,,,,,,,,,False,False
5893710121121441792,,,NGC5822,224.9068603515625,-54.402626037597656,0.7171135000000001,12.591569,0.171381833476543,,,,,,,,,,,,False,False
5893711048834563456,,,NGC5822,224.9408569335937,-54.30536651611328,1.5667133,15.981604,0.4252556702218552,,,,,,,,,,,,False,False
5893713316577330688,,,NGC5822,224.6053161621093,-54.3570556640625,0.79454136,12.932325,0.2628374321158384,,,,,,,,,,,,False,False
5893725582980956544,,,NGC5822,224.5532989501953,-54.2960205078125,2.5827198,18.39158,11.375359808464657,,,,,,,,,,,,False,False
5881577010328408448,,,NGC5822,225.21147973970417,-55.40717938681034,1.4094238,15.512806,0.3403581812490402,,,,,,,,,,,,False,False
5881601474464060928,,,NGC5822,225.2963280781298,-55.29568329459754,1.5414715,15.174198,0.9685612222803146,,,,,,,,,,,,False,False
5881674798151253248,,,NGC5822,225.2255299764166,-54.89543423812,0.7709284,12.797534,0.2603358896608499,,,,,,,,,,,,False,False
5881688026651495936,,,NGC5822,224.6450487589798,-54.791337988043686,1.5069513,14.7917795,1.1523874757532933,,,,,,,,,,,,False,False
5881693970886599040,,,NGC5822,224.9906922492397,-54.61480570447216,0.5653639,11.858878,0.175850816560105,,,,,,,,,,,,False,False
5887424449325573248,,,NGC5822,225.9900964853064,-55.08881860273418,0.52764225,11.528721,0.1782736309199209,,,,,,,,,,,,False,False
5887531312461625344,,,NGC5822,228.11945039071043,-54.26726719529323,1.5708685,15.672429,0.6847521815068461,,,,,,,,,,,,False,False
5887584570059850624,,,NGC5822,227.8514787137608,-54.01963893259864,0.8267336,13.354886,0.0881086462289126,,,,,,,,,,,,False,False
5887589277344310016,,,NGC5822,228.0370686160599,-53.973363106192885,0.89372444,13.698093,0.0973328354769919,,,,,,,,,,,,False,False
5887591029691290624,,,NGC5822,227.92225195579417,-53.94956527962555,0.47015858,11.534274,0.0815544484198592,34.685654,27.906172,0.8045450721500019,,,,,,,,,True,False
5887604636148767360,,,NGC5822,227.7458332602866,-53.84680100023024,0.74039364,12.789168,0.1130180727568472,,,,,,,,,,,,False,False
5887609583950993664,,,NGC5822,227.68074051165408,-53.71480503000405,0.8334646,13.4183445,0.071000889638542,,,,,,,,,,,,False,False
5887618856725634688,,,NGC5822,225.99147943565515,-54.876644439345945,0.88510036,12.98432,0.6490260564227218,,,,,,,,,,,,False,False
5887624324273020416,,,NGC5822,226.27172970955385,-54.738758980820265,0.86820316,12.677113,0.8435470063838383,,,,,,,,,,,,False,False
5887629615672893696,,,NGC5822,226.16218973048447,-54.54993873084764,0.81723595,13.2974825,0.0901980926700002,,,,,,,,,,,,False,False
5887636247102919296,,,NGC5822,225.6013123130374,-54.63797026490914,0.8516979,12.692949,0.7510449786493182,,,,,,,,,,,,False,False
5887638239967772544,,,NGC5822,225.6931568576697,-54.58676488230591,0.94503975,13.786053,0.2083745130343737,,,,,,,,,,,,False,False
5887640095394023168,,,NGC5822,225.88430114254768,-54.59926168488632,0.5647459,10.327091,0.0752301346318786,,,,,,,,,,,,False,True
5887640816903785216,,,NGC5822,226.08613064703,-54.59885336915215,0.58392334,11.195485,0.2501608730679039,,,,,,,,,,,,False,False
5887642019539429504,,,NGC5822,226.03009847330085,-54.5136212435333,1.1667166,14.207587,0.5998652795505597,,,,,,,,,,,,False,False
5887642844173198848,,,NGC5822,226.06477665323536,-54.45306041132493,1.1086664,14.370858,0.3080895270306255,,,,,,,,,,,,False,False
5887647207860049792,,,NGC5822,225.93234737085373,-54.36271135699035,0.7962427,12.763569,0.4174146220749751,,,,,,,,,,,,False,False
5887647310942025344,,,NGC5822,226.43467985767305,-54.698331081618605,1.2848349,10.665617,0.6522000480860374,23.37582,19.029922,0.8140857518581166,,,,,,,,,True,False
5887654041098683008,,,NGC5822,226.44961622977405,-54.485865638351775,0.6730976,11.830802,0.4187663297930376,,,,,,,,,,,,False,False
5887654182889631232,,,NGC5822,226.39292899534493,-54.4786411414818,0.89008904,13.372586,0.3235602085973492,,,,,,,,,,,,False,False
5887655587286896896,,,NGC5822,226.383462254224,-54.41296523487595,0.48233223,10.430969,0.0396808972649471,168.27086,23.029604,0.13686032150783564,,,,,,,,,True,True
5887660088418868864,,,NGC5822,226.79849086607945,-54.29163590192809,1.2836609,15.010813,0.357526168096667,,,,,,,,,,,,False,False
5887666140079632384,,,NGC5822,226.16593492121,-54.43270527839253,0.6731653,12.42129,0.1320272304981634,,,,,,,,,,,,False,False
5887667445749768960,,,NGC5822,226.25857445876088,-54.37586907024018,0.84508324,13.264391,0.2294172315026827,,,,,,,,,,,,False,False
5887669163699583744,,,NGC5822,226.2982851555481,-54.26416554508618,0.62499046,11.851345,0.3103103315389398,,,,,,,,,,,,False,False
5887669198096568960,,,NGC5822,226.2727790701176,-54.26421269527891,0.6220331,11.635456,0.3326759644146457,66.08913,69.24043,1.047682576544736,,,,,,,,,True,False
5887670331967869824,,,NGC5822,226.1078602770672,-54.29668188215848,0.82903194,12.530316,0.7342403248956787,,,,,,,,,,,,False,False
5887671397119565312,,,NGC5822,226.03417593301376,-54.26324364307476,0.767436,12.2461605,0.5769118792563004,,,,,,,,,,,,False,False
5887676963397834240,,,NGC5822,226.46279348170103,-54.18237687067495,1.1348095,14.126237,0.5635485212887129,,,,,,,,,,,,False,False
5887678372147559168,,,NGC5822,226.270168234102,-54.20676914644021,0.8028288,12.550501,0.6035999143684216,,,,,,,,,,,,False,False
5887679020628429312,,,NGC5822,226.3300873928532,-54.13376534025587,0.7549696,12.281861,0.526294101271224,,,,,,,,,,,,False,False
5887686652844997248,,,NGC5822,225.54164150704136,-54.479485661019645,1.1676617,14.789581,0.186216726331002,,,,,,,,,,,,False,False
5887692940677529856,,,NGC5822,225.71537767916783,-54.41514106169856,0.49547386,11.239676,0.142602059530082,89.766365,28.136232,0.31343846885189125,,,,,,,,,True,True
5887693559153000064,,,NGC5822,225.83406606221376,-54.4003247568656,0.8218126,13.02615,0.3136195695927409,,,,,,,,,,,,False,False
5887694207638928000,,,NGC5822,225.8966057441005,-54.33474022159152,1.0965443,14.108003,0.4593720424645502,,,,,,,,,,,,False,False
5887696720248860032,,,NGC5822,225.65138415757747,-54.30333213905533,0.5928478,10.184147,0.0653643131702662,104.91912,14.265848,0.13596995476134377,,,,,,,,,True,True
5887711769815485056,,,NGC5822,225.6815392312756,-54.14702624072016,0.9730253,13.187372,0.8386824810655524,,,,,,,,,,,,False,False
5887717782762865664,,,NGC5822,225.9726365308896,-54.30745451393695,0.8289337,13.367718,0.0878870604067408,,,,,,,,,,,,False,False
5887717851482351872,,,NGC5822,225.9431015867441,-54.29014380079989,0.97613335,14.081165,0.1063124189461338,,,,,,,,,,,,False,False
5887718538677144192,,,NGC5822,225.94477681233548,-54.249802482651646,0.92834854,13.322477,0.5198704214067599,,,,,,,,,,,,False,False
5887718573036888320,,,NGC5822,225.97259177033047,-54.23490667267693,0.479434,10.222661,-0.0006226145416704,,,,,,,,,,,,False,True
5887719290241806208,,,NGC5822,225.93365779421333,-54.230567425309786,0.5961628,11.629684,0.286212572723115,,,,,,,,,,,,False,False
5887720080515783936,,,NGC5822,226.0772499063576,-54.17905085536334,0.60323715,11.88805,0.2509525438543027,,,,,,,,,,,,False,False
5887779699010120064,,,NGC5822,226.8309813856177,-53.88379540593582,0.7731476,12.958695,0.1377598686931636,,,,,,,,,,,,False,False
5887790350523214464,,,NGC5822,227.4486446737848,-53.824049431690725,1.0977249,14.241698,0.3665351830528122,,,,,,,,,,,,False,False
5887801203866939648,,,NGC5822,227.41428875197008,-53.65684024535494,0.9447298,14.001468,0.0613135217907633,,,,,,,,,,,,False,False
5887859379239643136,,,NGC5822,226.8904285512228,-53.453413575046,1.1995144,15.002249,0.1253415695777967,,,,,,,,,,,,False,False
5887862437256649856,,,NGC5822,226.9559721181299,-53.33744657904414,1.2248421,15.086744,0.1357816329408475,,,,,,,,,,,,False,False
5893668030439784064,,,NGC5822,224.1461744666691,-54.852295895540685,0.8221855,12.968973,0.3647088318079451,,,,,,,,,,,,False,False
5893679609672091136,,,NGC5822,224.288582883832,-54.65497787872869,0.9399748,13.800939,0.1813068709994922,,,,,,,,,,,,False,False
5899783514118635392,,,NGC5822,225.31104102308484,-53.32028696633403,0.9113722,13.610925,0.2184116264066881,,,,,,,,,,,,False,False
5899796708259124352,,,NGC5822,224.74622047685423,-53.61017530604422,0.9507284,13.609451,0.3561499953631777,,,,,,,,,,,,False,False
1860166180051098240,,,NGC6940,307.6517639160156,28.46001625061035,2.6097256,18.5503545,1.2103941563265044,,,,,,,,,,,,False,False
1860556266152589568,,,NGC6940,307.958251953125,28.831621170043945,1.6493435,16.389414,-1.333001302126242,,,,,,,,,,,,False,False
1860566711512699520,,,NGC6940,308.1357421875,29.08354187011719,1.5632971,16.39911,-5.308996472225232,,,,,,,,,,,,False,False
1860570044407931520,,,NGC6940,307.92987060546875,28.955177307128903,1.8165714,16.920322,2.6572161879997607,,,,,,,,,,,,False,False
1860593718268043776,,,NGC6940,308.5254821777344,29.175466537475582,0.92783845,13.7383335,0.1585881491171936,,,,,,,,,,,,False,False
1856871837052384640,,,NGC6940,308.8050231933594,27.69615936279297,0.6511174500000001,12.706889,-0.0412537866443059,,,,,,,,,,,,False,False
1856875822782595840,,,NGC6940,308.6503601074219,27.618518829345703,1.4632656,16.0577145,-1.102986164933127,,,,,,,,,,,,False,False
1856877231531812736,,,NGC6940,308.4012756347656,27.541275024414062,0.8581449,13.287348,0.1653020882280407,,,,,,,,,,,,False,False
1856877437690272512,,,NGC6940,308.423828125,27.57964134216309,1.2939636,15.57784,-0.4447104424055828,,,,,,,,,,,,False,False
1856880323908058752,,,NGC6940,308.510009765625,27.69343566894531,0.789426,13.1574545,0.0364769255404542,,,,,,,,,,,,False,False
1856881045462640384,,,NGC6940,308.4525451660156,27.731943130493164,1.9319805,17.1290355,1.5638900792966677,,,,,,,,,,,,False,False
1856881217262238592,,,NGC6940,308.524658203125,27.73323440551757,2.306328,18.4211575,2.227298092353442,,,,,,,,,,,,False,False
1856882621710160768,,,NGC6940,308.7311706542969,27.72420120239257,2.4870778,17.724062000000004,-0.74400802237486,,,,,,,,,,,,False,False
1856884206558304896,,,NGC6940,308.7315673828125,27.75298309326172,1.9023901,17.137665000000002,2.0106275417013806,,,,,,,,,,,,False,False
1856884343997254016,,,NGC6940,308.7535095214844,27.775524139404297,1.4528854,15.764021,0.2798268634045511,,,,,,,,,,,,False,False
1856887741306547712,,,NGC6940,308.5714416503906,27.79768943786621,2.1200225999999995,17.375868,0.5636140996255399,,,,,,,,,,,,False,False
1856887814326312448,,,NGC6940,308.6063232421875,27.819305419921875,2.3066834,17.805671999999998,0.772469200451751,,,,,,,,,,,,False,False
1856889360519235200,,,NGC6940,308.6422119140625,27.845956802368164,2.3305082,18.287918,1.8671570389158292,,,,,,,,,,,,False,False
1856890288232206464,,,NGC6940,308.6653137207031,27.917619705200195,0.8050764,13.179033,0.0678714528039191,,,,,,,,,,,,False,False
1857034392972072320,,,NGC6940,308.08856201171875,27.46355438232422,0.683739,12.611905,0.0616486142584956,,,,,,,,,,,,False,False
1857038756664350208,,,NGC6940,308.0299072265625,27.55312728881836,2.3756904,18.1425805,1.3250312567404805,,,,,,,,,,,,False,False
1857039714425608064,,,NGC6940,307.96075439453125,27.57718086242676,1.9720267,17.231205499999998,1.49716824269148,,,,,,,,,,,,False,False
1857040543365752832,,,NGC6940,308.1995544433594,27.50217437744141,1.5858183999999995,16.243588,-0.7261327520327492,,,,,,,,,,,,False,False
1857040577725029248,,,NGC6940,308.1757202148437,27.50583839416504,1.4803888,15.549547,0.9933337389936554,,,,,,,,,,,,False,False
1857041986474409984,,,NGC6940,308.1240539550781,27.5861873626709,1.1806815,15.148468,-0.1457535880527554,,,,,,,,,,,,False,False
1857042020834160768,,,NGC6940,308.1454162597656,27.59022521972656,1.0560534,10.674408,0.4984304365674181,98.28505,21.009476,0.21376064823693938,,,,,,,,,True,False
1857042570590006784,,,NGC6940,308.2333984375,27.592470169067383,1.7918903000000002,16.85921,3.0588252789983095,,,,,,,,,,,,False,False
1857042738082677632,,,NGC6940,308.28143310546875,27.598297119140625,1.7160617,16.583980999999998,47.78593502545193,,,,,,,,,,,,False,False
1857046521960025216,,,NGC6940,308.0624694824219,27.69359016418457,2.6054408,17.909289,-0.6813797012296012,,,,,,,,,,,,False,False
1857047273568688512,,,NGC6940,308.2213439941406,27.70242691040039,2.5144943,18.2310665,0.8638664857252752,,,,,,,,,,,,False,False
1857047999428789120,,,NGC6940,308.0660095214844,27.70251655578613,0.7435785999999999,12.2112125,0.1926192580376496,,,,,,,,,,,,False,False
1857048720983502976,,,NGC6940,308.14569091796875,27.76923561096192,0.8737294,12.930885,0.3660673119575917,,,,,,,,,,,,False,False
1857058887160312064,,,NGC6940,307.939697265625,27.71064186096192,2.3018803999999995,18.120466,1.6501147369712967,,,,,,,,,,,,False,False
1857059333836979072,,,NGC6940,307.9913024902344,27.72184753417969,1.9381129,17.15128,1.5807319163600102,,,,,,,,,,,,False,False
1857059539995521920,,,NGC6940,307.94146728515625,27.73855972290039,2.0595378,17.518652499999998,1.6497696983556205,,,,,,,,,,,,False,False
1857061674604882944,,,NGC6940,308.0404663085937,27.8178653717041,1.5358798,16.248303,-1.9405288584066824,,,,,,,,,,,,False,False
1857062430518936192,,,NGC6940,307.8672180175781,27.7655029296875,0.8683620999999999,13.471531,0.1055963916394936,,,,,,,,,,,,False,False
1857064595182549120,,,NGC6940,307.9840393066406,27.84792900085449,1.0874659,14.6003965,0.1247390261227937,,,,,,,,,,,,False,False
1857065248017565056,,,NGC6940,307.9251708984375,27.84076690673828,0.8288770999999999,13.308953,0.0657147925106401,,,,,,,,,,,,False,False
1857067648893568512,,,NGC6940,308.2910461425781,27.705989837646484,1.3511508,15.4214755,0.3379878348473281,,,,,,,,,,,,False,False
1857067756279542272,,,NGC6940,308.269287109375,27.70634841918945,1.3388828000000002,15.4332325,0.2356453678752028,,,,,,,,,,,,False,False
1857068134236018048,,,NGC6940,308.3425598144531,27.73061752319336,0.8658860700000001,13.2999265,0.1826396276062755,,,,,,,,,,,,False,False
1857069439906030976,,,NGC6940,308.41900634765625,27.7755184173584,1.1517242,14.985939000000002,-0.0355487492904032,,,,,,,,,,,,False,False
1857069542985225728,,,NGC6940,308.4590759277344,27.803958892822266,1.2955640000000002,15.6777805,-0.786094415943478,,,,,,,,,,,,False,False
1857069817863172480,,,NGC6940,308.4076843261719,27.78451538085937,1.8784355,17.000307,1.7812001118449965,,,,,,,,,,,,False,False
1857069886582682112,,,NGC6940,308.3837280273437,27.79362297058105,1.1855319999999998,15.035448,0.0540484950875743,,,,,,,,,,,,False,False
1857071742008682624,,,NGC6940,308.2856140136719,27.81054496765137,1.211264,15.067464,0.1334076283320692,,,,,,,,,,,,False,False
1857073386970776960,,,NGC6940,308.3298034667969,27.838911056518555,2.2446179,17.7335655,0.9468189303316557,,,,,,,,,,,,False,False
1857074353348882560,,,NGC6940,308.2593688964844,27.87021064758301,1.4346665,16.022169499999997,-1.221676547086698,,,,,,,,,,,,False,False
1857075001879045632,,,NGC6940,308.321533203125,27.913856506347656,1.7571490999999997,16.7577145,4.097090530544292,,,,,,,,,,,,False,False
1857076895969279232,,,NGC6940,308.4978942871094,27.90699577331543,1.8693661,16.3236135,6.534685119853511,,,,,,,,,,,,False,False
1857076999048498816,,,NGC6940,308.4970397949219,27.911773681640625,2.0240234000000004,16.7270905,-9.292752166496488,,,,,,,,,,,,False,False
1857078098560021504,,,NGC6940,308.6434020996094,27.95307922363281,1.1296175000000002,14.869028000000002,0.017181245782714,,,,,,,,,,,,False,False
1857078545226093568,,,NGC6940,308.53814697265625,27.94357109069824,1.7566728,16.832548000000003,4.027623767868733,,,,,,,,,,,,False,False
1857078815812033024,,,NGC6940,308.5194091796875,27.96191596984864,2.3045009000000003,17.744567,0.5793862764938901,,,,,,,,,,,,False,False
1857079438589915648,G14267045642850,837406116.0,NGC6940,308.5918273925781,28.02337455749512,0.9825028999999998,14.3558685,-0.0401138541530625,,,,5960.21,34.64,4.384,0.049,0.058,0.03,-4.28985,,False,False
1857080022705611520,,,NGC6940,308.3997802734375,27.93957710266113,0.7767728300000001,13.031825499999998,0.0751625740404107,,,,,,,,,,,,False,False
1857080194504231552,,,NGC6940,308.4610595703125,27.941082000732425,0.9164347,13.91036,0.036222649159233,,,,,,,,,,,,False,False
1857080916059355136,,,NGC6940,308.33892822265625,27.93781089782715,1.1684840999999997,14.871836000000002,0.1806747988006878,,,,,,,,,,,,False,False
1857081568893920896,,,NGC6940,308.38092041015625,28.00868797302246,0.8982003700000001,13.642688499999998,0.1138959071288438,,,,,,,,,,,,False,False
1857081809411930368,,,NGC6940,308.4918518066406,27.976009368896484,1.2748856,14.9577955,0.560687616641291,,,,,,,,,,,,False,False
1857081809411940608,,,NGC6940,308.4864501953125,27.978702545166016,0.95852127,14.0763015,0.06967540189971,,,,,,,,,,,,False,False
1857082153009335424,,,NGC6940,308.50018310546875,28.01042938232422,1.6221145,16.476304,-7.644110149332654,,,,,,,,,,,,False,False
1857082251801209984,,,NGC6940,308.4967041015625,28.03083610534668,2.3161672,17.8977215,0.9984995895581524,,,,,,,,,,,,False,False
1857082634045688064,,,NGC6940,308.5053405761719,28.03398704528809,1.5124821,16.320373,-4.128872426065269,,,,,,,,,,,,False,False
1857082771485202432,,,NGC6940,308.5220642089844,28.056718826293945,1.4979403999999998,16.235712999999997,-2.5922446751284194,,,,,,,,,,,,False,False
1857082908923649664,,,NGC6940,308.44744873046875,28.019023895263672,0.6783527999999999,12.611294,0.0519142230008001,,,,,,,,,,,,False,False
1857083316937968512,,,NGC6940,308.4430236816406,28.05958366394043,2.3666137,18.0626505,1.1704532443638658,,,,,,,,,,,,False,False
1857083493039194496,,,NGC6940,308.4967956542969,28.0759506225586,2.2603763,17.487471499999998,-0.168205229546723,,,,,,,,,,,,False,False
1857083630478130816,,,NGC6940,308.5231628417969,28.08843421936035,1.255235,15.553437499999998,-0.6519931411251128,,,,,,,,,,,,False,False
1857083699197632768,,,NGC6940,308.4931945800781,28.078895568847656,1.5897469,16.366398500000003,-2.978110405006871,,,,,,,,,,,,False,False
1857083767917155456,,,NGC6940,308.4664001464844,28.093280792236328,1.2039312,15.1668985,-0.056419558441441,,,,,,,,,,,,False,False
1857084210288230784,,,NGC6940,308.1238708496094,27.81946563720703,2.620526,18.043106,-0.2530808866209792,,,,,,,,,,,,False,False
1857084626910711680,,,NGC6940,308.2124938964844,27.86511611938477,1.0557708,14.2844755,0.2429550556495266,,,,,,,,,,,,False,False
1857084828763868416,,,NGC6940,308.1607360839844,27.868053436279297,2.6235275,18.4658935,0.9592289453836056,,,,,,,,,,,,False,False
1857086070019889664,,,NGC6940,308.1396179199219,27.936656951904297,0.94806204,13.3966615,0.3928592308731392,,,,,,,,,,,,False,False
1857086241818415744,,,NGC6940,308.23797607421875,27.89956474304199,1.3303145,15.657205500000002,-0.4239103947487846,,,,,,,,,,,,False,False
1857087925445667968,,,NGC6940,308.24920654296875,27.98950004577637,2.2183419,17.657712,0.8762488883403401,,,,,,,,,,,,False,False
1857091739376848512,,,NGC6940,308.10015869140625,28.01978302001953,1.8355332,16.297995,5.310092120921263,,,,,,,,,,,,False,False
1857092800223973504,,,NGC6940,308.3166809082031,27.97281074523925,1.7493804,16.714018499999998,4.6354413862156205,,,,,,,,,,,,False,False
1857093113756025472,,,NGC6940,308.30865478515625,28.00539588928223,2.5955935,18.432363,0.9986993364093476,,,,,,,,,,,,False,False
1857093212542524416,,,NGC6940,308.3009033203125,28.01490592956543,2.3146523,17.4074425,-1.1159480043838157,,,,,,,,,,,,False,False
1857093251205062784,,,NGC6940,308.3179016113281,28.025543212890625,1.4889935,16.1141775,-1.2030252892583368,,,,,,,,,,,,False,False
1857093457363411328,,,NGC6940,308.39666748046875,28.04422378540039,0.8710331,12.963129,0.347864240872505,,,,,,,,,,,,False,False
1857093590499681280,,,NGC6940,308.3551940917969,28.03078651428223,2.1845897,17.7755325,1.4732153906925631,,,,,,,,,,,,False,False
1857093629162178816,,,NGC6940,308.3270568847656,28.03125,1.3675128,15.641599,-0.0737620015133665,,,,,,,,,,,,False,False
1857094728673913344,,,NGC6940,308.2804870605469,28.076190948486328,1.343047,9.9138525,0.8751515255497442,6.364273,2.4959552,0.3921822963911196,,,,,,,,,True,False
1857094930530001792,,,NGC6940,308.4030456542969,28.0515079498291,2.5245162000000003,18.722362,1.8884915479979827,,,,,,,,,,,,False,False
1857095102337486336,,,NGC6940,308.44439697265625,28.07453918457031,2.0625583,17.04064,-1.080403076575705,,,,,,,,,,,,False,False
1857095518947696640,,,NGC6940,308.4535522460937,28.10122871398925,1.5184203,16.18013,-1.3763324720430663,,,,,,,,,,,,False,False
1857095553307876352,,,NGC6940,308.443115234375,28.10238075256348,1.5678981,15.5570025,1.6206559776319174,,,,,,,,,,,,False,False
1857095622026907776,,,NGC6940,308.4705810546875,28.11825752258301,0.8424754,13.48974,0.0158355727424777,,,,,,,,,,,,False,False
1857095690746404480,,,NGC6940,308.4608459472656,28.12692070007324,1.5341467,15.5519105,1.3802979808520033,,,,,,,,,,,,False,False
1857096206142558464,,,NGC6940,308.3923034667969,28.117876052856445,2.1334477,17.3560685,0.3339844933330622,,,,,,,,,,,,False,False
1857096511077063808,,,NGC6940,308.352783203125,28.14642143249512,0.6868624600000001,11.2272975,0.133525407913064,16.504734,8.468193,0.5130766118375492,,,,,,,,,True,True
1857096549740024832,,,NGC6940,308.35699462890625,28.152448654174805,1.2590112,15.0238015,0.4178742643658722,,,,,,,,,,,,False,False
1857096962056861824,,,NGC6940,308.3858337402344,28.16954803466797,0.9196572,13.372206,0.3152117387051668,,,,,,,,,,,,False,False
1857097065136069760,,,NGC6940,308.40057373046875,28.18208122253418,0.85090016,13.2742545,0.1499719384341342,,,,,,,,,,,,False,False
1857097065136087680,,,NGC6940,308.3969116210937,28.19272804260254,1.1993966,14.4982175,0.5972542214383194,,,,,,,,,,,,False,False
1857097065136087808,,,NGC6940,308.3934020996094,28.18822479248047,1.3098521,15.5867505,-0.3533678310833061,,,,,,,,,,,,False,False
1857098881899653120,,,NGC6940,308.2337341308594,28.16249847412109,2.2391262000000003,17.7078685,0.8997583156253868,,,,,,,,,,,,False,False
1857099332878854912,,,NGC6940,308.32232666015625,28.130746841430664,0.8665942999999999,13.0825475,0.2868469070044174,,,,,,,,,,,,False,False
1857099504667940480,,,NGC6940,308.3503723144531,28.17231369018555,2.1009864,17.501333499999998,1.2464288232869802,,,,,,,,,,,,False,False
1857099878332085888,,,NGC6940,308.3671569824219,28.174135208129886,2.2007885,17.5515825,0.6145574212629824,,,,,,,,,,,,False,False
1857099981411331968,,,NGC6940,308.3650817871094,28.19198226928711,2.3991580000000003,18.5309015,2.0323249842671323,,,,,,,,,,,,False,False
1857099912700603904,,,NGC6940,308.3812561035156,28.18717765808105,2.4250636,18.0641235,0.8627756116404487,,,,,,,,,,,,False,False
1857100088793097856,,,NGC6940,308.3760681152344,28.199207305908203,1.0586389,14.085764499999998,0.3694259947849439,,,,,,,,,,,,False,False
1857100157512605952,,,NGC6940,308.35186767578125,28.19607925415039,1.3315101,14.7914335,0.931009275440846,,,,,,,,,,,,False,False
1857100157512608640,,,NGC6940,308.3492126464844,28.19558143615723,1.5273108,16.187059500000004,-1.285569888848931,,,,,,,,,,,,False,False
1857100294951564160,,,NGC6940,308.3665771484375,28.219884872436523,1.7569403,16.646961500000003,4.710787844941223,,,,,,,,,,,,False,False
1857100398030793344,,,NGC6940,308.36181640625,28.23110580444336,0.8550281000000001,13.3481165,0.1258458350875066,,,,,,,,,,,,False,False
1857100535469821824,,,NGC6940,308.27252197265625,28.19669532775879,0.9984159,13.8482015,0.3202243981624871,,,,,,,,,,,,False,False
1857100707268540416,,,NGC6940,308.2494812011719,28.190616607666016,0.9987335000000002,14.3087785,0.0461618708937174,,,,,,,,,,,,False,False
1857100840412950784,,,NGC6940,308.2799072265625,28.21594429016113,1.8300037,17.182831499999995,3.094226121902759,,,,,,,,,,,,False,False
1857100844707479680,,,NGC6940,308.2788391113281,28.215375900268555,0.920742,13.5922495,0.2067079095896225,,,,,,,,,,,,False,False
1857101046563287296,,,NGC6940,308.30084228515625,28.22872543334961,2.3648624,18.0385705,1.1161795856395869,,,,,,,,,,,,False,False
1857101257024352384,,,NGC6940,308.2894287109375,28.24026298522949,0.9916128,13.8000315,0.3232154183275343,,,,,,,,,,,,False,False
1857101394463281408,,,NGC6940,308.3244323730469,28.263538360595703,1.5338563,16.203781499999998,-1.3563933272586288,,,,,,,,,,,,False,False
1857105410246786816,,,NGC6940,307.7154235839844,27.81439781188965,1.997872,17.433352,1.9301658018785264,,,,,,,,,,,,False,False
1856813837812149120,,,NGC6940,309.0982360839844,27.41748809814453,1.1748449,14.261152,0.6303298342450848,,,,,,,,,,,,False,False
1857111805464687744,,,NGC6940,307.7247619628906,27.88735198974609,1.718867,16.384156,1.5625879683724713,,,,,,,,,,,,False,False
1856818098420219776,,,NGC6940,309.0511474609375,27.504262924194336,1.7848840000000004,16.650589,1.8274954402822725,,,,,,,,,,,,False,False
1857117749699230336,,,NGC6940,307.8092346191406,28.027671813964844,0.7015126,12.849267,-0.0089754264426394,,,,,,,,,,,,False,False
1857118398229592064,,,NGC6940,307.7243347167969,28.046613693237305,1.9800606,17.883492,2.9852538992246416,,,,,,,,,,,,False,False
1856833178045246592,,,NGC6940,308.57537841796875,27.34198760986328,2.3580562,18.641116,2.3861920772347727,,,,,,,,,,,,False,False
1856846307766252800,,,NGC6940,308.1448669433594,27.417346954345703,0.9280683,12.774611,0.5228217129269264,,,,,,,,,,,,False,False
1857134173655037056,,,NGC6940,307.53668212890625,28.167564392089844,2.0419274,17.417227,1.474181804193463,,,,,,,,,,,,False,False
1856851942763345408,,,NGC6940,308.1858215332031,27.41069602966309,1.9952728000000004,17.014228,-0.2024483756979841,,,,,,,,,,,,False,False
1856854554103415552,,,NGC6940,308.281494140625,27.54067039489746,1.1957181,14.9915275,0.1604270657219615,,,,,,,,,,,,False,False
1856859089589338752,,,NGC6940,308.7581481933594,27.46450424194336,1.2231771,15.377232499999998,-0.3727505996409154,,,,,,,,,,,,False,False
1857143485144726784,,,NGC6940,307.99591064453125,28.16420555114746,0.6485738000000001,11.420053500000002,0.1070263298563931,34.403362,20.26053,0.5889113395371068,,,,,,,,,True,True
1856859570625712000,,,NGC6940,308.75250244140625,27.51228141784668,1.4254078,15.9183095,-0.6531053158917752,,,,,,,,,,,,False,False
1857144687735772032,,,NGC6940,307.8968200683594,28.19831657409668,1.7571305,16.750265499999998,4.111958042121368,,,,,,,,,,,,False,False
1857145718527476096,,,NGC6940,308.15948486328125,28.15894889831543,1.2351331,15.4009355,-0.3558609300526967,,,,,,,,,,,,False,False
1857145821606717184,,,NGC6940,308.1396179199219,28.16372108459473,1.7399373,16.583456500000004,28.637407508229167,,,,,,,,,,,,False,False
1857146989837978112,,,NGC6940,308.07440185546875,28.21925544738769,1.1723699,14.945542500000002,0.1114833395913054,,,,,,,,,,,,False,False
1857147264715815168,,,NGC6940,308.1425476074219,28.24414825439453,1.2864488,15.628058499999998,-0.6714531472854045,,,,,,,,,,,,False,False
1857147505234038784,,,NGC6940,308.11285400390625,28.25766563415528,1.4473661,16.0922445,-1.6546355698253763,,,,,,,,,,,,False,False
1857148261148099328,,,NGC6940,308.2665100097656,28.25872802734375,1.2445864999999998,15.1248145,0.2184226976546835,,,,,,,,,,,,False,False
1857148531721795072,,,NGC6940,308.2599182128906,28.276710510253903,1.8058042,16.7820275,2.255486775037385,,,,,,,,,,,,False,False
1857148982702684544,,,NGC6940,308.21533203125,28.29431343078613,0.74290094,12.739635,0.1343107806316741,,,,,,,,,,,,False,False
1857149631233561600,,,NGC6940,308.2099304199219,28.332746505737305,2.4412141,18.4438925,1.6884248661114258,,,,,,,,,,,,False,False
1856866030256507136,,,NGC6940,308.8187255859375,27.56893348693848,1.34317,15.535669,0.0336933372780986,,,,,,,,,,,,False,False
1857150322732697216,,,NGC6940,308.0542907714844,28.2675895690918,0.87979516,13.350378,0.2013598932541043,,,,,,,,,,,,False,False
1857154858218385792,,,NGC6940,307.83673095703125,28.16902732849121,2.4332208,18.0527945,0.7869363137939328,,,,,,,,,,,,False,False
1857155407974341632,,,NGC6940,307.7487487792969,28.18501091003418,0.70974956,12.0973555,0.1571898264877052,,,,,,,,,,,,False,False
1857158294192299392,,,NGC6940,307.9052429199219,28.33100318908692,1.2030252,15.1712555,-0.0685728368163602,,,,,,,,,,,,False,False
1857230204816503168,,,NGC6940,309.42681884765625,27.93951416015625,2.12045,16.801671,-8.27502321769041,,,,,,,,,,,,False,False
1857560681087557504,,,NGC6940,308.6712646484375,28.75074958801269,2.0233744,16.666528,-17.819757273284516,,,,,,,,,,,,False,False
1857561127764675584,,,NGC6940,308.7650756835937,28.72962760925293,1.3581839999999998,10.0160385,0.913026666997478,8.600414,1.8226062,0.211920751721952,,,,,,,,,True,False
1857563636025173248,,,NGC6940,308.57147216796875,28.76014518737793,1.2362497,15.412437,-0.3774116874735116,,,,,,,,,,,,False,False
1857251031122428416,,,NGC6940,309.028076171875,27.9475212097168,1.1814813999999998,15.2934885,-0.42689725185834,,,,,,,,,,,,False,False
1857564598097870720,,,NGC6940,308.5804748535156,28.80210494995117,2.0525331,17.3394075,1.071425765004445,,,,,,,,,,,,False,False
1857565285292691200,,,NGC6940,308.5660705566406,28.84420967102051,0.7387485,12.9526755,0.0227288041486768,,,,,,,,,,,,False,False
1857255532248037760,,,NGC6940,309.10028076171875,27.896039962768555,2.5262181000000004,17.731856,-0.9737773162926648,,,,,,,,,,,,False,False
1857257559472675968,,,NGC6940,309.11724853515625,28.01168632507324,1.1307811,14.850154000000002,0.044457173751,,,,,,,,,,,,False,False
1857260617489490432,,,NGC6940,308.9116516113281,27.86871910095215,2.48654,18.7979595,2.1611745908883395,,,,,,,,,,,,False,False
1857260716261798016,,,NGC6940,308.8766174316406,27.875164031982425,1.9669534,17.224629500000002,1.53021957599786,,,,,,,,,,,,False,False
1857260823647966080,,,NGC6940,308.8936462402344,27.8878231048584,1.4448757,15.924707,-0.464308606055733,,,,,,,,,,,,False,False
1857261579562314112,,,NGC6940,308.8348388671875,27.893156051635746,0.87825505,13.9164795,-0.0840606130705628,,,,,,,,,,,,False,False
1857261820080502784,,,NGC6940,308.836669921875,27.91199493408203,1.3715126,15.8271775,-0.7536956275126927,,,,,,,,,,,,False,False
1857568304639773696,,,NGC6940,308.9034118652344,28.87069320678711,2.6046773,18.1737745,0.2599131187742935,,,,,,,,,,,,False,False
1857568412028557056,,,NGC6940,308.91558837890625,28.8808650970459,2.3500119000000006,17.2611615,-2.6639500838834347,,,,,,,,,,,,False,False
1857263434988206336,,,NGC6940,308.8641662597656,27.94754219055176,1.9742433,17.1996265,1.3325573416584675,,,,,,,,,,,,False,False
1857568789985724160,,,NGC6940,308.88885498046875,28.91946792602539,1.6923388,16.610422,19.813356407118512,,,,,,,,,,,,False,False
1857568854394404480,,,NGC6940,308.81072998046875,28.862836837768555,2.1482068,17.5681185,1.094568097707423,,,,,,,,,,,,False,False
1857568961784430720,,,NGC6940,308.8314208984375,28.870868682861328,1.4269163,15.9783125,-1.003748722632621,,,,,,,,,,,,False,False
1857264736351496704,,,NGC6940,308.7486267089844,27.93491554260254,2.3338983,18.445261,2.15127933203783,,,,,,,,,,,,False,False
1857264736356941312,,,NGC6940,308.7486877441406,27.933319091796875,2.4053304000000004,18.350818,1.653974760296283,,,,,,,,,,,,False,False
1857265634011617792,,,NGC6940,308.6944274902344,27.933490753173828,1.1585358,15.067133,-0.1230761355848063,,,,,,,,,,,,False,False
1857265805810308864,,,NGC6940,308.7286682128906,27.97699546813965,1.9055767,16.4323725,10.879732349710356,,,,,,,,,,,,False,False
1857265835861613696,,,NGC6940,308.7087097167969,27.980154037475582,0.6951485,11.7934255,0.1485731054606661,175.42073,96.23926,0.5486196528768293,,,,,,,,,True,True
1857266115047927936,,,NGC6940,308.7753295898437,27.993896484375,1.3576422999999995,15.7646005,-0.6006280737687604,,,,,,,,,,,,False,False
1857266183767427840,,,NGC6940,308.7407531738281,27.987199783325195,1.0191775,14.2800105,0.130162667961402,,,,,,,,,,,,False,False
1857266355566110848,,,NGC6940,308.7774658203125,28.01713943481445,1.5157091,16.1718935,-1.3330541531598863,,,,,,,,,,,,False,False
1857267077120513664,,,NGC6940,308.880126953125,28.013710021972656,1.4572992,16.0583105,-1.1948209996042631,,,,,,,,,,,,False,False
1857267661236157312,,,NGC6940,308.7980651855469,28.02750396728516,1.1712368999999998,14.9598665,0.0883913339527463,,,,,,,,,,,,False,False
1857268241045572096,,,NGC6940,308.8646240234375,28.07311820983887,2.4168705,18.0294825,0.8082074967526875,,,,,,,,,,,,False,False
1857268584643098368,,,NGC6940,308.8397521972656,28.1002140045166,2.1265110000000003,17.6296685,1.4598135999392368,,,,,,,,,,,,False,False
1857570885932317952,,,NGC6940,308.9819030761719,28.97539710998535,0.7780333999999999,12.9476795,0.1229340322369478,,,,,,,,,,,,False,False
1857571126447958912,,,NGC6940,308.89361572265625,28.96341323852539,1.7791327,16.837396,3.366221927296408,,,,,,,,,,,,False,False
1857270616166961792,,,NGC6940,309.0069274902344,28.081035614013672,1.9728249,17.179029,1.2536581850967898,,,,,,,,,,,,False,False
1857271269008799360,,,NGC6940,309.1089172363281,28.08955001831055,1.8411416,16.730932,0.0237886620852089,,,,,,,,,,,,False,False
1857273090074699264,,,NGC6940,308.9396667480469,28.05879592895508,1.9918113,17.246673,1.331362764357278,,,,,,,,,,,,False,False
1857572638276599808,,,NGC6940,308.7502746582031,28.959651947021484,0.9511148,14.0473895,0.0642640474112648,,,,,,,,,,,,False,False
1857273983431308160,,,NGC6940,308.9612731933594,28.13726806640625,1.0892026,14.710237500000002,0.0278716553868295,,,,,,,,,,,,False,False
1857274017787665536,,,NGC6940,308.9738464355469,28.13541984558105,2.1079168,17.513067,1.2292952390751222,,,,,,,,,,,,False,False
1857274563242500224,,,NGC6940,308.8876342773437,28.13582229614257,2.2939862,17.255958,-2.0769491835120273,,,,,,,,,,,,False,False
1857274636263052800,,,NGC6940,308.883544921875,28.147720336914062,1.2759808,15.505848,-0.3607167805603092,,,,,,,,,,,,False,False
1857274808061698944,,,NGC6940,308.935546875,28.15196990966797,0.95162476,13.358429999999998,0.4204491532838574,,,,,,,,,,,,False,False
1857275009915520896,,,NGC6940,308.9164733886719,28.16721534729004,2.4591424,18.4774545,1.6800964210820306,,,,,,,,,,,,False,False
1857275048579910784,,,NGC6940,308.89697265625,28.16071510314941,0.8856133300000001,13.6854245,0.0555978249454793,,,,,,,,,,,,False,False
1857275289098247168,,,NGC6940,309.0451354980469,28.14358711242676,2.2135609,17.624851,0.7948079631156919,,,,,,,,,,,,False,False
1857275770134648576,,,NGC6940,309.0243835449219,28.189271926879886,2.3680778,18.398449000000003,1.915697229577384,,,,,,,,,,,,False,False
1857573939636208512,,,NGC6940,308.7913513183594,29.00728416442871,1.7860604999999998,16.7921645,3.025528797392914,,,,,,,,,,,,False,False
1857276968416867328,,,NGC6940,309.01275634765625,28.21904373168945,0.6828364,12.495782,0.0894574637145134,,,,,,,,,,,,False,False
1857277037139427968,,,NGC6940,309.0360717773437,28.2387809753418,1.103197,14.905118,-0.143281372884768,,,,,,,,,,,,False,False
1857277144517610880,,,NGC6940,309.04742431640625,28.26212310791016,2.0080076,17.3321395,1.4980758199694255,,,,,,,,,,,,False,False
1857277419402193280,,,NGC6940,309.0313415527344,28.279727935791016,2.1526015000000003,17.748617,1.6123598974960218,,,,,,,,,,,,False,False
1857280301313918720,,,NGC6940,309.5036315917969,28.10470390319824,2.3098853,17.348862,-1.4789910929899166,,,,,,,,,,,,False,False
1857575971171214080,,,NGC6940,308.8475341796875,29.07472801208496,1.9094866,16.227748,6.504920718990092,,,,,,,,,,,,False,False
1857576589646690048,,,NGC6940,308.4865417480469,28.83156394958496,1.00571263,13.7076335,0.4092054301128729,,,,,,,,,,,,False,False
1857283466717046912,,,NGC6940,309.2485046386719,28.155765533447266,1.3235124,14.896274000000002,0.8288276336602572,,,,,,,,,,,,False,False
1857578715639417472,,,NGC6940,308.5849609375,28.89372444152832,2.6821173,18.501452,0.7986469204003671,,,,,,,,,,,,False,False
1857291506895378432,,,NGC6940,309.4974060058594,28.29412841796875,1.7407080000000004,16.6623415,5.950401425643593,,,,,,,,,,,,False,False
1857293121803080320,,,NGC6940,309.5298156738281,28.331939697265625,1.5894226,16.2651695,-0.9179822167614792,,,,,,,,,,,,False,False
1857583697801964160,,,NGC6940,308.55328369140625,29.034236907958984,2.7336939,18.4338135,0.4066457777304257,,,,,,,,,,,,False,False
1857296587830491392,,,NGC6940,309.1654357910156,28.22616004943848,2.0796073,17.456125,1.2707592161381644,,,,,,,,,,,,False,False
1857296763935553536,,,NGC6940,309.1881103515625,28.233049392700195,1.5962108,16.33474,-1.9356343316189848,,,,,,,,,,,,False,False
1857296931428666880,,,NGC6940,309.22442626953125,28.255868911743164,2.5531425,18.563137500000003,1.4674096976367157,,,,,,,,,,,,False,False
1857299783286227456,,,NGC6940,309.0777587890625,28.24101257324219,2.0002752,17.1966155,0.9938168171095793,,,,,,,,,,,,False,False
1857453891016784512,,,NGC6940,308.668701171875,28.024662017822266,1.6220663000000002,16.460675,-6.125573184250439,,,,,,,,,,,,False,False
1857453989790833152,,,NGC6940,308.7054443359375,28.018882751464844,2.3948495000000003,18.032384,0.9364011672299576,,,,,,,,,,,,False,False
1857454024150573184,,,NGC6940,308.7194519042969,28.023090362548828,2.4458959,18.605583,1.9796211329391236,,,,,,,,,,,,False,False
1857454058510311424,,,NGC6940,308.7406921386719,28.022762298583984,2.3007508000000003,17.991145500000002,1.3445327076964164,,,,,,,,,,,,False,False
1857454092870069376,,,NGC6940,308.7551574707031,28.03972053527832,2.1899004,17.524857,0.594639580230057,,,,,,,,,,,,False,False
1857454268979039872,,,NGC6940,308.68133544921875,28.04403877258301,1.1292007000000002,14.794602,0.0997951173391509,,,,,,,,,,,,False,False
1857454440772587520,,,NGC6940,308.7187194824219,28.0718936920166,2.3667013,17.4759195,-1.1495200222335862,,,,,,,,,,,,False,False
1857454642625877888,,,NGC6940,308.6546630859375,28.035215377807617,1.9464319,17.322148,2.1017967463262024,,,,,,,,,,,,False,False
1857454750010292352,,,NGC6940,308.6096496582031,28.025421142578125,0.8749682000000001,13.7092175,0.0120948744171547,,,,,,,,,,,,False,False
1857302841304000000,,,NGC6940,309.1454772949219,28.36654281616211,2.2560225000000003,17.7070925,0.7798209117958643,,,,,,,,,,,,False,False
1857454818729781760,,,NGC6940,308.60260009765625,28.03680419921875,1.0653868,14.746071,-0.104695067683311,,,,,,,,,,,,False,False
1857455123672423680,,,NGC6940,308.66876220703125,28.07113265991211,2.3889807000000003,18.396821,1.820666775342936,,,,,,,,,,,,False,False
1857455162327110784,,,NGC6940,308.69073486328125,28.06396293640137,1.2148464,15.146078,0.0343821970423022,,,,,,,,,,,,False,False
1857455299766103168,,,NGC6940,308.6456298828125,28.06660842895508,1.6967079000000005,16.4944215,-3.111032301595708,,,,,,,,,,,,False,False
1857303464084621952,,,NGC6940,309.2236633300781,28.41873359680176,1.7695986,16.7162395,3.523418313868966,,,,,,,,,,,,False,False
1857455505924541696,,,NGC6940,308.65802001953125,28.09630584716797,0.7597115000000001,12.5246865,0.2115143275183812,,,,,,,,,,,,False,False
1857455609003640448,,,NGC6940,308.7742004394531,28.06165885925293,1.8800135,16.977538,1.6261390961096445,,,,,,,,,,,,False,False
1857456021320522880,,,NGC6940,308.7713928222656,28.09128761291504,1.2123840999999995,15.5357505,-0.90199646720613,,,,,,,,,,,,False,False
1857304254358432384,,,NGC6940,309.3727111816406,28.33885192871093,0.9551588,13.9667225,0.1233491844054344,,,,,,,,,,,,False,False
1857456085746085248,,,NGC6940,308.7606201171875,28.12051010131836,1.9194003,17.015924000000002,1.1425786491382963,,,,,,,,,,,,False,False
1857589199670649984,,,NGC6940,308.7695617675781,29.16913795471192,1.0356081,13.808053,0.4536108848860147,,,,,,,,,,,,False,False
1857456364917891584,,,NGC6940,308.8187866210937,28.1311264038086,1.0104599,14.419909,0.0029639427389362,,,,,,,,,,,,False,False
1857456498051931008,,,NGC6940,308.7759704589844,28.13007545471192,1.1335401,14.9461485,-0.0639102284728451,,,,,,,,,,,,False,False
1857456807300384128,,,NGC6940,308.73907470703125,28.1124324798584,1.7732058,16.722018,3.3433066548386914,,,,,,,,,,,,False,False
1857456983393273216,,,NGC6940,308.6987609863281,28.11979866027832,1.1501895,14.866352000000004,0.108422827361742,,,,,,,,,,,,False,False
1857457052112765568,,,NGC6940,308.6875,28.13157653808593,0.9345322,13.915097,0.089061772606085,,,,,,,,,,,,False,False
1857456949033533568,,,NGC6940,308.69439697265625,28.11255645751953,1.1288262999999998,14.7909435,0.1021589549396408,,,,,,,,,,,,False,False
1857457498789339520,,,NGC6940,308.7357788085937,28.15271377563477,1.6146899,16.431706000000002,-4.576900801546642,,,,,,,,,,,,False,False
1857457498789340032,,,NGC6940,308.7326354980469,28.14933013916016,1.2368947,15.388971000000002,-0.3157381439279668,,,,,,,,,,,,False,False
1857457597563662976,,,NGC6940,308.7295837402344,28.17251205444336,2.3127261,18.172753,1.7112447280727268,,,,,,,,,,,,False,False
1857457601868566272,,,NGC6940,308.73736572265625,28.174579620361328,1.0292712,14.075651,0.2858711550927608,,,,,,,,,,,,False,False
1857457636228281088,,,NGC6940,308.7691650390625,28.17571258544922,1.2276239,15.414364999999998,-0.4373508930097953,,,,,,,,,,,,False,False
1857457670588027008,,,NGC6940,308.7658996582031,28.18560028076172,0.9593216,14.1313505,0.0387201272463297,,,,,,,,,,,,False,False
1857457704947772544,,,NGC6940,308.75714111328125,28.185073852539062,0.9102398,13.8099955,0.0700824096421787,,,,,,,,,,,,False,False
1857457872441332992,,,NGC6940,308.5810241699219,28.07122611999512,2.2510650999999995,18.237855,2.144841828070596,,,,,,,,,,,,False,False
1857458009880137728,,,NGC6940,308.6060791015625,28.08485221862793,1.3937254,9.545516,0.8527629542514897,6.337274,1.7711055,0.2794743449628342,,,,,,,,,True,False
1857458014185479296,,,NGC6940,308.6072082519531,28.087650299072266,1.4812592999999998,16.222689000000003,-2.733041518106313,,,,,,,,,,,,False,False
1857458044240027520,,,NGC6940,308.5672912597656,28.07298469543457,2.5205482,18.252274,0.8903195534538706,,,,,,,,,,,,False,False
1857458082904979328,,,NGC6940,308.5689697265625,28.07742691040039,1.6171382,16.451002999999996,-5.678549849237788,,,,,,,,,,,,False,False
1857306586515670784,,,NGC6940,309.5093688964844,28.42909049987793,1.7533153,16.7075445,4.4523975600403585,,,,,,,,,,,,False,False
1857458151624466560,,,NGC6940,308.5671081542969,28.094099044799805,0.93270724,14.0809765,-0.0118683573163324,,,,,,,,,,,,False,False
1857458185984187520,,,NGC6940,308.5829162597656,28.08382797241211,0.9704641,14.287374,-0.0287366547079465,,,,,,,,,,,,False,False
1857458289063421312,,,NGC6940,308.5850830078125,28.118125915527344,2.1088279,17.459899,1.0263661139508278,,,,,,,,,,,,False,False
1857458319123768192,,,NGC6940,308.6301574707031,28.09176254272461,1.6324900000000002,16.443934999999996,-4.295091769708225,,,,,,,,,,,,False,False
1857458460862054016,,,NGC6940,308.6532287597656,28.111831665039062,1.3529928,15.673183,-0.2928932761022387,,,,,,,,,,,,False,False
1857458632660789120,,,NGC6940,308.6109924316406,28.125791549682617,1.0667324,14.611206,0.038578866478163,,,,,,,,,,,,False,False
1857458667020544512,,,NGC6940,308.5899963378906,28.12606811523437,0.60940854,11.8379515,0.0688431378377122,139.00853,71.44688,0.51397478989239,,,,,,,,,True,True
1857458731434916608,,,NGC6940,308.6270751953125,28.13229560852051,2.6615228,18.07865,-0.3452867787518457,,,,,,,,,,,,False,False
1857458800154442752,,,NGC6940,308.6103515625,28.14747810363769,2.5487942,18.322594,0.9379660760623296,,,,,,,,,,,,False,False
1857458804459482112,,,NGC6940,308.62078857421875,28.14096641540528,0.9418451,14.0570945,0.0302474339297134,,,,,,,,,,,,False,False
1857460350647701504,,,NGC6940,308.6509704589844,28.1668758392334,0.75127456,12.77549,0.138340418280505,,,,,,,,,,,,False,False
1857458907538728064,,,NGC6940,308.5561218261719,28.105770111083984,2.2766527,17.9339495,1.3326084548119137,,,,,,,,,,,,False,False
1857459285495876736,,,NGC6940,308.5478515625,28.134464263916016,1.3618303,15.788694499999998,-0.6671256456330709,,,,,,,,,,,,False,False
1857459354215385600,,,NGC6940,308.5248413085937,28.146137237548828,1.2767462,14.6314625,0.8051706866454789,,,,,,,,,,,,False,False
1857459526014037248,,,NGC6940,308.5741577148437,28.15458297729492,2.6444468,18.0429905,-0.3827484234227573,,,,,,,,,,,,False,False
1857459762227181568,,,NGC6940,308.54949951171875,28.17259979248047,1.9684377,17.1249835,1.0316997385409987,,,,,,,,,,,,False,False
1857459766532229248,,,NGC6940,308.5556945800781,28.16411781311035,0.30736882,8.8247395,-1.9607176650693676,51.10061,4.5755544,0.08954011312193728,,,,,,,,,True,False
1857460007050283648,,,NGC6940,308.6791381835937,28.14760398864746,1.0303784,14.361831,0.1116198207855278,,,,,,,,,,,,False,False
1857460041410036480,,,NGC6940,308.6605834960937,28.1472282409668,1.7111776,16.674775,7.935548392026351,,,,,,,,,,,,False,False
1857460350647704832,,,NGC6940,308.6473693847656,28.167236328125,1.6912109000000002,16.596254000000002,31.088259713658644,,,,,,,,,,,,False,False
1857460281928222336,,,NGC6940,308.65185546875,28.16367721557617,0.89237163,13.722192,0.0586980261662117,,,,,,,,,,,,False,False
1857460380718885248,,,NGC6940,308.6718139648437,28.17061233520508,2.1721098,17.795537999999997,1.6080936013559493,,,,,,,,,,,,False,False
1857460385007431296,,,NGC6940,308.6675720214844,28.17251014709473,0.9824078,14.200192,0.0665400487400184,,,,,,,,,,,,False,False
1857460419367171968,,,NGC6940,308.6761779785156,28.187515258789062,0.69426174,11.916178,0.1459185704003861,208.41127,115.42352,0.5538257120164375,,,,,,,,,True,True
1857460453726914432,,,NGC6940,308.66290283203125,28.17852020263672,1.0796405,14.4382555,0.2226682227764643,,,,,,,,,,,,False,False
1857460488086653056,,,NGC6940,308.676513671875,28.196792602539062,1.4762947,16.106351999999998,-1.3343283432913329,,,,,,,,,,,,False,False
1857591982803757824,,,NGC6940,308.6640625,29.167659759521484,2.219021000000001,18.5501685,2.800509937519512,,,,,,,,,,,,False,False
1857460522446342016,,,NGC6940,308.7149353027344,28.1679744720459,1.1833611000000002,15.155193000000002,-0.1435145690734505,,,,,,,,,,,,False,False
1857460556806083072,,,NGC6940,308.7235107421875,28.182775497436523,1.2618103,15.457594,-0.3267411095492886,,,,,,,,,,,,False,False
1857460659885290880,,,NGC6940,308.7398986816406,28.19147682189941,0.6004943,11.9300185,0.0554155539921862,62.514603,53.584805,0.8571566070730706,,,,,,,,,True,True
1857460689939782528,,,NGC6940,308.74755859375,28.204435348510746,0.6766060999999999,12.5511635,0.0664521118631468,,,,,,,,,,,,False,False
1857460728604782080,,,NGC6940,308.72869873046875,28.200475692749023,1.0946302,14.7770075,-0.0219532637507339,,,,,,,,,,,,False,False
1857460762964515840,,,NGC6940,308.7441711425781,28.21343040466309,1.2123412,14.831508499999998,0.407567655857049,,,,,,,,,,,,False,False
1857460762964516352,,,NGC6940,308.7409973144531,28.210309982299805,2.3684920000000003,17.928182500000002,0.7805606870029926,,,,,,,,,,,,False,False
1857460797324288384,,,NGC6940,308.6873779296875,28.19354820251465,1.2350789999999998,14.574149,0.6826134664789689,,,,,,,,,,,,False,False
1857460930458417152,,,NGC6940,308.7140197753906,28.212446212768555,2.1067191,17.614619,1.563417282139395,,,,,,,,,,,,False,False
1857461136616748032,,,NGC6940,308.613037109375,28.18263816833496,1.6591379,16.015051500000002,1.8488248192748096,,,,,,,,,,,,False,False
1857461205352548224,,,NGC6940,308.6524963378906,28.19803810119629,2.0495254,17.172329500000004,0.2254022587636926,,,,,,,,,,,,False,False
1857461209641175936,,,NGC6940,308.6501159667969,28.18996810913086,1.1084357,14.476434499999998,0.2949571025408207,,,,,,,,,,,,False,False
1857461278360670080,,,NGC6940,308.6405639648437,28.20736122131348,0.7147436,12.782169,0.0557199451309017,,,,,,,,,,,,False,False
1857461381439901568,,,NGC6940,308.6187438964844,28.20363807678223,2.264254,17.197581000000003,-2.290898127044763,,,,,,,,,,,,False,False
1857461450159401344,,,NGC6940,308.6103820800781,28.223716735839844,0.5753309000000001,12.1298555,0.0104384899600126,,,,,,,,,,,,False,False
1857461518878851456,,,NGC6940,308.642578125,28.22839546203613,0.7945729,12.8058395,0.2225188685458168,,,,,,,,,,,,False,False
1857461518878855168,,,NGC6940,308.6419372558594,28.233774185180664,0.7677328,13.022267,0.0570544672202616,,,,,,,,,,,,False,False
1857461548933784704,,,NGC6940,308.6128234863281,28.227956771850582,2.7455312,18.2350735,-0.235232771535968,,,,,,,,,,,,False,False
1857461553227085056,,,NGC6940,308.60699462890625,28.22818374633789,1.2519115,10.183755,0.7567843892203827,8.716977,3.531065,0.40507907729938947,,,,,,,,,True,False
1857461587598342784,,,NGC6940,308.63116455078125,28.233413696289062,0.66402263,11.727653,0.121347843067921,,,,,,,,,,,,False,True
1857310645269872640,,,NGC6940,309.3796691894531,28.50534248352051,0.7821039000000001,12.9640665,0.1248373559964424,,,,,,,,,,,,False,False
1857461656317764992,,,NGC6940,308.68804931640625,28.22416877746582,0.7147877,11.984652,0.1646787848211238,201.29077,109.95513,0.5462502329341777,,,,,,,,,True,True
1857461725037261696,,,NGC6940,308.67486572265625,28.23912048339844,0.9511967,13.886601,0.1555565580843256,,,,,,,,,,,,False,False
1857461793756726272,,,NGC6940,308.69921875,28.250627517700195,1.2909072,15.595469,-0.524544631580435,,,,,,,,,,,,False,False
1857461896835982720,,,NGC6940,308.6430969238281,28.241979598999023,1.6612205000000002,16.521857,-11.604531299287672,,,,,,,,,,,,False,False
1857462064339736704,,,NGC6940,308.6825866699219,28.26844787597656,2.5574645,18.112174,0.3100018640121454,,,,,,,,,,,,False,False
1857463168146610816,,,NGC6940,308.908935546875,28.22956657409668,1.3323192,14.959276499999998,0.8197551626203345,,,,,,,,,,,,False,False
1857463374304568576,,,NGC6940,308.8090209960937,28.198156356811523,1.0515552,14.534415999999998,0.0514909178631062,,,,,,,,,,,,False,False
1857463717901973888,,,NGC6940,308.81024169921875,28.23099136352539,0.9631714,14.1786825,0.0209607777366343,,,,,,,,,,,,False,False
1857463889701175936,,,NGC6940,308.8353881835937,28.23500633239746,0.56007644,11.8516615,0.022431681509342,104.74206,48.37333,0.4618329064752021,,,,,,,,,True,True
1857463924060914816,,,NGC6940,308.8417358398437,28.23639488220215,1.1674916000000002,15.1629045,-0.2397499785449821,,,,,,,,,,,,False,False
1857464057194803072,,,NGC6940,308.8721923828125,28.26043510437012,2.3749695,17.4886465,-1.1427426043456916,,,,,,,,,,,,False,False
1857464061499881600,,,NGC6940,308.8733215332031,28.265607833862305,0.7899580399999999,13.1281275,0.0552392103956087,,,,,,,,,,,,False,False
1857464302018046976,,,NGC6940,308.83209228515625,28.26728820800781,0.7448861,12.8636685,0.0845330180406512,,,,,,,,,,,,False,False
1857464302018047360,,,NGC6940,308.83453369140625,28.26796722412109,1.0907581,14.7161675,0.0278820700896976,,,,,,,,,,,,False,False
1857464572590824192,,,NGC6940,308.9410400390625,28.24812316894531,1.9636402,17.1938085,1.4386357790079658,,,,,,,,,,,,False,False
1857464817401608960,,,NGC6940,308.9479064941406,28.26467704772949,2.4689963,18.920393,2.4206554937313527,,,,,,,,,,,,False,False
1857464984907804288,,,NGC6940,308.9689025878906,28.27663803100586,1.4116741,15.3241965,0.8630916124710559,,,,,,,,,,,,False,False
1857465706462413952,,,NGC6940,308.9189453125,28.29897689819336,1.7576838,16.7763715,4.047320826001677,,,,,,,,,,,,False,False
1857465745127067264,,,NGC6940,308.8671569824219,28.27729225158692,1.0595212,14.7144035,-0.0926050872381469,,,,,,,,,,,,False,False
1857465985645285504,,,NGC6940,308.8893737792969,28.328155517578125,2.3427611000000006,17.3294415,-1.9662920289314945,,,,,,,,,,,,False,False
1857466020004920704,,,NGC6940,308.9312438964844,28.30770492553711,0.6432615399999999,12.2010785,0.0779531682837878,166.60608,76.79419,0.4609326982544695,,,,,,,,,True,False
1857466123084142720,,,NGC6940,308.93267822265625,28.32039833068848,0.94699155,14.0987285,0.021002587254895,,,,,,,,,,,,False,False
1857466153138170240,,,NGC6940,308.9518737792969,28.32137680053711,0.70928536,11.4041165,0.1595370996704039,218.54189,76.2193,0.34876288477234274,,,,,,,,,True,True
1857466393660187904,,,NGC6940,308.9154663085937,28.34247970581055,2.1711222,17.627549499999997,1.1209111840658526,,,,,,,,,,,,False,False
1857466569760291840,,,NGC6940,308.7583312988281,28.21810531616211,1.386334,15.9509225,-1.3147552970670655,,,,,,,,,,,,False,False
1857466707199234432,,,NGC6940,308.7854919433594,28.237808227539062,2.1079803,17.447314000000002,0.98474831595641,,,,,,,,,,,,False,False
1857466737265239424,,,NGC6940,308.7876892089844,28.254039764404297,2.0938443,17.851633,2.233551180806299,,,,,,,,,,,,False,False
1857466844638231296,,,NGC6940,308.7359924316406,28.24082946777344,1.3055142999999998,9.875176499999998,0.8029238644368744,9.969792,1.901958,0.19077208431229056,,,,,,,,,True,False
1857466982077185024,,,NGC6940,308.7557067871094,28.26639175415039,0.7101807,12.083208,0.1580176586895165,14.249008,14.090707,0.9888903845095743,,,,,,,,,True,False
1857467080851872640,,,NGC6940,308.75653076171875,28.28428840637207,2.5028252,17.672195,-1.1106296168526877,,,,,,,,,,,,False,False
1857467188236066432,,,NGC6940,308.7984924316406,28.26638984680176,1.3363227,15.134147999999998,0.6736409443547474,,,,,,,,,,,,False,False
1857467218290825984,,,NGC6940,308.8085021972656,28.28450012207031,2.0424851000000004,17.067812,-0.4841929124024652,,,,,,,,,,,,False,False
1857467222595814144,,,NGC6940,308.81085205078125,28.28059387207031,1.0321128,14.6068615,-0.0852279102964155,,,,,,,,,,,,False,False
1857467325675041280,,,NGC6940,308.8133850097656,28.29993438720703,0.85033597,13.662501,-0.0406043657519573,,,,,,,,,,,,False,False
1857467119516585984,,,NGC6940,308.8030700683594,28.256765365600582,1.9679707,17.098876999999998,0.8857204994386639,,,,,,,,,,,,False,False
1857467394394502016,,,NGC6940,308.7872619628906,28.27876281738281,0.66409195,12.648236,0.0114873654242422,,,,,,,,,,,,False,False
1857467600552952576,,,NGC6940,308.78924560546875,28.31104850769043,0.99677034,14.165586,0.1322445049616785,,,,,,,,,,,,False,False
1857467600552953472,,,NGC6940,308.796875,28.31059265136719,1.1291464999999998,14.165088999999998,0.5384171164473182,,,,,,,,,,,,False,False
1857467664977476608,,,NGC6940,308.7172241210937,28.26561737060547,1.8769798,17.0874345,2.1881699160945356,,,,,,,,,,,,False,False
1857467733686809344,,,NGC6940,308.7030944824219,28.26162528991699,1.4700376000000002,16.022527,-0.742750047162017,,,,,,,,,,,,False,False
1857467836766247040,,,NGC6940,308.7509765625,28.284292221069336,1.9180474,17.172148999999997,1.9313403630701471,,,,,,,,,,,,False,False
1857467905485677184,,,NGC6940,308.7364501953125,28.30136299133301,1.8538313,16.9235725,1.8454829718389296,,,,,,,,,,,,False,False
1857467978509648000,,,NGC6940,308.7126159667969,28.29403114318848,1.2780595,15.5522395,-0.4821362422038104,,,,,,,,,,,,False,False
1857468081588865664,,,NGC6940,308.7128295898437,28.298236846923828,2.001041,16.5453125,63.34433114543888,,,,,,,,,,,,False,False
1857468081589274880,,,NGC6940,308.71636962890625,28.30097389221192,1.600103,15.6683305,1.7561781895262203,,,,,,,,,,,,False,False
1857468115949020672,,,NGC6940,308.7351989746094,28.310731887817383,0.90391444,13.947569,-0.0226464143265788,,,,,,,,,,,,False,False
1857468150308752512,,,NGC6940,308.6999206542969,28.30829429626465,1.9215616,17.709792,3.10649869246484,,,,,,,,,,,,False,False
1857468317802663168,,,NGC6940,308.7542724609375,28.31830406188965,1.8208652,16.867359,2.3189656524435067,,,,,,,,,,,,False,False
1857468322107462912,,,NGC6940,308.75311279296875,28.323549270629886,0.6592012,11.968953,0.110293603453289,119.01926,106.24504,0.8926709845112464,,,,,,,,,True,True
1857468459546447232,,,NGC6940,308.7812805175781,28.34788703918457,0.6689128999999999,12.3243255,0.0957667828909326,,,,,,,,,,,,False,False
1857468489601386368,,,NGC6940,308.7391357421875,28.32787895202637,2.1631103,17.579423000000002,1.0173025491093517,,,,,,,,,,,,False,False
1857468493906156032,,,NGC6940,308.7416076660156,28.32693672180176,1.5172796,15.7304685,0.9504473617797506,,,,,,,,,,,,False,False
1857468631345131392,,,NGC6940,308.7673645019531,28.34318351745605,2.0056448,16.6484255,-21.264786100908335,,,,,,,,,,,,False,False
1857468730119680128,,,NGC6940,308.7626342773437,28.36114883422852,2.5063661,18.5370485,1.604299218184031,,,,,,,,,,,,False,False
1857598717312038912,,,NGC6940,309.2975158691406,28.76058006286621,1.2655205,15.0363695,0.4344594734968048,,,,,,,,,,,,False,False
1857468906223045504,,,NGC6940,308.86944580078125,28.3306941986084,0.989569,14.284092,0.0339531768430293,,,,,,,,,,,,False,False
1857469181100958336,,,NGC6940,308.8443603515625,28.34004592895508,1.5402954999999998,16.275829,-2.311758416165319,,,,,,,,,,,,False,False
1857469593417852416,,,NGC6940,308.8690490722656,28.36417007446289,0.7183474400000001,12.730464,0.0864609160326525,,,,,,,,,,,,False,False
1857469623475705856,,,NGC6940,308.8772277832031,28.38202476501465,2.2365137,17.4240815,-0.2905631342051903,,,,,,,,,,,,False,False
1857469627777616000,,,NGC6940,308.87945556640625,28.37969207763672,1.4597527,16.0664665,-1.2278075714668226,,,,,,,,,,,,False,False
1857469696497096448,,,NGC6940,308.8754577636719,28.382741928100582,1.1679970000000002,14.4152175,0.5341098143026395,,,,,,,,,,,,False,False
1857469760914705152,,,NGC6940,308.90411376953125,28.40008354187012,2.1183856000000003,17.420868000000002,0.7814777719941212,,,,,,,,,,,,False,False
1857469765216605696,,,NGC6940,308.9049072265625,28.40341567993164,1.6105558999999998,16.387707,-2.8616753242847253,,,,,,,,,,,,False,False
1857469795274445696,,,NGC6940,308.8734436035156,28.40039825439453,2.4158541,17.9796775,0.6659034406613824,,,,,,,,,,,,False,False
1857469799576322944,,,NGC6940,308.8768920898437,28.39090919494629,1.0068629000000002,14.363927,0.0333413768872206,,,,,,,,,,,,False,False
1857469971374952576,,,NGC6940,308.8039855957031,28.35735511779785,0.75071484,12.956825,0.0502217273322899,,,,,,,,,,,,False,False
1857599610668706432,,,NGC6940,309.2446594238281,28.76107406616211,1.4354919,15.806124499999996,-0.0307659428009746,,,,,,,,,,,,False,False
1857470070152284928,,,NGC6940,308.8193359375,28.37514877319336,2.260224899999999,18.042445,1.692134565218497,,,,,,,,,,,,False,False
1857470074454191104,,,NGC6940,308.8221435546875,28.37392234802246,1.2427145,15.430439000000002,-0.3816649208726458,,,,,,,,,,,,False,False
1857599713744484992,,,NGC6940,309.24090576171875,28.78497314453125,0.8290743,12.733286499999998,0.31684054697934,,,,,,,,,,,,False,False
1857470241948390784,,,NGC6940,308.7835388183594,28.38955116271973,0.78412627,13.0516685,0.0833548667241498,,,,,,,,,,,,False,False
1857470280612635776,,,NGC6940,308.80206298828125,28.388484954833984,1.2454868,14.294038,0.8389957378350471,,,,,,,,,,,,False,False
1857470585548468992,,,NGC6940,308.8802490234375,28.412214279174805,0.7788604,12.926167,0.1355542439640461,,,,,,,,,,,,False,False
1857600190482549504,,,NGC6940,309.2987365722656,28.82135009765625,2.5667690000000003,18.4569155,1.1796351201596056,,,,,,,,,,,,False,False
1857470791714722176,,,NGC6940,308.8262023925781,28.422748565673828,2.7254176,18.332288,0.1587196806230133,,,,,,,,,,,,False,False
1857470830368515584,,,NGC6940,308.8538818359375,28.43174171447754,1.5409141000000002,16.213815,-1.3368284017033647,,,,,,,,,,,,False,False
1857470830368521472,,,NGC6940,308.848876953125,28.43825340270996,1.2438474000000002,15.34831,-0.1802666445653044,,,,,,,,,,,,False,False
1857471032221293952,,,NGC6940,308.48956298828125,28.14864921569824,2.5133711,18.2382705,0.888139971927691,,,,,,,,,,,,False,False
1857471139605960704,,,NGC6940,308.5320739746094,28.16867828369141,1.4556336,15.798515,0.1918464201090716,,,,,,,,,,,,False,False
1857471173965417344,,,NGC6940,308.5156555175781,28.16625022888184,0.9764485,14.254010999999998,0.013016877843452,,,,,,,,,,,,False,False
1857471380123877504,,,NGC6940,308.4971923828125,28.179851531982425,1.1614753000000002,15.0926715,-0.1494462138671204,,,,,,,,,,,,False,False
1857471513257701760,,,NGC6940,308.5357666015625,28.17234992980957,2.4307312,18.306724000000003,1.4425141947876043,,,,,,,,,,,,False,False
1857471689361457664,,,NGC6940,308.5738525390625,28.206336975097656,1.2068647,15.060197,0.1221276161158365,,,,,,,,,,,,False,False
1857471719416255744,,,NGC6940,308.55792236328125,28.20519828796387,0.817901,13.042336,0.1769860304757455,,,,,,,,,,,,False,False
1857471753776017024,,,NGC6940,308.5695495605469,28.21639633178711,2.1925968,17.230615999999998,-1.1177109000954604,,,,,,,,,,,,False,False
1857471788135681408,,,NGC6940,308.5126342773437,28.19533348083496,2.425231,18.097571,0.9542821807519636,,,,,,,,,,,,False,False
1857471895519953664,,,NGC6940,308.5250244140625,28.21709632873535,1.5677572,16.2498785,-1.2240542507614485,,,,,,,,,,,,False,False
1857472204757628800,,,NGC6940,308.4715270996094,28.19430160522461,0.9819575,14.150305,0.0962642422959912,,,,,,,,,,,,False,False
1857472234812327040,,,NGC6940,308.49322509765625,28.20876121520996,2.3583804,17.916085000000002,0.8030027268194866,,,,,,,,,,,,False,False
1857472239117367424,,,NGC6940,308.484619140625,28.211673736572266,0.5821868000000001,11.869386,0.0419420275909623,119.522385,63.22666,0.5289942967587201,,,,,,,,,True,True
1857472342196609792,,,NGC6940,308.4315185546875,28.191272735595703,1.3948440999999998,15.3542465,0.7220882324846238,,,,,,,,,,,,False,False
1857472410916107776,,,NGC6940,308.41864013671875,28.21297645568848,1.0946930999999998,14.7973305,-0.0448170077367108,,,,,,,,,,,,False,False
1857472578409255424,,,NGC6940,308.4561462402344,28.232778549194336,0.54177847,11.402617500000002,0.0134619401350441,49.892155,23.979958,0.4806358434507389,,,,,,,,,True,True
1857472578409801088,,,NGC6940,308.4488525390625,28.2332706451416,2.1930875,17.8119245,1.5167921400046875,,,,,,,,,,,,False,False
1857472617074481664,,,NGC6940,308.49853515625,28.2148380279541,1.3440324,15.677824,-0.3832617175787121,,,,,,,,,,,,False,False
1857472715848791040,,,NGC6940,308.4943542480469,28.242883682250977,1.7732402,16.741054000000002,3.387280010757478,,,,,,,,,,,,False,False
1857472754513428480,,,NGC6940,308.51934814453125,28.230621337890625,1.9174619,17.0323045,1.2782783199534082,,,,,,,,,,,,False,False
1857472857592662400,,,NGC6940,308.5130615234375,28.258169174194336,2.4201421,18.4590695,1.8087770853294445,,,,,,,,,,,,False,False
1857472891952412032,,,NGC6940,308.4818725585937,28.23661231994629,0.6711713,12.341996,0.0966000503860844,,,,,,,,,,,,False,False
1857472788873166464,,,NGC6940,308.5306091308594,28.24557304382324,1.1997638,15.101819499999998,0.0266715354935541,,,,,,,,,,,,False,False
1857472922007256192,,,NGC6940,308.4888610839844,28.248550415039062,0.76607904,12.854246,0.1384005185821271,,,,,,,,,,,,False,False
1857472926312159360,,,NGC6940,308.48004150390625,28.24877166748047,1.1660510000000002,14.9808055,0.0374379569409352,,,,,,,,,,,,False,False
1857472990726112640,,,NGC6940,308.4785461425781,28.26420974731445,0.7749103999999999,12.0532,0.2255904543075102,74.74487,37.150402,0.4970294549980486,,,,,,,,,True,False
1857473098110857216,,,NGC6940,308.4831848144531,28.26373863220215,0.93016763,13.675611,0.1952768532978364,,,,,,,,,,,,False,False
1857473098110859264,,,NGC6940,308.4844055175781,28.26886558532715,0.7375531,12.707784,0.1345778306936498,,,,,,,,,,,,False,False
1857473196885084416,,,NGC6940,308.58807373046875,28.22994041442871,0.96048085,14.1295075,0.0433965623974905,,,,,,,,,,,,False,False
1857473231244820864,,,NGC6940,308.57452392578125,28.23185920715332,2.4895881,18.595467,1.7870666491351046,,,,,,,,,,,,False,False
1857473269909434240,,,NGC6940,308.5853576660156,28.23425674438477,0.60936936,12.2067155,0.0384655161714759,,,,,,,,,,,,False,False
1857473269909437824,,,NGC6940,308.5838623046875,28.23596954345703,0.95788105,14.1528105,0.0210125852363128,,,,,,,,,,,,False,False
1857473269909443712,,,NGC6940,308.5786437988281,28.23393821716309,1.2288553999999998,15.28469,-0.1361027396858448,,,,,,,,,,,,False,False
1857473269909446912,,,NGC6940,308.5822448730469,28.242521286010746,0.6429988,11.3899925,0.1013437229669846,,,,,,,,,,,,False,True
1857473299963760000,,,NGC6940,308.6140441894531,28.24110412597656,0.617125,11.748686,0.0789026713683795,,,,,,,,,,,,False,True
1857473372988961280,,,NGC6940,308.5928649902344,28.25222396850586,0.9053355,13.3579425,0.2770302550473298,,,,,,,,,,,,False,False
1857473441708156032,,,NGC6940,308.5639953613281,28.235950469970703,0.62847074,12.018195,0.076891596806463,66.470634,40.510704,0.6094526494210961,,,,,,,,,True,False
1857473579147107328,,,NGC6940,308.58740234375,28.26406669616699,0.95233073,13.2258545,0.4686836061162687,,,,,,,,,,,,False,False
1857473609201403520,,,NGC6940,308.5924377441406,28.26258087158203,0.7009546,11.7533415,0.1541832257471554,190.89153,60.786957,0.3184371616697713,,,,,,,,,True,True
1857473506122189824,,,NGC6940,308.54669189453125,28.24330711364746,0.693504,12.004944,0.1430230411411092,155.08977,111.351685,0.717982140279143,,,,,,,,,True,False
1857473682231338624,,,NGC6940,308.5839538574219,28.28539657592773,1.6966917,16.5628745,-40.26190637332488,,,,,,,,,,,,False,False
1857473785305494144,,,NGC6940,308.6175231933594,28.26137924194336,0.8297188,13.122473,0.1675148747068407,,,,,,,,,,,,False,False
1857473785305511552,,,NGC6940,308.6158752441406,28.27559471130371,1.5643672,16.232581,-1.0712760962374088,,,,,,,,,,,,False,False
1857473819665228928,,,NGC6940,308.6376342773437,28.2808895111084,3.6923339,5.8740975,0.2583696953380258,18.536627,0.553783,0.029875068425339737,,,,,,,,,True,False
1857473819665248512,,,NGC6940,308.61981201171875,28.27875518798828,1.6838512,16.593747,37.81288684057469,,,,,,,,,,,,False,False
1857473854024953600,,,NGC6940,308.6517944335937,28.279705047607425,0.8514480000000001,13.65737,-0.0348451717991075,,,,,,,,,,,,False,False
1857473854024955648,,,NGC6940,308.6486511230469,28.27779197692871,0.6327371,12.090119,0.0759939062740586,26.6185,33.098602,1.243443544902981,,,,,,,,,True,False
1857473888384691456,,,NGC6940,308.6654663085937,28.29695701599121,0.8090563999999999,12.603226,0.2932722917347209,,,,,,,,,,,,False,False
1857473957104180864,,,NGC6940,308.6512145996094,28.29641914367676,1.2131501,15.309557,-0.2784862841660959,,,,,,,,,,,,False,False
1857473991463952256,,,NGC6940,308.605224609375,28.27179908752441,0.63240616,11.805267,0.0911442504106401,95.21095,32.85739,0.3451009574003831,,,,,,,,,True,True
1857473991463954816,,,NGC6940,308.6121520996094,28.28247261047364,1.8963975,15.607313,4.095320185303189,,,,,,,,,,,,False,False
1857474060183454976,,,NGC6940,308.6004943847656,28.29261589050293,2.5027971999999994,17.8986655,-0.1128619145160931,,,,,,,,,,,,False,False
1857474128902897536,,,NGC6940,308.63287353515625,28.30011940002441,0.8418275000000001,13.508841,0.0046858002276809,,,,,,,,,,,,False,False
1857474128902914560,,,NGC6940,308.62646484375,28.307435989379886,0.7187796599999999,12.671317,0.1092289664608404,,,,,,,,,,,,False,False
1857474335061413248,,,NGC6940,308.5219421386719,28.27095031738281,0.85886914,13.244435499999998,0.1881503716676315,,,,,,,,,,,,False,False
1857474506860093312,,,NGC6940,308.5629272460937,28.30158233642578,1.0864269,14.8091265,-0.0927545517165342,,,,,,,,,,,,False,False
1857474541219856896,,,NGC6940,308.5113525390625,28.27944374084473,0.67824424,12.196248,0.118266576598235,,,,,,,,,,,,False,False
1857474541219857664,,,NGC6940,308.5191955566406,28.2896728515625,1.4529868,15.2970415,1.135062584767363,,,,,,,,,,,,False,False
1857474541224818048,,,NGC6940,308.51715087890625,28.280128479003903,1.3166118999999998,10.100139,0.8520279205150451,9.481578,2.671329,0.2817388624551736,,,,,,,,,True,False
1857474674354131200,,,NGC6940,308.5431213378906,28.300371170043945,1.9429332000000004,16.495020500000003,20.246459478301524,,,,,,,,,,,,False,False
1857474713018532224,,,NGC6940,308.5542297363281,28.30759048461914,1.0290646,14.369079,0.1022819866800503,,,,,,,,,,,,False,False
1857474747378288256,,,NGC6940,308.5345153808594,28.31085205078125,1.1234276,14.2875165,0.455217916790414,,,,,,,,,,,,False,False
1857474850457461504,,,NGC6940,308.5936584472656,28.31652450561523,1.2648901,15.4416555,-0.2657484753296942,,,,,,,,,,,,False,False
1857474953536664704,,,NGC6940,308.6090087890625,28.31947326660156,0.8040398999999999,13.210961,0.0464946706961594,,,,,,,,,,,,False,False
1857474953536665472,,,NGC6940,308.60809326171875,28.319154739379886,1.2352418,15.439893,-0.4550458567662256,,,,,,,,,,,,False,False
1857475022256156288,,,NGC6940,308.6011962890625,28.330251693725582,0.6904624999999999,11.1736005,0.1338986350300036,180.46213,47.456066,0.2629696657132441,,,,,,,,,True,True
1857475121030915712,,,NGC6940,308.5666809082031,28.33735656738281,0.6966804999999999,12.340304,0.1303975256882422,,,,,,,,,,,,False,False
1857475125335387904,,,NGC6940,308.5818176269531,28.33212661743164,1.5039626,16.196707500000002,-1.867415888041352,,,,,,,,,,,,False,False
1857475159683897088,,,NGC6940,308.5572204589844,28.33425331115723,2.4983515,18.7412565,2.020285713300102,,,,,,,,,,,,False,False
1857475159695143808,,,NGC6940,308.5526733398437,28.32735252380371,1.0334328,14.4953025,0.0206132131432163,,,,,,,,,,,,False,False
1857475228414601344,,,NGC6940,308.59136962890625,28.34111404418945,0.8603519999999999,13.606012000000002,0.0160261913221622,,,,,,,,,,,,False,False
1857475262774345984,,,NGC6940,308.59539794921875,28.35978507995605,0.86894045,13.675138999999998,0.0098953581866516,,,,,,,,,,,,False,False
1857475262774347008,,,NGC6940,308.5954895019531,28.36145210266113,1.0193435000000002,9.696023,0.2171449405512989,11.038717,5.869551,0.5317240219130539,,,,,,,,,True,False
1857475292829663104,,,NGC6940,308.57196044921875,28.35492897033692,2.5831472,18.359258,0.8744109789972035,,,,,,,,,,,,False,False
1857475292837792768,,,NGC6940,308.5724182128906,28.34672927856445,2.1579932,17.916711000000003,1.9856471462200125,,,,,,,,,,,,False,False
1857475297134091008,,,NGC6940,308.5815124511719,28.353063583374023,1.6436025,16.478609000000002,-6.215699485049539,,,,,,,,,,,,False,False
1857475297139065088,,,NGC6940,308.5699157714844,28.36260223388672,1.427436,15.991265,-1.0871786907776344,,,,,,,,,,,,False,False
1857475331493835264,,,NGC6940,308.5789794921875,28.360614776611328,2.0168153,17.356255,1.4979479093125685,,,,,,,,,,,,False,False
1857475503292571776,,,NGC6940,308.42401123046875,28.24165725708008,1.1887175,14.775659,0.3610328155951268,,,,,,,,,,,,False,False
1857475773865546624,,,NGC6940,308.40850830078125,28.252037048339844,1.1624142,15.103713,-0.1629099607162488,,,,,,,,,,,,False,False
1857475812530229376,,,NGC6940,308.4280700683594,28.272369384765625,2.1383332000000004,17.6339515,1.385023196170358,,,,,,,,,,,,False,False
1857475812530230784,,,NGC6940,308.4188537597656,28.26316261291504,0.8197013000000001,13.2600795,0.0645308235753216,,,,,,,,,,,,False,False
1857475980024079744,,,NGC6940,308.43817138671875,28.27737236022949,2.4193941,17.3934655,-2.207002251240207,,,,,,,,,,,,False,False
1857476014383835008,,,NGC6940,308.4494323730469,28.28118705749512,2.0663076,16.779421499999998,-7.549167800571206,,,,,,,,,,,,False,False
1857476053048372224,,,NGC6940,308.4750366210937,28.28246688842773,1.9771432,17.1476435,1.0363182204199457,,,,,,,,,,,,False,False
1857476156127601024,,,NGC6940,308.4756774902344,28.308483123779297,0.68521605,12.307585500000002,0.1183315404025622,,,,,,,,,,,,False,False
1857476190487351680,,,NGC6940,308.4325256347656,28.27840805053711,0.5843101,11.7498565,0.0493811309484467,65.51931,42.323097,0.645963716650862,,,,,,,,,True,True
1857476224847092224,,,NGC6940,308.4416198730469,28.29512405395508,1.0609298,14.6787165,-0.0492102335873578,,,,,,,,,,,,False,False
1857476323621565824,,,NGC6940,308.4514465332031,28.29952812194824,2.3878432000000007,18.276399,1.574810140587031,,,,,,,,,,,,False,False
1857476568444878848,,,NGC6940,308.3653259277344,28.272499084472656,1.0292520999999997,14.4537985,0.0398853334417206,,,,,,,,,,,,False,False
1857476671523723904,,,NGC6940,308.3741760253906,28.28466033935547,1.3365661,9.8030105,0.8398987605003124,6.9125295,1.8172994,0.2628993337388289,,,,,,,,,True,False
1857476701585364096,,,NGC6940,308.3819580078125,28.30836296081543,2.4961633,18.7482235,2.0406308939128976,,,,,,,,,,,,False,False
1857476808962699392,,,NGC6940,308.3309936523437,28.29898452758789,1.0341453,13.8036125,0.4512362364495759,,,,,,,,,,,,False,False
1857477049480836864,,,NGC6940,308.416259765625,28.320037841796875,1.5052863,16.127710999999998,-1.0608301927116712,,,,,,,,,,,,False,False
1857477113900657792,,,NGC6940,308.4100341796875,28.32562065124512,2.5440951000000003,18.639005,1.6562751512555842,,,,,,,,,,,,False,False
1857477594939690752,,,NGC6940,308.51727294921875,28.31279563903809,2.5124942,18.5805305,1.6664387539744734,,,,,,,,,,,,False,False
1857477698010261760,,,NGC6940,308.5248107910156,28.32234191894531,0.6861288,11.2471335,0.1338235984770464,195.6132,47.556145,0.24311316925442658,,,,,,,,,True,True
1857477736675543040,,,NGC6940,308.5335998535156,28.339805603027344,0.7424797399999999,12.8757605,0.0728635489472934,,,,,,,,,,,,False,False
1857477904169666048,,,NGC6940,308.4609375,28.326416015625,2.5014657,18.1432815,0.6888772839161623,,,,,,,,,,,,False,False
1857477942822651136,,,NGC6940,308.4696350097656,28.34133338928223,1.7611914999999998,16.7867745,3.9077182075947343,,,,,,,,,,,,False,False
1857478075968498048,,,NGC6940,308.4886779785156,28.36360549926757,2.1073916999999995,18.398343,3.060400429941006,,,,,,,,,,,,False,False
1857478080272959488,,,NGC6940,308.4976501464844,28.358083724975582,0.8201731,13.1604655,0.1207944898660888,,,,,,,,,,,,False,False
1857478080272962944,,,NGC6940,308.4991149902344,28.36626243591309,1.498515,16.072105499999996,-0.6960577458811008,,,,,,,,,,,,False,False
1857478252061220096,,,NGC6940,308.5612487792969,28.371036529541016,1.3025425999999998,10.326856,0.8296255557386029,8.932049,3.125612,0.3499322495879725,,,,,,,,,True,False
1857478252071612288,,,NGC6940,308.56671142578125,28.37148094177246,1.1434392,15.036098,-0.1476897010336972,,,,,,,,,,,,False,False
1857478355150835968,,,NGC6940,308.5597839355469,28.37868690490723,2.4646339,18.24022,1.126606771362915,,,,,,,,,,,,False,False
1857478355150839936,,,NGC6940,308.5611877441406,28.387983322143555,0.7196255699999999,12.621514,0.1254378648374412,,,,,,,,,,,,False,False
1857478423870330112,,,NGC6940,308.5354919433594,28.37881088256836,0.98038015,14.105993,0.1185015511083247,,,,,,,,,,,,False,False
1857478423870332544,,,NGC6940,308.5309753417969,28.37826919555664,1.0679189,14.566135,0.0830384568488097,,,,,,,,,,,,False,False
1857478660091063552,,,NGC6940,308.4589233398437,28.34804725646973,2.4868578,18.707669,2.0042266667855184,,,,,,,,,,,,False,False
1857478698753185792,,,NGC6940,308.4529113769531,28.355283737182617,0.7216552999999999,11.918896,0.1720716340459059,,,,,,,,,,,,False,True
1857478797523001728,,,NGC6940,308.4750671386719,28.36285781860352,1.2300380000000002,14.688678,0.593065325370787,,,,,,,,,,,,False,False
1857478904906703360,,,NGC6940,308.47528076171875,28.383464813232425,1.1783274,15.0431565,0.0086518711086616,,,,,,,,,,,,False,False
1857478934961939456,,,NGC6940,308.4264221191406,28.3601303100586,2.3283564,18.042091,1.3229582496517156,,,,,,,,,,,,False,False
1857478934961960064,,,NGC6940,308.4291687011719,28.365556716918945,1.8289801,16.887166999999998,2.2180676765249303,,,,,,,,,,,,False,False
1857478969321730944,,,NGC6940,308.4455261230469,28.37288856506348,1.4613067,16.033726500000004,-0.9434951318630476,,,,,,,,,,,,False,False
1857478973626203520,,,NGC6940,308.4341125488281,28.37941932678223,2.4459926,18.428139500000004,1.6355766188055878,,,,,,,,,,,,False,False
1857479248504071552,,,NGC6940,308.5092468261719,28.39093399047852,1.1132842,14.825745,-0.0007647136133441,,,,,,,,,,,,False,False
1857479385943273600,,,NGC6940,308.5360717773437,28.414953231811523,1.5845026000000002,16.4273085,-5.890386832786579,,,,,,,,,,,,False,False
1857479420302780544,,,NGC6940,308.5040283203125,28.423480987548828,1.2949904,15.6376845,-0.6386340166045306,,,,,,,,,,,,False,False
1857479626466123648,,,NGC6940,308.49365234375,28.430606842041016,1.024701,14.5375665,-0.0467899243350078,,,,,,,,,,,,False,False
1857479866979544704,,,NGC6940,308.67694091796875,28.32502555847168,1.0003558,14.349172,0.02286766807776,,,,,,,,,,,,False,False
1857480004418515840,,,NGC6940,308.68707275390625,28.34582138061523,1.02601076,14.450126,0.0317409970463159,,,,,,,,,,,,False,False
1857480004418516864,,,NGC6940,308.70135498046875,28.343446731567383,1.6379864,16.094844999999996,1.3116982120138985,,,,,,,,,,,,False,False
1857480004418520448,,,NGC6940,308.693359375,28.34786796569824,1.0594857,14.654203,-0.0298157912539725,,,,,,,,,,,,False,False
1857480038777902336,,,NGC6940,308.649658203125,28.32559013366699,1.5651761,16.326252,-2.7004619347072363,,,,,,,,,,,,False,False
1857480073137979392,,,NGC6940,308.65435791015625,28.33513069152832,0.7096799,12.592588,0.1143689067656551,,,,,,,,,,,,False,False
1857480107497400192,,,NGC6940,308.6426086425781,28.33866882324219,0.6729196,12.494329,0.0738237638983825,,,,,,,,,,,,False,False
1857480141857125248,,,NGC6940,308.6518859863281,28.33583831787109,2.3293451000000003,18.162299,1.605013412996855,,,,,,,,,,,,False,False
1857480171912480896,,,NGC6940,308.66949462890625,28.34313583374023,1.0696232,13.991094000000002,0.4591439891235347,,,,,,,,,,,,False,False
1857480343711206784,,,NGC6940,308.7196960449219,28.35172843933105,2.3661836,18.276746,1.677162080301367,,,,,,,,,,,,False,False
1857480622893847040,,,NGC6940,308.7074584960937,28.37578392028809,0.6183512,12.104629,0.0594882366192412,20.59739,40.90422,1.9858933583332645,,,,,,,,,True,False
1857480622893855744,,,NGC6940,308.70245361328125,28.38422203063965,0.9207518,13.97972,0.010766227315411,,,,,,,,,,,,False,False
1857480687308712832,,,NGC6940,308.6880187988281,28.383514404296875,1.926244,17.157585,1.766443200059109,,,,,,,,,,,,False,False
1857480756030995328,,,NGC6940,308.7337646484375,28.3995361328125,2.6926527,18.0821725,-0.4967605946890187,,,,,,,,,,,,False,False
1857480794692572416,,,NGC6940,308.7086181640625,28.402671813964844,0.65324496,11.9334235,0.106026035551196,,,,,,,,,,,,False,True
1857480829052319744,,,NGC6940,308.7108764648437,28.409238815307617,0.7908364000000001,12.3525965,0.2552900950577668,,,,,,,,,,,,False,False
1857480829052326016,,,NGC6940,308.7244567871094,28.41020202636719,1.4730521,15.996863499999998,-0.5341147617258343,,,,,,,,,,,,False,False
1857480893467036416,,,NGC6940,308.639892578125,28.35687828063965,2.0283302,17.2252,0.7996810889126786,,,,,,,,,,,,False,False
1857480897771711488,,,NGC6940,308.64453125,28.350690841674805,1.4108289,15.594913,0.3881834524401402,,,,,,,,,,,,False,False
1857480932131161216,,,NGC6940,308.6159973144531,28.35601234436035,0.679164,12.730548,0.0047058941797044,,,,,,,,,,,,False,False
1857480932131451392,,,NGC6940,308.61846923828125,28.35766220092773,0.89618025,13.956276,-0.0511688027809188,,,,,,,,,,,,False,False
1857480966491206272,,,NGC6940,308.6272888183594,28.37051200866699,2.1922456,17.318091000000003,-0.4848386133127267,,,,,,,,,,,,False,False
1857481065281275776,,,NGC6940,308.6387939453125,28.377037048339844,1.4875852,16.159802,-1.711897761373206,,,,,,,,,,,,False,False
1857481069570422784,,,NGC6940,308.64239501953125,28.369400024414062,0.5350724,12.213054,-0.0481741774952479,,,,,,,,,,,,False,False
1857481138289894400,,,NGC6940,308.6112365722656,28.370502471923828,1.5630494,16.330746,-2.8781252111164988,,,,,,,,,,,,False,False
1857480760332829952,,,NGC6940,308.72088623046875,28.397741317749023,1.7890406,16.294365499999998,4.0291245316241655,,,,,,,,,,,,False,False
1857481241369130880,,,NGC6940,308.6158752441406,28.38770294189453,2.0863858000000004,17.602324,1.6821814216469675,,,,,,,,,,,,False,False
1857481275728871680,,,NGC6940,308.6322021484375,28.387142181396484,2.0343266000000004,17.122968,0.0892501396556792,,,,,,,,,,,,False,False
1857481447527596800,,,NGC6940,308.6817932128906,28.40482711791992,1.0499421,14.1404505,0.310204149191808,,,,,,,,,,,,False,False
1857481718101000832,,,NGC6940,308.65594482421875,28.41822052001953,2.531929400000001,18.562894,1.552737027113025,,,,,,,,,,,,False,False
1857481722405504000,,,NGC6940,308.6600646972656,28.4090633392334,1.8785709,16.986948,1.7069448781386216,,,,,,,,,,,,False,False
1857481859844498688,,,NGC6940,308.68603515625,28.43279838562012,1.3576050999999998,15.6765825,-0.2661992451902311,,,,,,,,,,,,False,False
1857481894204245504,,,NGC6940,308.6671142578125,28.44410514831543,1.3194011,9.989052,0.8465256099890514,7.659038,2.638245,0.3444616673791147,,,,,,,,,True,False
1857481894204247296,,,NGC6940,308.66070556640625,28.44721603393555,0.67651494,12.578922,0.0586271558576492,,,,,,,,,,,,False,False
1857481928563991680,,,NGC6940,308.6703796386719,28.45090103149414,1.7763398,16.365892,3.807171770707817,,,,,,,,,,,,False,False
1857482130428039680,,,NGC6940,308.7889709472656,28.4163818359375,2.368478399999999,18.152085,1.384488513821227,,,,,,,,,,,,False,False
1857482203441889664,,,NGC6940,308.77984619140625,28.421815872192383,0.78404385,13.096499,0.0575787979125913,,,,,,,,,,,,False,False
1857482302226177920,,,NGC6940,308.73199462890625,28.42158126831055,1.3549157,15.6514115,-0.2053752671789551,,,,,,,,,,,,False,False
1857482581399027328,,,NGC6940,308.7913513183594,28.43405532836914,1.1183735,14.231229,0.4692274425600544,,,,,,,,,,,,False,False
1857482684477965056,,,NGC6940,308.83563232421875,28.46563148498535,1.8115879,16.782829,2.047690998548478,,,,,,,,,,,,False,False
1857482753197442816,,,NGC6940,308.8244934082031,28.474018096923828,1.3661876,15.820737,-0.7752428984610497,,,,,,,,,,,,False,False
1857483131154830720,,,NGC6940,308.6982727050781,28.44303703308105,1.0018105000000002,14.3556205,0.0229154192858679,,,,,,,,,,,,False,False
1857483302953562112,,,NGC6940,308.7473449707031,28.471813201904297,2.2377809,17.8087755,1.222813794496329,,,,,,,,,,,,False,False
1857483337313384960,,,NGC6940,308.6971435546875,28.454608917236328,1.1633703999999998,14.4217895,0.5151258582687813,,,,,,,,,,,,False,False
1857483539167420544,,,NGC6940,308.7051086425781,28.47815704345703,2.3099712,17.679170000000003,0.2976200602235405,,,,,,,,,,,,False,False
1857483543471726464,,,NGC6940,308.7040405273437,28.474645614624023,0.6347631,12.499828,0.0109416875058687,,,,,,,,,,,,False,False
1857483680910700544,,,NGC6940,308.74871826171875,28.490413665771484,1.2737412,15.530045,-0.4461052046907148,,,,,,,,,,,,False,False
1857483852709076864,,,NGC6940,308.7767028808594,28.51668930053711,0.7707739,13.0716805,0.036533448737278,,,,,,,,,,,,False,False
1857483990148033280,,,NGC6940,308.73779296875,28.51606559753418,1.5887025,16.348427500000003,-2.507808233925094,,,,,,,,,,,,False,False
1857484024507769856,,,NGC6940,308.75714111328125,28.50932884216309,2.0385831000000003,17.398764500000002,1.4402431424446611,,,,,,,,,,,,False,False
1857484058867508352,,,NGC6940,308.7720642089844,28.53297996520996,0.71657603,12.917133,-0.0116167604874204,,,,,,,,,,,,False,False
1857484196306640512,,,NGC6940,308.5938415527344,28.399932861328125,1.4352608999999998,15.996779,-1.0250345272574142,,,,,,,,,,,,False,False
1857484260721587328,,,NGC6940,308.5850830078125,28.40620994567871,0.7879897,13.16091,0.0303962400520656,,,,,,,,,,,,False,False
1857484299385864832,,,NGC6940,308.5985107421875,28.407081604003903,1.2914648999999998,10.304096,0.8151391804488599,5.64767,3.8222969,0.6767918274261776,,,,,,,,,True,False
1857484333745633024,,,NGC6940,308.6171264648437,28.426847457885746,0.6780666,12.410918,0.096757112190744,,,,,,,,,,,,False,False
1857484368105351424,,,NGC6940,308.6019287109375,28.415327072143555,0.65074,12.511579,0.0335856755917874,,,,,,,,,,,,False,False
1857484505544300928,,,NGC6940,308.560302734375,28.41975784301757,0.6883338999999999,12.2738845,0.1248887790521019,,,,,,,,,,,,False,False
1857484608623554688,,,NGC6940,308.6043701171875,28.43919372558593,0.97323926,13.231089,0.5278719139203706,,,,,,,,,,,,False,False
1857484776117843968,,,NGC6940,308.6161499023437,28.444448471069336,1.2356762,15.295464,-0.1183572788396377,,,,,,,,,,,,False,False
1857484849141741440,,,NGC6940,308.6473388671875,28.44444274902344,1.4795765,16.114818,-1.363438694616725,,,,,,,,,,,,False,False
1857484986580688128,,,NGC6940,308.5990905761719,28.447227478027344,0.73480934,12.7770615,0.1018550658819963,,,,,,,,,,,,False,False
1857485089659936256,,,NGC6940,308.6047058105469,28.476825714111328,2.6580136000000003,18.387722,0.614376749374356,,,,,,,,,,,,False,False
1857485227098911488,,,NGC6940,308.6341857910156,28.49367332458496,0.6975511999999999,12.26296,0.1367965884060067,,,,,,,,,,,,False,False
1857485501976793216,,,NGC6940,308.5629577636719,28.48142051696777,1.0110725,13.468918,0.5533564416491197,,,,,,,,,,,,False,False
1857485566391848832,,,NGC6940,308.5311279296875,28.453458786010746,2.1579241,17.6859925,1.399710148690175,,,,,,,,,,,,False,False
1857485742494945536,,,NGC6940,308.5285339355469,28.47294235229492,0.7139935,12.6677595,0.1010167840945572,,,,,,,,,,,,False,False
1857485806910108928,,,NGC6940,308.59442138671875,28.47165679931641,2.459472,18.131298,0.8693275802323965,,,,,,,,,,,,False,False
1857485811214438400,,,NGC6940,308.5802917480469,28.47809410095215,1.2859852,15.415806000000002,-0.0679262474474214,,,,,,,,,,,,False,False
1857485845574174720,,,NGC6940,308.5923767089844,28.47429847717285,1.6960891000000002,16.439014,-0.4608091056126414,,,,,,,,,,,,False,False
1857486051732644736,,,NGC6940,308.5997009277344,28.513879776000977,2.0394164000000004,17.453336500000002,1.618056004568851,,,,,,,,,,,,False,False
1857486326610559744,,,NGC6940,308.58746337890625,28.529109954833984,2.138803,17.624519,1.352412447903975,,,,,,,,,,,,False,False
1857486567128717696,,,NGC6940,308.6825866699219,28.493906021118164,0.7232850599999999,12.8738,0.0285461857687677,,,,,,,,,,,,False,False
1857486738927421056,,,NGC6940,308.64697265625,28.52028465270996,2.0974667,17.365136999999997,0.7347009699035878,,,,,,,,,,,,False,False
1857486837702557952,,,NGC6940,308.6624755859375,28.530134201049805,2.2577957,17.999562,1.6050206073405522,,,,,,,,,,,,False,False
1857486945073024128,,,NGC6940,308.7209777832031,28.52649688720703,2.4853127,18.690927,1.9802794107520851,,,,,,,,,,,,False,False
1857487078220847616,,,NGC6940,308.7532958984375,28.549617767333984,2.4722484,17.561599,-1.500680013937283,,,,,,,,,,,,False,False
1857487112580600448,,,NGC6940,308.7260131835937,28.55274772644043,2.1702878,17.481272999999998,0.577206250035811,,,,,,,,,,,,False,False
1857487353098844160,,,NGC6940,308.7335205078125,28.5659122467041,2.7398871,18.240499,-0.1905714809900845,,,,,,,,,,,,False,False
1857487666640365952,,,NGC6940,308.64276123046875,28.54736328125,1.6291969000000002,15.733176000000002,1.9376350333499712,,,,,,,,,,,,False,False
1857487769719578240,,,NGC6940,308.61700439453125,28.543975830078125,1.4791015,16.144738,-1.688379450671144,,,,,,,,,,,,False,False
1857487769719579136,,,NGC6940,308.6218566894531,28.5473747253418,1.1439737,14.984745000000002,-0.0696325606136814,,,,,,,,,,,,False,False
1857487804079316480,,,NGC6940,308.5994567871094,28.54705047607422,1.2105154,14.952528,0.2750495179866292,,,,,,,,,,,,False,False
1857487868502700288,,,NGC6940,308.6341247558594,28.55595779418945,2.0340593,17.415397,1.5408367887956935,,,,,,,,,,,,False,False
1857611804076464000,,,NGC6940,309.2023620605469,28.82853698730469,2.5713852,18.832872,1.9147467215555043,,,,,,,,,,,,False,False
1857612048880775040,,,NGC6940,309.1711730957031,28.84814262390137,1.7800247000000002,17.478528999999998,3.9410564675582966,,,,,,,,,,,,False,False
1857489002368056064,,,NGC6940,309.030517578125,28.351991653442383,1.2082548,14.496013500000002,0.6293232715822982,,,,,,,,,,,,False,False
1857489281548553344,,,NGC6940,309.1000061035156,28.379112243652344,1.2622479,15.1643825,0.2523245560174871,,,,,,,,,,,,False,False
1857489689562819584,,,NGC6940,308.9866638183594,28.349050521850582,1.7577177000000002,16.6924915,4.260162468852496,,,,,,,,,,,,False,False
1857489796945574784,,,NGC6940,308.9992980957031,28.35820770263672,2.1806989,18.2735555,2.5419088369438283,,,,,,,,,,,,False,False
1857489964440801664,,,NGC6940,308.9716796875,28.378643035888672,1.9397109,17.025299,0.8539287942316612,,,,,,,,,,,,False,False
1857490415420066816,,,NGC6940,309.037841796875,28.413225173950195,2.1371021000000003,17.0384615,-2.3471421737761093,,,,,,,,,,,,False,False
1857490445473187328,,,NGC6940,309.0381164550781,28.4310245513916,0.63463304,11.4205655,0.0949028643674583,42.42176,24.107203,0.5682744657458814,,,,,,,,,True,True
1857491854226579456,,,NGC6940,309.0670166015625,28.4368953704834,1.0359468,14.3855915,0.1133113026122078,,,,,,,,,,,,False,False
1857492373925205248,,,NGC6940,309.0746154785156,28.49526786804199,2.2973464000000003,18.689405,2.695057134649876,,,,,,,,,,,,False,False
1857492992400617472,,,NGC6940,308.9442749023437,28.398813247680664,1.1654103,15.072316,-0.0976229833147317,,,,,,,,,,,,False,False
1857493022457553664,,,NGC6940,308.9237976074219,28.391530990600582,2.8392492,18.2393835,-0.6702071849124309,,,,,,,,,,,,False,False
1857493091186022400,,,NGC6940,308.9574279785156,28.40067672729492,2.6037467000000003,18.355685,0.7728938484842702,,,,,,,,,,,,False,False
1857493125536824448,,,NGC6940,308.97119140625,28.411773681640625,2.0015697,17.151062500000002,0.7261351461752097,,,,,,,,,,,,False,False
1857493164199346816,,,NGC6940,308.94207763671875,28.41967964172364,1.2991342,14.914729499999998,0.7075908092193773,,,,,,,,,,,,False,False
1857493370357793920,,,NGC6940,308.94256591796875,28.432329177856445,0.97348497,14.2107995,0.0322069733184486,,,,,,,,,,,,False,False
1857493469134329216,,,NGC6940,308.93505859375,28.448183059692383,2.213097,17.830432000000002,1.4398317020717162,,,,,,,,,,,,False,False
1857493537853780352,,,NGC6940,308.9875793457031,28.440105438232425,1.7758680000000002,16.7428335,3.2710106592533164,,,,,,,,,,,,False,False
1857493576516189952,,,NGC6940,308.9656677246094,28.440019607543945,1.01014863,14.4158665,0.0050785581358406,,,,,,,,,,,,False,False
1857614415407952640,,,NGC6940,309.2923583984375,28.96396827697754,1.950518,16.9776615,0.275943497359832,,,,,,,,,,,,False,False
1857494126272189312,,,NGC6940,308.8746032714844,28.44265556335449,0.64014093,11.968018,0.0916202912762018,95.76724,58.99212,0.6159947806786538,,,,,,,,,True,True
1857494225048612224,,,NGC6940,308.9324951171875,28.46004676818848,2.5123392,18.7092625,1.9106366320858048,,,,,,,,,,,,False,False
1857494263711133312,,,NGC6940,308.8988647460937,28.46559333801269,1.1049351,14.915841,-0.1501744287988893,,,,,,,,,,,,False,False
1857494053258193664,,,NGC6940,308.8916015625,28.43185806274414,2.3408629,18.4434055,2.1180603150667565,,,,,,,,,,,,False,False
1857494504229300864,,,NGC6940,308.91033935546875,28.47929954528809,1.3837073,15.794924000000002,-0.485660056915489,,,,,,,,,,,,False,False
1857494607308450816,,,NGC6940,308.9333801269531,28.464658737182617,0.8379530000000001,13.541625,-0.0226772569678839,,,,,,,,,,,,False,False
1857494637365566464,,,NGC6940,308.94403076171875,28.48635292053223,1.4873280000000002,16.194281,-2.1649470178035286,,,,,,,,,,,,False,False
1857614930804167808,,,NGC6940,309.31854248046875,28.991840362548828,1.9209167,17.063654,1.4009292504050288,,,,,,,,,,,,False,False
1857495187121368704,,,NGC6940,309.0384521484375,28.484634399414062,1.3998121,15.922076,-0.9683754227745704,,,,,,,,,,,,False,False
1857495324560387200,,,NGC6940,309.0536499023437,28.50185585021973,1.6450588000000002,16.520188,-13.38578853337958,,,,,,,,,,,,False,False
1857616854949392128,,,NGC6940,309.16656494140625,28.96523666381836,2.2745608,17.758616999999997,0.8277242232290671,,,,,,,,,,,,False,False
1857501822843613184,,,NGC6940,309.10382080078125,28.572265625,1.868539,17.136116,2.4720719346793594,,,,,,,,,,,,False,False
1857502716206524416,,,NGC6940,309.1527099609375,28.63724136352539,1.0681433,14.6762605,-0.0190287742195833,,,,,,,,,,,,False,False
1857619225771874688,,,NGC6940,309.2253723144531,29.06668472290039,2.1856382,17.41661,0.1396846924898745,,,,,,,,,,,,False,False
1857619470594151936,,,NGC6940,309.13525390625,29.03671264648437,1.4214523,15.4508,0.7442103563169166,,,,,,,,,,,,False,False
1857506044799954048,,,NGC6940,309.2038269042969,28.77911376953125,2.0830506,17.181928000000003,-0.1408812679647954,,,,,,,,,,,,False,False
1857507217332617984,,,NGC6940,308.8878173828125,28.57614707946777,1.4733071,16.179582,-2.2317051005495343,,,,,,,,,,,,False,False
1857507492210574464,,,NGC6940,308.82537841796875,28.54928398132324,0.9765894,14.115057000000002,0.1014326049858609,,,,,,,,,,,,False,False
1857507728423762816,,,NGC6940,308.7926330566406,28.57277107238769,1.4224072,15.612848499999998,0.4348042078439524,,,,,,,,,,,,False,False
1857507767088525184,,,NGC6940,308.8006286621094,28.57128143310547,0.7866698,13.0511345,0.090346885206503,,,,,,,,,,,,False,False
1857507870168066432,,,NGC6940,308.8393249511719,28.563119888305664,1.4964878,15.2695145,1.407533763609622,,,,,,,,,,,,False,False
1857508179405375872,,,NGC6940,308.825927734375,28.59334182739257,1.8320746,16.869527,2.037553463792769,,,,,,,,,,,,False,False
1857508316844335872,,,NGC6940,308.8461303710937,28.62676048278809,1.6674511,16.300773999999997,0.6873379031896046,,,,,,,,,,,,False,False
1857508385563653632,,,NGC6940,308.9398193359375,28.56359100341797,1.2645182,15.586866999999998,-0.6951997084587286,,,,,,,,,,,,False,False
1857508518700327296,,,NGC6940,308.9703369140625,28.5942440032959,1.0786671,14.7193135,-0.0228273983305868,,,,,,,,,,,,False,False
1857509588154585216,,,NGC6940,308.910400390625,28.62673568725586,2.2860645,17.873107,1.1082030220014836,,,,,,,,,,,,False,False
1857510412788337664,,,NGC6940,308.9270935058594,28.6820011138916,1.5052944,16.070443,-0.5822382051707611,,,,,,,,,,,,False,False
1857510545922221440,,,NGC6940,308.759033203125,28.5612850189209,2.4127143,18.193055,1.2629845679474871,,,,,,,,,,,,False,False
1857510580282029440,,,NGC6940,308.7735290527344,28.573001861572266,2.2224287,17.571918,0.5244882571347699,,,,,,,,,,,,False,False
1857510618946877952,,,NGC6940,308.742431640625,28.57102203369141,1.0298437,14.531006,-0.0226527378533487,,,,,,,,,,,,False,False
1857510687666311296,,,NGC6940,308.7849426269531,28.578378677368164,0.98920195,13.850834,0.2906887863517,,,,,,,,,,,,False,False
1857510752080807168,,,NGC6940,308.7740783691406,28.588212966918945,2.0778384,17.371405,0.9552089785649786,,,,,,,,,,,,False,False
1857510786443047296,,,NGC6940,308.7807922363281,28.59150505065918,2.881597,18.717597,0.5336732181594296,,,,,,,,,,,,False,False
1857511026958793984,,,NGC6940,308.7513122558594,28.6029109954834,2.083707,16.794476999999997,-7.38320871979507,,,,,,,,,,,,False,False
1857511099983160064,,,NGC6940,308.8101501464844,28.59921264648437,2.1339524,17.574551999999997,1.228585403593934,,,,,,,,,,,,False,False
1857511134342912512,,,NGC6940,308.8158569335937,28.61872482299805,1.2163545,15.387275,-0.4397636319523774,,,,,,,,,,,,False,False
1857164165402986368,,,NGC6940,308.01708984375,28.40513038635254,2.3565532000000005,18.193503,1.540424703155474,,,,,,,,,,,,False,False
1857511203053070720,,,NGC6940,308.8036193847656,28.61107444763184,1.1555445,14.428412,0.4851939345056338,,,,,,,,,,,,False,False
1857511203062394880,,,NGC6940,308.8041687011719,28.61096572875977,0.88336397,13.566712,0.1049359094719901,,,,,,,,,,,,False,False
1857511615379304960,,,NGC6940,308.7989807128906,28.65945625305176,0.55658156,11.8863315,0.0167652669236741,70.4929,45.98396,0.6523204464563098,,,,,,,,,True,True
1857511920309652352,,,NGC6940,308.6918640136719,28.628156661987305,0.6948465,11.701471000000002,0.1490698648769091,224.5051,64.54331,0.287491509101575,,,,,,,,,True,True
1857164925621756928,,,NGC6940,308.0045166015625,28.41242790222168,1.5292703,16.202568499999998,-1.4344471906580074,,,,,,,,,,,,False,False
1857512744948326784,,,NGC6940,308.8507385253906,28.63394546508789,1.8677360000000005,16.848526,0.8947935492130555,,,,,,,,,,,,False,False
1857513024128561536,,,NGC6940,308.8189392089844,28.66650009155273,0.711052,12.8627255,0.005797255292386,,,,,,,,,,,,False,False
1857513195927231744,,,NGC6940,308.86053466796875,28.69552803039551,1.3365328,15.663997,-0.3967739993982327,,,,,,,,,,,,False,False
1857513848762314368,,,NGC6940,308.8070678710937,28.69011688232422,2.2493411,18.290956500000004,2.250981710224985,,,,,,,,,,,,False,False
1857515016993155968,,,NGC6940,309.01251220703125,28.65342140197754,1.06110367,14.21452,0.3009642499152109,,,,,,,,,,,,False,False
1857515390648474112,,,NGC6940,309.0313415527344,28.69804573059082,1.5062565,16.241645000000002,-2.508253121003779,,,,,,,,,,,,False,False
1857515459367956992,,,NGC6940,309.0255126953125,28.69951057434082,1.1107897000000002,14.96542,-0.1939595988694616,,,,,,,,,,,,False,False
1857516460102279680,,,NGC6940,308.97100830078125,28.72641944885254,1.8181485,16.642435,-2.1733850953670237,,,,,,,,,,,,False,False
1857517044217806080,,,NGC6940,309.031982421875,28.776500701904297,1.6630222,16.496972,-6.609577336849766,,,,,,,,,,,,False,False
1857517559613787136,,,NGC6940,309.109619140625,28.766632080078125,1.5736931,16.307603999999998,-2.036686011636143,,,,,,,,,,,,False,False
1857517765772175232,,,NGC6940,309.143798828125,28.77646255493164,1.6128605,16.433555,-4.780202488295113,,,,,,,,,,,,False,False
1857518521686814336,,,NGC6940,309.0489807128906,28.796518325805664,0.69481676,12.653024000000002,0.0687891489437647,,,,,,,,,,,,False,False
1857519861716476288,,,NGC6940,308.9325561523437,28.78874206542969,1.3945933,15.8365455,-0.5662189128268101,,,,,,,,,,,,False,False
1857520956926601856,,,NGC6940,308.8946838378906,28.83138084411621,2.0519821,17.3909225,1.283867607235213,,,,,,,,,,,,False,False
1857521300524013056,,,NGC6940,308.9300842285156,28.84054183959961,2.2431098000000005,18.552367500000003,2.7057273900618584,,,,,,,,,,,,False,False
1857521442264583936,,,NGC6940,308.9400329589844,28.86305046081543,1.6880647,16.524493500000002,-8.3535146983693,,,,,,,,,,,,False,False
1857522434403089408,,,NGC6940,309.0357666015625,28.89162635803223,2.0988065,17.6507335,1.7242156909605548,,,,,,,,,,,,False,False
1857522679215019520,,,NGC6940,308.9972229003906,28.86773681640625,1.3397819,15.7691485,-0.7858731397358104,,,,,,,,,,,,False,False
1857523469493152128,,,NGC6940,308.996337890625,28.923402786254886,2.4207212,18.4323475,1.75331312878965,,,,,,,,,,,,False,False
1857523705699586176,,,NGC6940,309.0193786621094,28.9571475982666,2.3143789000000003,17.778077500000002,0.6304450470627009,,,,,,,,,,,,False,False
1857523916166162560,,,NGC6940,308.3544616699219,28.34292793273925,0.95982275,13.968484500000002,0.1366088719302827,,,,,,,,,,,,False,False
1857524358538512640,,,NGC6940,308.3572998046875,28.350515365600582,1.5424428,16.235001500000003,-1.5899481380992346,,,,,,,,,,,,False,False
1857524500282253312,,,NGC6940,308.3822631835937,28.37949180603028,1.4213167999999998,15.815549,-0.2067038786955646,,,,,,,,,,,,False,False
1857524706440157952,,,NGC6940,308.3652038574219,28.387903213500977,1.2077443,15.244519,-0.1763034669214382,,,,,,,,,,,,False,False
1857524878238876672,,,NGC6940,308.28912353515625,28.35210609436035,2.0903799,17.6319565,1.7348982382428144,,,,,,,,,,,,False,False
1857524908297494528,,,NGC6940,308.2622375488281,28.35909843444824,2.4117147,18.6631705,2.2144431250112864,,,,,,,,,,,,False,False
1857524977011357056,,,NGC6940,308.29803466796875,28.3653564453125,2.4044939000000003,18.273973,1.4912725274660108,,,,,,,,,,,,False,False
1857525153108892160,,,NGC6940,308.2624816894531,28.3713493347168,1.5927200999999995,16.192362499999998,-0.056688557071739,,,,,,,,,,,,False,False
1857525561127120000,,,NGC6940,308.35302734375,28.416927337646484,2.2645888000000003,18.107664,1.81436587297821,,,,,,,,,,,,False,False
1857526080829667328,,,NGC6940,308.4375,28.411420822143555,1.0372039,14.5832165,-0.0438026585142519,,,,,,,,,,,,False,False
1857526218268638336,,,NGC6940,308.3928527832031,28.40394592285156,1.8163771,16.101313,4.126001763770936,,,,,,,,,,,,False,False
1857526286988133376,,,NGC6940,308.3690490722656,28.41879272460937,0.8828174,13.5784135,0.0976135624206726,,,,,,,,,,,,False,False
1857526351407453312,,,NGC6940,308.4013977050781,28.42617034912109,1.7650977,16.8907055,3.79466121774394,,,,,,,,,,,,False,False
1857526733665209984,,,NGC6940,308.476318359375,28.478837966918945,1.3911026,15.7300685,-0.1641390246225606,,,,,,,,,,,,False,False
1857527042902381056,,,NGC6940,308.3730773925781,28.42998504638672,0.72552026,12.8207815,0.0609561284349875,,,,,,,,,,,,False,False
1857527553992269568,,,NGC6940,308.36065673828125,28.48714256286621,2.2586616,18.188727,2.0126254613697623,,,,,,,,,,,,False,False
1857527695737933056,G14266859263854,837406198.0,NGC6940,308.4172668457031,28.49144554138184,0.9244507,13.9079665,0.0620812000766063,,,,6270.08,27.98,4.245,0.039,-0.044,0.022,-4.46211,,False,False
1857527863229937664,,,NGC6940,308.3898620605469,28.490190505981445,1.1443771000000005,15.152337,-0.3403449748281361,,,,,,,,,,,,False,False
1857528176773797376,,,NGC6940,308.2366027832031,28.39651107788086,1.1322932,14.7565485,0.1516257363202249,,,,,,,,,,,,False,False
1857180520631478528,,,NGC6940,309.3526611328125,27.59272003173828,2.4570874,18.300968500000003,1.30760976160682,,,,,,,,,,,,False,False
1857528863968558080,,,NGC6940,308.3004455566406,28.45951461791992,0.7202406,12.293431,0.1631951402918343,,,,,,,,,,,,False,False
1857530066559457024,,,NGC6940,308.2130432128906,28.49667930603028,1.2838118,15.554459,-0.4470769431388511,,,,,,,,,,,,False,False
1857530478876253056,,,NGC6940,308.3432922363281,28.487096786499023,1.5472301000000002,16.356123999999998,-4.152310186446073,,,,,,,,,,,,False,False
1857530852527399168,,,NGC6940,308.31475830078125,28.53444862365723,2.3079952,18.050507,1.4536946087149567,,,,,,,,,,,,False,False
1857531264844366976,,,NGC6940,308.342529296875,28.55661964416504,2.0465633,17.361797,1.223473192980929,,,,,,,,,,,,False,False
1857531333563942528,,,NGC6940,308.3732604980469,28.573171615600582,2.1868885,17.262315499999996,-0.8080266119897598,,,,,,,,,,,,False,False
1857531574081902848,,,NGC6940,308.30499267578125,28.537872314453125,2.2367748,17.948071,1.5995149951784176,,,,,,,,,,,,False,False
1857531681467608704,,,NGC6940,308.29425048828125,28.55607604980469,0.8528493399999999,13.792475,-0.0960266882646021,,,,,,,,,,,,False,False
1857532712259689856,,,NGC6940,308.5239562988281,28.499101638793945,1.3095849,15.603912,-0.4094787935689102,,,,,,,,,,,,False,False
1857533124576554880,,,NGC6940,308.5429382324219,28.52469253540039,1.6047337000000002,16.448050999999996,-6.20828206853434,,,,,,,,,,,,False,False
1857533773105150464,,,NGC6940,308.467041015625,28.53217315673828,2.6273597,18.45725,0.9222088640952008,,,,,,,,,,,,False,False
1857533674332431360,,,NGC6940,308.45867919921875,28.522396087646484,0.67909084,11.803541,0.1338061270391638,,,,,,,,,,,,False,True
1857534292807669760,,,NGC6940,308.4984130859375,28.571277618408203,0.8338919,13.50208,-0.0167654485061901,,,,,,,,,,,,False,False
1857534773844009856,,,NGC6940,308.5959167480469,28.564373016357425,1.2134098000000002,14.607521,0.5836193461473452,,,,,,,,,,,,False,False
1857534773844011648,,,NGC6940,308.58819580078125,28.57093048095703,0.7049019400000001,12.319698,0.142534468941179,,,,,,,,,,,,False,False
1857535491092668544,,,NGC6940,308.6444396972656,28.63226127624512,2.4842952,18.209714,0.9543066789206592,,,,,,,,,,,,False,False
1857535701556727680,,,NGC6940,308.6197509765625,28.640344619750977,1.5488618000000005,8.798372500000001,0.5827945041508382,8.085679,0.8370702,0.10352503481773144,,,,,,,,,True,False
1857536216953234048,,,NGC6940,308.5115051269531,28.64022827148437,1.3716448,15.7824295,-0.5464890381028585,,,,,,,,,,,,False,False
1857536418808179456,,,NGC6940,308.5947570800781,28.65274810791016,2.3899725,18.318143,1.6548393937638883,,,,,,,,,,,,False,False
1857401320616928384,,,NGC6940,309.617919921875,28.54495048522949,1.8618175,17.055798,2.307804367535372,,,,,,,,,,,,False,False
1857401561135122048,,,NGC6940,309.5973205566406,28.564367294311523,0.87725275,13.484421,0.1269041277543605,,,,,,,,,,,,False,False
1857537827554847872,,,NGC6940,308.4221496582031,28.63272857666016,2.225956,18.265168,2.3143799775796516,,,,,,,,,,,,False,False
1857538209818016640,,,NGC6940,308.40142822265625,28.63649559020996,0.9515881,14.2065765,-0.0327149637861762,,,,,,,,,,,,False,False
1857539206250477056,,,NGC6940,308.4881286621094,28.64674186706543,1.1657480000000002,15.118363,-0.1706569293357276,,,,,,,,,,,,False,False
1857539446768257920,,,NGC6940,308.4851379394531,28.680376052856445,1.1146057,14.8079665,0.0250652682140229,,,,,,,,,,,,False,False
1857191588773295232,,,NGC6940,309.2074890136719,27.60065460205078,1.4729939,15.8545375,0.1618525883698227,,,,,,,,,,,,False,False
1857552464804022784,,,NGC6940,308.432861328125,28.746246337890625,1.2038597,14.99778,0.1903276950601001,,,,,,,,,,,,False,False
1857665065968403584,,,NGC6940,309.08673095703125,29.033506393432617,1.2454549,14.7967115,0.5747181401155441,,,,,,,,,,,,False,False
1857665375206070144,,,NGC6940,309.0335998535156,29.051013946533203,0.9092027,12.0566835,0.3646332521079241,,,,,,,,,,,,False,False
1857665748857553152,,,NGC6940,309.01416015625,29.05092430114746,2.3276750000000006,17.7737005,0.5280480599777397,,,,,,,,,,,,False,False
1857665787522945280,,,NGC6940,308.9873046875,29.05382537841797,1.3778437,13.015956,1.6350080561522529,,,,,,,,,,,,False,False
1857553289438088320,,,NGC6940,308.4519348144531,28.81710433959961,2.0755972,17.415195,1.154414193642544,,,,,,,,,,,,False,False
1857556278730047232,,,NGC6940,308.24267578125,28.83278083801269,2.0267103,17.346588999999998,1.362399373353519,,,,,,,,,,,,False,False
1857558958794096128,,,NGC6940,308.6830444335937,28.65149688720703,1.9734901,17.16582,1.179893561385973,,,,,,,,,,,,False,False
1857559237978494592,,,NGC6940,308.6592102050781,28.67574882507324,0.973389,14.118197,0.0897489806246882,,,,,,,,,,,,False,False
1857559302391697280,,,NGC6940,308.6515808105469,28.69086265563965,1.3531506000000002,15.592762,-0.0439117226125849,,,,,,,,,,,,False,False
1857559714711099136,,,NGC6940,308.7387390136719,28.72442054748535,2.3871302,18.48742,2.0023938434435364,,,,,,,,,,,,False,False
1857560028247549440,,,NGC6940,308.6285400390625,28.691511154174805,2.2687123,18.06241,1.69219542334505,,,,,,,,,,,,False,False
1857560127025486848,,,NGC6940,308.6263427734375,28.70331573486328,1.1955570000000002,14.728312,0.4288202933513828,,,,,,,,,,,,False,False
1857560337490208384,,,NGC6940,308.6128845214844,28.7171630859375,0.95963894,14.125788,0.0431099771047591,,,,,,,,,,,,False,False
1857201102126798592,,,NGC6940,309.49755859375,27.76630592346192,2.0066231,17.8967385,2.8461083892028456,,,,,,,,,,,,False,False
1856429799018295680,,,NGC6940,309.58188205252094,27.426401030915937,1.5672684,16.307837,-2.2235831860069757,,,,,,,,,,,,False,False
1856729690816851840,,,NGC6940,308.020983242727,26.984146764431657,1.0698891,14.266391,0.2981639111126766,,,,,,,,,,,,False,False
1856740754652832256,,,NGC6940,307.7899698632751,27.083068272468942,1.4592514,15.096077,1.3255082228334092,,,,,,,,,,,,False,False
1856747832759065600,,,NGC6940,307.92706427577144,27.155842274194647,1.02489,13.369735,0.6439987682182606,,,,,,,,,,,,False,False
1856838267587067904,,,NGC6940,308.1690569925783,27.173686732322803,0.97282124,13.920151,0.2035514147501343,,,,,,,,,,,,False,False
1856844143102408704,,,NGC6940,308.07226196774275,27.339617113350663,1.3216105,15.45502,0.0760589567800785,,,,,,,,,,,,False,False
1856844761577681408,,,NGC6940,308.14539170488206,27.356892109317915,1.0691748,14.246386,0.3075510471170808,,,,,,,,,,,,False,False
1856929149098305280,,,NGC6940,307.68406750463464,27.1251552229333,0.7609415,12.7443495,0.1706653230046635,,,,,,,,,,,,False,False
1856932894309826304,,,NGC6940,307.68255521070444,27.19045128402573,1.8435192,16.967213,2.2821276713366316,,,,,,,,,,,,False,False
1856940693970488192,,,NGC6940,307.72157083127706,27.33611180145528,0.85761166,13.593723,0.0133946512594691,,,,,,,,,,,,False,False
1856951036251977600,,,NGC6940,307.42045772137214,27.356145619737184,0.7570362,12.473596,0.2097135557440823,,,,,,,,,,,,False,False
1857034839648655872,,,NGC6940,307.99272390357976,27.456391735786784,1.1956043,15.244915,-0.2444297306672561,,,,,,,,,,,,False,False
1857053359547584256,G14266537482354,837407195.0,NGC6940,307.71177173813777,27.568175779435386,0.96866035,14.257206,-0.0135212401963296,,,,6121.15,30.54,4.361,0.043,0.038,0.025,-4.57586,,False,False
1857083389959956992,,,NGC6940,308.4982216372393,28.05044175783152,1.2938738,10.522589,0.7990893677944169,10.699584,3.6801536,0.34395296116185453,,,,,,,,,True,False
1857083596118400128,,,NGC6940,308.5046776035531,28.073106490896965,0.8881788,13.498765,0.153696516771564,,,,,,,,,,,,False,False
1857093354284218624,,,NGC6940,308.3542211070554,28.013005087649088,1.3185129,10.493052,0.8344795214542247,9.2996435,3.706765,0.39859216108660506,,,,,,,,,True,False
1857099607756806144,,,NGC6940,308.3041781829826,28.15119162551465,0.9718628,13.399593,0.466054787984392,,,,,,,,,,,,False,False
1857103662206814848,,,NGC6940,307.6001933274659,27.764392460573124,0.6011419,11.833605,0.0614030631138242,48.646114,42.330746,0.8701773383173012,,,,,,,,,True,True
1857121838508664704,,,NGC6940,307.5254978014736,27.94039603739268,0.9354744,14.288853,-0.1405602730485966,,,,,,,,,,,,False,False
1857139808652559488,,,NGC6940,308.0638753857852,28.115331062076457,0.91224766,13.681759,0.13805411535134,,,,,,,,,,,,False,False
1857146474441733504,,,NGC6940,308.1852360558746,28.21050744198212,0.6396599,10.704365,0.0193272516988493,28.247795,8.467312,0.29975125492095933,,,,,,,,,True,False
1857253814261651584,,,NGC6940,309.3356483525996,27.92623038839444,1.1355247,15.193167,-0.4668064263371361,,,,,,,,,,,,False,False
1857267833035193472,,,NGC6940,308.7777202311415,28.02209643169765,0.6598129,12.533278,0.0426693896719673,,,,,,,,,,,,False,False
1857456296198400768,,,NGC6940,308.8303614048744,28.117731799270427,,,,,,,,,,,,,,,False,False
1857456742875082752,,,NGC6940,308.712180909735,28.10167547186585,0.7785053,11.1800375,0.2148082303446336,183.29349,38.56694,0.2104108552900597,,,,,,,,,True,True
1857456949033541504,,,NGC6940,308.6848666555408,28.113391505108368,1.2584009,14.53741,0.7852447917573331,,,,,,,,,,,,False,False
1857457292630888832,,,NGC6940,308.7513031562119,28.14097424487328,0.6849966,11.511285,0.1402210391581358,210.96849,62.24707,0.29505387273710876,,,,,,,,,True,True
1857457464418177536,,,NGC6940,308.78480394212124,28.182440439771305,0.499753,11.638171,-0.0220715696681031,14.049988,24.349463,1.733059344961718,,,,,,,,,True,False
1857458323423108736,,,NGC6940,308.63079011048114,28.09397607000829,0.59832096,11.269718,0.0565743927355272,67.16547,22.259872,0.3314183910274134,,,,,,,,,True,True
1857459319855627520,,,NGC6940,308.5455129466253,28.14677038552521,1.3858423,15.074317,0.97875002051235,,,,,,,,,,,,False,False
1857460105824232448,,,NGC6940,308.6911427891265,28.15127205153027,1.2672548,10.344572,0.7794082817159401,11.517233,2.1692731,0.1883501966140652,,,,,,,,,True,False
1857461415799664000,,,NGC6940,308.5934368096047,28.20432768175069,0.839242,10.817824,0.2585352261725586,150.73041,15.061009,0.09992017536474557,,,,,,,,,True,True
1857461793756722176,,,NGC6940,308.70668352426463,28.254354092692413,0.57766056,11.182629,0.0313190567790068,165.50035,32.73832,0.19781420401829966,,,,,,,,,True,True
1857461793756724608,,,NGC6940,308.6983359405404,28.24642616249651,1.2647438,10.340195,0.7760901233720445,9.091977,2.477023,0.27244052641136246,,,,,,,,,True,False
1857462068634661760,,,NGC6940,308.6784816064729,28.26900896232221,0.6546297,10.717105,0.0393035587973683,,,,,,,,,,,,False,False
1857462584030549248,,,NGC6940,308.84058804262554,28.177708538976443,0.67014503,11.240182,0.1191395131665201,200.8223,64.55241,0.3214404475996938,,,,,,,,,True,True
1857464645615362048,,,NGC6940,308.9108461729664,28.237188151012223,0.89453125,13.653697,0.0975683730368144,,,,,,,,,,,,False,False
1857465195371189376,,,NGC6940,308.9526032091609,28.282885927964337,0.5046892,11.287933,-0.0254449347259503,101.12868,50.338272,0.49776455106503914,,,,,,,,,True,False
1857467428754247936,,,NGC6940,308.79044263988544,28.292562208829583,0.5343523,11.211258,-0.0054166862628936,84.14796,23.481918,0.2790551072182855,,,,,,,,,True,False
1857467600552961280,,,NGC6940,308.7954667563906,28.31952646792081,0.8999567,13.306946,0.2828657599756849,,,,,,,,,,,,False,False
1857467703631713024,,,NGC6940,308.72704326995984,28.266225740506066,0.6485491,11.92291,0.1019590081212667,63.43502,41.82513,0.6593381699887538,,,,,,,,,True,True
1857471448843371392,,,NGC6940,308.4807385496977,28.1811767187078,0.6013546,11.426724,0.0660981881741413,,,,,,,,,,,,False,True
1857471483203346048,,,NGC6940,308.4954273353571,28.19491925294176,0.84627914,12.667327,0.360179700854176,,,,,,,,,,,,False,False
1857471586282288000,,,NGC6940,308.5239256404787,28.18839222083758,1.323163,10.54744,0.8323950844395762,10.618076,2.4368079,0.22949618179414047,,,,,,,,,True,False
1857471620642010880,,,NGC6940,308.53731509275053,28.18901191519536,0.95104885,13.318271,0.4340954084025028,,,,,,,,,,,,False,False
1857471723721222656,,,NGC6940,308.5545546580244,28.20840604621355,0.73989105,11.884545,0.1894625041050003,,,,,,,,,,,,False,True
1857471826800470144,,,NGC6940,308.52576308391616,28.20775113957393,1.123743,14.566305,0.2846078950100101,,,,,,,,,,,,False,False
1857471998599164416,,,NGC6940,308.53583987786203,28.224526544869907,0.62894535,11.507731,0.0915019841382286,89.19398,49.80237,0.5583602166872698,,,,,,,,,True,True
1857472853287160064,,,NGC6940,308.5230979478929,28.25636334922981,0.7180338,11.783111,0.1694365145430335,81.190384,47.472458,0.5847054252139022,,,,,,,,,True,True
1857472857592655104,,,NGC6940,308.5197556876949,28.25136210545041,0.9883919,13.496498,0.4667735428868857,,,,,,,,,,,,False,False
1857473407336937472,,,NGC6940,308.6007955014164,28.2567188018088,0.78251743,11.095079,0.2156829014027516,,,,,,,,,,,,False,True
1857473746640356224,,,NGC6940,308.6400209412313,28.2684697303464,0.71589184,11.886017,0.1668579926682803,68.07885,48.14476,0.707191146736468,,,,,,,,,True,True
1857474403780862336,,,NGC6940,308.566218472008,28.28019103569036,0.72766113,10.895126,0.1473390749073244,57.576427,26.24268,0.4557886164071973,,,,,,,,,True,True
1857475155389621760,,,NGC6940,308.5556516861029,28.33257513086303,0.724123,13.007898,-0.0469120361090012,,,,,,,,,,,,False,False
1857475911303874432,,,NGC6940,308.46301133778894,28.25962020455593,0.65000725,11.524514,0.1099457583856828,17.932669,21.563444,1.2024670728043885,,,,,,,,,True,True
1857476327926304256,,,NGC6940,308.44741249479745,28.296228936281107,0.7620945,12.796176,0.1538315145829256,,,,,,,,,,,,False,False
1857478080272962560,,,NGC6940,308.4932527314351,28.358100832717565,1.0163612,13.890039,0.3532991087194479,,,,,,,,,,,,False,False
1857480073137983872,,,NGC6940,308.66123673624503,28.33959112246315,1.2606649,10.353726,0.769875861928067,10.545135,3.353357,0.3180003859599711,,,,,,,,,True,False
1857480313644819968,,,NGC6940,308.7211084119649,28.34083239686466,0.57209873,11.2263,0.0300028000616168,86.41422,33.946342,0.3928328231163806,,,,,,,,,True,True
1857480725973079552,,,NGC6940,308.7093286357556,28.39090088869381,0.7608528,12.402398,0.2160587453359232,,,,,,,,,,,,False,False
1857481378808108928,,,NGC6940,308.6344716644507,28.405369284186403,0.635272,12.369426,0.0440076595169098,,,,,,,,,,,,False,False
1857482409600337152,,,NGC6940,308.77408844979595,28.439456523855792,0.6205063,12.510259,-0.0155590644970691,,,,,,,,,,,,False,False
1857484058867507840,,,NGC6940,308.772844316462,28.522514135457744,0.63384724,10.591469,-0.0164854101243539,60.09052,8.02443,0.13353903411053858,,,,,,,,,True,False
1857485433257294080,,,NGC6940,308.5753625486363,28.45849982160168,1.386301,10.677433,0.8833351156459228,8.753287,4.08407,0.4665755846917849,,,,,,,,,True,False
1857485948642376192,,,NGC6940,308.6093116033077,28.49114739274659,0.57992744,11.395072,0.046465413542627,123.60324,33.736244,0.27293980319609745,,,,,,,,,True,True
1857486086092364672,,,NGC6940,308.5590765283101,28.50066278621308,1.100399,14.809795,-0.0357616539775925,,,,,,,,,,,,False,False
1857486906420129152,,,NGC6940,308.7158457153386,28.50729214306085,0.58200836,11.165031,0.0336673609041792,82.06616,15.652996,0.19073630348976972,,,,,,,,,True,True
1857506770655986688,,,NGC6940,308.88171649144164,28.531722393602863,1.0903168,14.867387,-0.1491311327437391,,,,,,,,,,,,False,False
1857511306141618304,,,NGC6940,308.8123283015215,28.6300096509289,0.78086376,13.385641,-0.1247501097085579,,,,,,,,,,,,False,False
1857532712259691264,,,NGC6940,308.52865128301875,28.50950299960122,0.5927162,11.413191,0.0581991168297658,147.24878,25.38619,0.17240339784139466,,,,,,,,,True,True
1857534773844009216,,,NGC6940,308.5929053641195,28.56243995519876,1.4225893,10.531992,0.9601158301145524,11.254947,2.583702,0.22956145417655013,,,,,,,,,True,False
1857563807823881856,,,NGC6940,308.5718498533007,28.781514592164,0.7242985,12.812987,0.0620126026790767,,,,,,,,,,,,False,False
1857620467026804224,,,NGC6940,309.1948143073189,29.136074171432323,1.0131979,12.979599,0.7009128637705397,,,,,,,,,,,,False,False
1857623765561748480,,,NGC6940,309.5126113490049,29.176461159606248,1.5820179,16.287088,-1.434839114473887,,,,,,,,,,,,False,False
1857627201535474560,,,NGC6940,309.3707952186868,29.17115953232833,2.073019,16.448534,21.8936100555641,,,,,,,,,,,,False,False
1857629434919275648,,,NGC6940,309.7428689956806,29.00692163269217,1.375761,14.007832,1.3841514839192406,,,,,,,,,,,,False,False
1857660152525271552,,,NGC6940,309.62608512297754,29.41849228439491,1.1717024,14.494929,0.5025677292204859,,,,,,,,,,,,False,False
1857673140507169152,,,NGC6940,309.0280362070848,29.2867082890669,1.6599846,16.45247,-3.1306627756165226,,,,,,,,,,,,False,False
1857682039679720576,,,NGC6940,309.1920625884446,29.47209679715658,0.90706444,12.974383,0.4344116351960704,,,,,,,,,,,,False,False
1860168752717876992,,,NGC6940,307.545932477136,28.493338101457585,1.770752,16.775131,3.547573221653897,,,,,,,,,,,,False,False
1860619797310196736,,,NGC6940,308.2962785925565,29.631255574023108,1.1303005,14.47255,0.3729040905057022,,,,,,,,,,,,False,False
1962842561571614208,,,NGC7209,331.2279357910156,45.41084289550781,1.282732,16.178503,0.0397605720464446,,,,,,,,,,,,False,False
1963361187464645248,,,NGC7209,332.5269775390625,46.36646270751953,1.1366892,15.143958,0.0508525818317245,,,,,,,,,,,,False,False
1963362218256772992,,,NGC7209,332.4945068359375,46.39712142944336,1.2728996,15.765593,0.050588693671245,,,,,,,,,,,,False,False
1963364516054669440,,,NGC7209,332.3203430175781,46.41314697265625,1.8342571,17.18293,0.0720370880589282,,,,,,,,,,,,False,False
1962857336255723776,,,NGC7209,330.8711242675781,45.44701766967773,2.503727,18.731474,0.0784914286496441,,,,,,,,,,,,False,False
1962857370618658304,,,NGC7209,330.9098205566406,45.45644760131836,1.1733274,15.351279000000002,0.048483258160863,,,,,,,,,,,,False,False
1963372216940834816,,,NGC7209,332.6170959472656,46.55405807495117,0.28251457,11.912539,0.0155550957633622,,,,,,,,,,,,False,True
1963372457459073792,,,NGC7209,332.58123779296875,46.58500671386719,1.1583366000000002,15.472319,0.0394382041793296,,,,,,,,,,,,False,False
1962864719309284608,,,NGC7209,330.9180908203125,45.6544189453125,2.022459,18.77793,0.0569177174417728,,,,,,,,,,,,False,False
1962865548236476288,,,NGC7209,330.9726257324219,45.73441696166992,1.1137457,15.19118,0.0415514942422791,,,,,,,,,,,,False,False
1963376748121640704,,,NGC7209,332.2504577636719,46.46329498291016,1.2145367,15.677282,0.0431374348709518,,,,,,,,,,,,False,False
1963378023730050944,,,NGC7209,332.2654724121094,46.53945922851562,1.8238354,17.629963,0.0616067747646912,,,,,,,,,,,,False,False
1963381219191828096,,,NGC7209,332.1796875,46.57771301269531,0.22154808,10.509308,0.0151927644491706,,,,,,,,,,,,False,True
1963381322271043840,,,NGC7209,332.2242736816406,46.59611129760742,1.0453472,14.974592,0.0330036811533871,,,,,,,,,,,,False,False
1963384071050239744,,,NGC7209,332.2756042480469,46.68953704833984,1.5103321,15.78842,0.0915574587373898,,,,,,,,,,,,False,False
1963385033123173504,,,NGC7209,332.4725036621094,46.62525177001953,1.6020718,16.889688,0.0591830455519987,,,,,,,,,,,,False,False
1963387094702246528,,,NGC7209,332.6370849609375,46.719482421875,1.6207447,17.67148,0.0476182988432822,,,,,,,,,,,,False,False
1963387262202341248,,,NGC7209,332.5731811523437,46.72375106811523,2.10141,18.3145,0.0664283769796873,,,,,,,,,,,,False,False
1963389942262080768,,,NGC7209,332.4581298828125,46.76578521728516,2.2581615000000004,18.44355,0.0721295759500479,,,,,,,,,,,,False,False
1963392008150252416,,,NGC7209,332.6415100097656,46.86099243164063,0.8214035,13.888861,0.0181751404881201,,,,,,,,,,,,False,False
1963393279460537984,,,NGC7209,332.5789489746094,46.91215515136719,2.0791035,17.698086,0.0769299516239826,,,,,,,,,,,,False,False
1962889703131603200,,,NGC7209,331.36114501953125,45.44395065307617,1.0927267,15.0555315,0.0433507605578222,,,,,,,,,,,,False,False
1962891038861286400,,,NGC7209,331.422119140625,45.45635986328125,2.2622566,18.327599,0.0743617600449272,,,,,,,,,,,,False,False
1962900217205304448,,,NGC7209,331.6744689941406,45.68658828735352,2.8184376,18.25638,0.1045669886183119,,,,,,,,,,,,False,False
1962905646053611008,,,NGC7209,331.9682006835937,45.54584121704102,2.0418434,18.406893,0.0621246065697701,,,,,,,,,,,,False,False
1963416884601200512,,,NGC7209,332.61834716796875,46.95117568969727,0.14990997,10.9051075,-0.0280792251822255,,,,,,,,,,,,False,False
1962918870251212416,,,NGC7209,331.8819885253906,45.63217926025391,2.0295753,17.156872,0.0887307857265728,,,,,,,,,,,,False,False
1962920936134687744,,,NGC7209,332.0624084472656,45.73393630981445,1.1433096,15.043029,0.0601243404884849,,,,,,,,,,,,False,False
1962922654121586048,,,NGC7209,332.0603942871094,45.819580078125,1.4374733,15.838413,0.075940555152213,,,,,,,,,,,,False,False
1962924951922186880,,,NGC7209,331.8653259277344,45.842567443847656,1.8464146,17.436885999999998,0.0669366738363872,,,,,,,,,,,,False,False
1962932824604111616,,,NGC7209,332.0697326660156,45.94086074829102,1.0916548,14.732807,0.07148563795235,,,,,,,,,,,,False,False
1962933992835376896,,,NGC7209,332.2362060546875,46.0169563293457,1.4078684,15.99619,0.0636868762336648,,,,,,,,,,,,False,False
1962934714384368384,,,NGC7209,332.3489685058594,46.09180450439453,2.282549,18.865208,0.0669659540201129,,,,,,,,,,,,False,False
1962935023627518080,,,NGC7209,332.20050048828125,46.04291915893555,0.39971924,10.468686,0.098541900389272,46.406277,18.794754,0.40500456436098076,,,,,,,,,True,False
1962954673095436928,,,NGC7209,331.22027587890625,45.6976203918457,1.3692188,15.938902,0.05997623321185,,,,,,,,,,,,False,False
1962955570751535872,,,NGC7209,331.2041931152344,45.73481750488281,1.0811968,15.081754,0.0382049793815188,,,,,,,,,,,,False,False
1962956081846214656,,,NGC7209,331.3186340332031,45.72793197631836,2.303379,17.994242,0.0835494398940124,,,,,,,,,,,,False,False
1962958147731908352,,,NGC7209,331.0938415527344,45.69905853271485,1.5745888,16.716047,0.060807368498613,,,,,,,,,,,,False,False
1962960411172085248,,,NGC7209,331.2159118652344,45.81985473632813,1.4935226,16.486513000000002,0.0583000149136348,,,,,,,,,,,,False,False
1962960484194251392,,,NGC7209,331.2552490234375,45.83086395263672,1.432909,16.697285,0.0467495566118304,,,,,,,,,,,,False,False
1962966325351049984,,,NGC7209,331.52276611328125,46.01766586303711,1.3269501,16.135258,0.0470035602828627,,,,,,,,,,,,False,False
1962966806386372352,,,NGC7209,331.60308837890625,46.05482482910156,0.8957424,14.126558,0.0449362122612766,,,,,,,,,,,,False,False
1962968902330258560,,,NGC7209,331.34844970703125,46.03051376342773,1.5178986,16.560472,0.0589838995173515,,,,,,,,,,,,False,False
1962970001837428992,,,NGC7209,331.52374267578125,46.079383850097656,2.3002243,18.648596,0.0708066826338032,,,,,,,,,,,,False,False
1962970375496869120,,,NGC7209,331.4916381835937,46.07403564453125,1.0999308,15.250207,0.0348671054159304,,,,,,,,,,,,False,False
1962970822173532416,,,NGC7209,331.497314453125,46.10547637939453,2.0758286,17.633266,0.0782758767035638,,,,,,,,,,,,False,False
1962971135713383552,,,NGC7209,331.4989013671875,46.13675308227539,0.83851624,13.786335,0.0785647039438821,,,,,,,,,,,,False,False
1962972510103217664,,,NGC7209,331.76141357421875,45.86584091186523,1.3350706,15.84385,0.0582648105675612,,,,,,,,,,,,False,False
1962977178724912640,,,NGC7209,331.6865539550781,46.00060272216797,1.8944073,17.312970999999997,0.073402121472991,,,,,,,,,,,,False,False
1962977183027603456,,,NGC7209,331.6870422363281,45.99500274658203,0.9191561,14.3488245,0.0273287878411823,,,,,,,,,,,,False,False
1962977354826299392,,,NGC7209,331.7647399902344,46.00494384765625,1.501173,16.400928,0.0617626147456756,,,,,,,,,,,,False,False
1962982474427717760,,,NGC7209,332.22540283203125,46.12824249267578,0.7448826,13.178592000000002,0.3461858205564875,,,,,,,,,,,,False,False
1962989827411423488,,,NGC7209,331.72491455078125,46.0998420715332,1.037179,14.766625,0.0451325209468281,,,,,,,,,,,,False,False
1962991476674865024,,,NGC7209,331.7994689941406,46.14446640014648,2.4385185000000003,17.620957999999998,0.1027807014305001,,,,,,,,,,,,False,False
1962991712895306368,,,NGC7209,331.8566589355469,46.15729904174805,1.9230385,18.455755,0.0557468303941305,,,,,,,,,,,,False,False
1962993675701994624,,,NGC7209,331.6042175292969,46.14214706420898,1.268569,15.891383,0.0453988574909009,,,,,,,,,,,,False,False
1962993980637306624,,,NGC7209,331.7000427246094,46.16511535644531,2.0975895,17.671087,0.0787795561381143,,,,,,,,,,,,False,False
1962994569055189376,,,NGC7209,331.6166381835937,46.17230224609375,0.9531002,14.397938,0.0428397372283746,,,,,,,,,,,,False,False
1962995148869466624,,,NGC7209,331.67218017578125,46.22468185424805,1.9341278,17.380169,0.0746773201807262,,,,,,,,,,,,False,False
1962995595546064384,,,NGC7209,331.7438659667969,46.22229385375977,1.6576271,16.859092999999998,0.0651624142255953,,,,,,,,,,,,False,False
1962995870424254592,,,NGC7209,331.72430419921875,46.23868179321289,2.532524,18.396673,0.0864593365570602,,,,,,,,,,,,False,False
1962996179661681408,,,NGC7209,331.8325500488281,46.27196884155274,1.3062458,15.919489000000002,0.0506000312968155,,,,,,,,,,,,False,False
1962997627072106496,,,NGC7209,331.7755432128906,46.34469604492188,1.2886753,16.136855999999998,0.0415686348001197,,,,,,,,,,,,False,False
1962997764512045440,,,NGC7209,331.913818359375,46.20013046264648,0.4000044,9.70048,0.0460183656498775,,,,,,,,,,,,False,False
1962998378685173248,,,NGC7209,332.0300598144531,46.27022933959961,2.5370522,18.634027,0.0817679454607733,,,,,,,,,,,,False,False
1963002093838117120,,,NGC7209,331.8656005859375,46.29338073730469,0.40204048,11.276923,0.1760647205353295,278.66452,65.02053,0.23332905818078312,,,,,,,,,True,True
1963004945692994304,,,NGC7209,332.0721130371094,46.45584487915039,2.0754623,18.996222,0.0570075884921029,,,,,,,,,,,,False,False
1963005903474986496,,,NGC7209,331.9991455078125,46.51896286010742,2.3122673,18.715843,0.0703287478390204,,,,,,,,,,,,False,False
1963006040906761344,,,NGC7209,332.0448303222656,46.50276184082031,1.5029678,16.532389000000002,0.0580941105741444,,,,,,,,,,,,False,False
1963293876735038976,,,NGC7209,332.47430419921875,45.99531555175781,1.4272385,16.025576,0.065417850857783,,,,,,,,,,,,False,False
1963295766520833792,,,NGC7209,332.61181640625,46.06592178344727,1.4221802,17.10267,0.0395855078327114,,,,,,,,,,,,False,False
1963305627757383808,,,NGC7209,332.42095947265625,46.00182723999024,1.9775124,17.821281,0.0679214328281929,,,,,,,,,,,,False,False
1963308376544776832,,,NGC7209,332.61871337890625,46.1528549194336,2.2968674,17.851492,0.0867400186069422,,,,,,,,,,,,False,False
1963311743799080704,,,NGC7209,332.4322204589844,46.21424865722656,0.40497017,12.119039,0.1337962612251548,,,,,,,,,,,,False,True
1963312220535645824,,,NGC7209,332.4936828613281,46.19784545898438,1.9419231,17.223035999999997,0.0795595786152894,,,,,,,,,,,,False,False
1975057994016128896,,,NGC7209,330.7153625488281,46.48205184936523,1.1656036,15.491034,0.0402809368909491,,,,,,,,,,,,False,False
1975059029112280448,,,NGC7209,330.7239990234375,46.53766632080078,0.859951,13.987003,0.0403771741681807,,,,,,,,,,,,False,False
1974858913690303360,,,NGC7209,330.33544921875,45.64447784423828,1.8407135,17.501317999999998,0.0651897671580498,,,,,,,,,,,,False,False
1975059196607240448,,,NGC7209,330.70098876953125,46.53956604003906,2.100731,17.698946,0.0783066074301933,,,,,,,,,,,,False,False
1975059505847351680,,,NGC7209,330.8223876953125,46.52338409423828,2.0470333,18.882536,0.0569273582481838,,,,,,,,,,,,False,False
1975059578868346880,,,NGC7209,330.8271179199219,46.54087829589844,0.26666164,11.661673,0.0267002397432067,9.620783,119.47447,12.418372808117594,,,,,,,,,True,True
1975059883801996416,,,NGC7209,330.8545837402344,46.53392028808594,1.478239,16.472466,0.0569288293651824,,,,,,,,,,,,False,False
1975060094264340480,,,NGC7209,330.87872314453125,46.57073593139648,1.1897144,15.141251,0.0663722935845564,,,,,,,,,,,,False,False
1975060506581188224,,,NGC7209,330.7474060058594,46.55195617675781,2.2168293,18.4952,0.0693093662860338,,,,,,,,,,,,False,False
1975060815818817920,,,NGC7209,330.7430114746094,46.59504699707031,1.5311985,16.56193,0.0604119136655461,,,,,,,,,,,,False,False
1975061052036230016,,,NGC7209,330.8080749511719,46.59954833984375,2.5291996,18.67095,0.0807156404852086,,,,,,,,,,,,False,False
1975062018409497344,,,NGC7209,330.5977783203125,46.552490234375,0.8194971,13.928387,0.0062307842857737,,,,,,,,,,,,False,False
1974862349666287360,,,NGC7209,330.2431335449219,45.69404602050781,2.3425255000000003,18.635756,0.0729209410639292,,,,,,,,,,,,False,False
1975062121488725760,,,NGC7209,330.6645202636719,46.53927993774414,0.96715355,14.59668,0.0286755032713203,,,,,,,,,,,,False,False
1974863041160448896,,,NGC7209,330.1844482421875,45.72002792358398,1.8864765,17.25135,0.0743921733365065,,,,,,,,,,,,False,False
1975062770020156160,,,NGC7209,330.5842590332031,46.56586456298828,1.8655758,17.065296,0.0779643042112148,,,,,,,,,,,,False,False
1975062808683476224,,,NGC7209,330.5960388183594,46.56912612915039,0.76471996,13.442176000000002,0.150925362111385,,,,,,,,,,,,False,False
1975063014841894912,,,NGC7209,330.5458984375,46.59218978881836,0.5206670999999999,12.704736,0.1285002471945932,,,,,,,,,,,,False,True
1975063427158909440,,,NGC7209,330.65399169921875,46.6348876953125,0.8026656999999999,13.741405,0.0369244843102741,,,,,,,,,,,,False,False
1975063835172295808,,,NGC7209,330.7294311523437,46.6137580871582,1.7895603,17.292465,0.0658568960930988,,,,,,,,,,,,False,False
1975066072858980352,,,NGC7209,330.9411926269531,46.60239028930664,1.1831969999999998,15.506496,0.0434589373775165,,,,,,,,,,,,False,False
1975066588255046272,,,NGC7209,330.9808349609375,46.65787887573242,0.9548769,14.154551500000002,0.0909335486212461,,,,,,,,,,,,False,False
1975066725693996928,,,NGC7209,331.0098571777344,46.67971801757813,0.8155956,14.025635,-0.0157756931633457,,,,,,,,,,,,False,False
1975067958343284480,,,NGC7209,330.9297180175781,46.73302841186523,2.1013527,17.951560999999998,0.07279971612135,,,,,,,,,,,,False,False
1975068031364030848,,,NGC7209,330.9740295410156,46.74380111694336,1.4984303,16.505142000000003,0.0583371974638141,,,,,,,,,,,,False,False
1975068237522481920,,,NGC7209,331.05712890625,46.71260452270508,1.2586412,15.915244,0.043038647654981,,,,,,,,,,,,False,False
1975068271882222336,,,NGC7209,331.0660705566406,46.70919799804688,1.0809622,15.293611,0.0281285992034876,,,,,,,,,,,,False,False
1975069062156343552,,,NGC7209,331.0943603515625,46.77522659301758,1.5065365,16.223734,0.0686821413123096,,,,,,,,,,,,False,False
1975069199595295488,,,NGC7209,331.13201904296875,46.80167388916016,0.9377632,14.283032,0.0499178641213823,,,,,,,,,,,,False,False
1975069783710846592,,,NGC7209,331.074951171875,46.77987289428711,1.1698551,15.5093,0.040471498477015,,,,,,,,,,,,False,False
1975070127308220544,,,NGC7209,331.0500793457031,46.81550979614258,0.6797724,13.101232,0.2168421890887801,,,,,,,,,,,,False,False
1975070161667959040,,,NGC7209,331.06866455078125,46.82326126098633,1.0512676,15.01516,0.0326023154101054,,,,,,,,,,,,False,False
1975070402179508352,,,NGC7209,330.8385009765625,46.6860580444336,2.1325092,17.658068,0.0813943894619552,,,,,,,,,,,,False,False
1975070539624924928,,,NGC7209,330.86627197265625,46.70951843261719,1.0535603,15.003893,0.0339968373990054,,,,,,,,,,,,False,False
1975070913280792192,,,NGC7209,330.9211120605469,46.73790740966797,1.7744446,17.149967,0.067997309940285,,,,,,,,,,,,False,False
1975071432978110976,,,NGC7209,330.8213195800781,46.7274169921875,1.0920677,15.131079,0.0386718598411675,,,,,,,,,,,,False,False
1974873241703335424,,,NGC7209,330.8096618652344,45.67527770996094,2.2081718,17.976027,0.0784867598384723,,,,,,,,,,,,False,False
1975071810935213824,,,NGC7209,330.8075866699219,46.78424072265625,1.4426155,16.290163,0.057965562959483,,,,,,,,,,,,False,False
1975073077944669312,,,NGC7209,331.0423583984375,46.82455444335938,1.9903011,17.631746,0.0726323832995803,,,,,,,,,,,,False,False
1975074834592786048,,,NGC7209,331.3074645996094,46.61467361450195,0.1975317,10.861429,0.0054131800312507,39.48965,19.3219,0.48929023174426717,,,,,,,,,True,True
1975075281269387136,,,NGC7209,331.3690185546875,46.631080627441406,1.165142,15.616777,0.0356182722034043,,,,,,,,,,,,False,False
1975075281269390208,,,NGC7209,331.3592834472656,46.63766479492188,0.8747405999999999,14.288892,0.0034619150563088,,,,,,,,,,,,False,False
1975075556147288192,,,NGC7209,331.3438415527344,46.65335083007813,0.70625496,13.378013,0.0358886417217793,,,,,,,,,,,,False,False
1975075624866762240,,,NGC7209,331.3371887207031,46.66138458251953,0.49485016,12.652434,0.1112131767187827,,,,,,,,,,,,False,True
1975075968464142208,,,NGC7209,331.3079833984375,46.661376953125,1.0408478,15.098385,0.0251417278472507,,,,,,,,,,,,False,False
1974878052064898176,,,NGC7209,330.7005920410156,45.77666091918945,1.9564705,17.296758999999998,0.0785873070911277,,,,,,,,,,,,False,False
1975076105903088640,,,NGC7209,331.2423400878906,46.65921401977539,0.9739914,14.865948,0.0136481312038034,,,,,,,,,,,,False,False
1975076277701780352,,,NGC7209,331.3069763183594,46.69087219238281,1.2401752,15.816343,0.0430271777229283,,,,,,,,,,,,False,False
1975076342117570560,,,NGC7209,331.29473876953125,46.71304702758789,0.9135933,14.424223,0.0154428474645117,,,,,,,,,,,,False,False
1975076552579852160,,,NGC7209,331.3890686035156,46.7220344543457,1.4125748,16.353635999999998,0.0523190281985049,,,,,,,,,,,,False,False
1975077377213576832,,,NGC7209,331.4603881835937,46.74077606201172,1.4112606,16.289913000000002,0.0539421647262218,,,,,,,,,,,,False,False
1975077755170699776,,,NGC7209,331.4789123535156,46.7478141784668,1.3573856000000002,16.182198,0.049906541800064,,,,,,,,,,,,False,False
1975077823890197120,,,NGC7209,331.4740295410156,46.76927185058594,0.44069195,12.546188,0.0731462597910578,,,,,,,,,,,,False,True
1975078128825874560,,,NGC7209,331.4123229980469,46.75160217285156,2.5068226000000005,18.27449,0.0879597119158644,,,,,,,,,,,,False,False
1975078373645969536,,,NGC7209,331.3829650878906,46.76612091064453,1.1193657,14.446169,0.1347741422199478,,,,,,,,,,,,False,False
1974880457246915328,,,NGC7209,330.7771911621094,45.88949203491211,2.317381,18.030964,0.083475724930378,,,,,,,,,,,,False,False
1975078541141217664,,,NGC7209,331.43084716796875,46.80786514282226,1.6010056,16.7702,0.0620358398215275,,,,,,,,,,,,False,False
1975079297056929536,,,NGC7209,331.28240966796875,46.71258544921875,2.424839,18.03079,0.0895569178853588,,,,,,,,,,,,False,False
1975079473157434624,,,NGC7209,331.2147521972656,46.72973251342773,0.34854698,12.307642,0.0200690608295891,,,,,,,,,,,,False,True
1975080263431416704,,,NGC7209,331.2209167480469,46.73577880859375,1.9094925,17.036427,0.0826604385919561,,,,,,,,,,,,False,False
1975080499647817216,,,NGC7209,331.1907653808594,46.75051879882813,2.2377377,18.363281,0.0724951107012261,,,,,,,,,,,,False,False
1975080675748269312,,,NGC7209,331.22802734375,46.79340362548828,0.7535744000000001,13.461909,0.1006091581342783,,,,,,,,,,,,False,False
1975081530438482560,,,NGC7209,331.3885803222656,46.81586456298828,1.9121456,17.426477,0.0719289583974369,,,,,,,,,,,,False,False
1974883038528600576,,,NGC7209,330.462890625,45.72487258911133,1.325758,16.55718,0.0378105933987765,,,,,,,,,,,,False,False
1975081843979515392,,,NGC7209,331.3924865722656,46.86103439331055,1.2318125,15.860873000000002,0.0402289736791751,,,,,,,,,,,,False,False
1975082080194478080,,,NGC7209,331.4552001953125,46.86601638793945,2.3016624,17.375423,0.1020643088983773,,,,,,,,,,,,False,False
1975082148915382912,,,NGC7209,331.4206237792969,46.86209106445313,2.009241,18.437717000000003,0.060132709777816,,,,,,,,,,,,False,False
1975083351508299008,,,NGC7209,331.4064025878906,46.92597579956055,2.3372822,18.715853,0.0714311501803995,,,,,,,,,,,,False,False
1975084279219379456,,,NGC7209,331.6575622558594,46.87613677978516,2.4618187,18.72077,0.0768361625945937,,,,,,,,,,,,False,False
1974886749380315392,,,NGC7209,330.30621337890625,45.76589965820313,1.4900608,16.257328,0.0652354880549171,,,,,,,,,,,,False,False
1975085005075632256,,,NGC7209,331.5198059082031,46.87163162231445,0.77051926,13.6827,-0.0004799987003881,,,,,,,,,,,,False,False
1974887333495860736,,,NGC7209,330.3478698730469,45.81256866455078,0.9213047,13.707206,0.2754944579867181,,,,,,,,,,,,False,False
1974887677093241216,,,NGC7209,330.3702392578125,45.83927917480469,1.1382933000000002,15.105754,0.0538980204640529,,,,,,,,,,,,False,False
1974888944102203392,,,NGC7209,330.4407653808594,45.86431121826172,2.09305,17.075083,0.0970367731155294,,,,,,,,,,,,False,False
1975088819006567936,,,NGC7209,331.5536499023437,46.96452713012695,1.277605,16.046429999999997,0.0422760887514835,,,,,,,,,,,,False,False
1975089712359930624,,,NGC7209,331.58172607421875,47.00263214111328,0.9042082,14.567785999999998,-0.0008216376105852,,,,,,,,,,,,False,False
1975090841928315264,,,NGC7209,331.7467041015625,47.06070327758789,1.3520031,16.297762,0.0461308230543657,,,,,,,,,,,,False,False
1975091189828789632,,,NGC7209,331.7319030761719,47.10789489746094,1.088295,15.428646,0.025242610640829,,,,,,,,,,,,False,False
1974894411602115072,,,NGC7209,330.583251953125,45.90145492553711,1.3719386999999998,16.114618,0.0540085502731084,,,,,,,,,,,,False,False
1974894480321589120,,,NGC7209,330.56756591796875,45.90992736816406,2.2772179,18.112617,0.0794032605641976,,,,,,,,,,,,False,False
1975092662995275264,,,NGC7209,331.1505432128906,46.81588363647461,2.4006634,18.474962,0.0784399267033139,,,,,,,,,,,,False,False
1974894682180344960,,,NGC7209,330.5609130859375,45.92056274414063,2.3567924,18.771885,0.0714360526135491,,,,,,,,,,,,False,False
1974895201876251904,,,NGC7209,330.6918029785156,45.99554443359375,1.7107906000000002,17.200596,0.0616646160064399,,,,,,,,,,,,False,False
1974895820345924736,,,NGC7209,330.54742431640625,45.98437881469727,1.9215832,17.435463000000002,0.0723982257392657,,,,,,,,,,,,False,False
1975094900680060672,,,NGC7209,331.2988586425781,46.93033599853516,0.3912735,12.150323,0.1116405509409023,,,,,,,,,,,,False,True
1975095897113285760,,,NGC7209,331.26434326171875,46.95506286621094,0.17062664,10.316734,-0.011396202686075,116.19364,26.234802,0.22578518066909684,,,,,,,,,True,True
1974898053734506752,,,NGC7209,330.6505432128906,46.07685470581055,0.96497345,14.480208,0.0394986392014212,,,,,,,,,,,,False,False
1975096305127698944,,,NGC7209,331.3814697265625,47.00286102294922,2.0557652,17.947992000000003,0.0702082260919699,,,,,,,,,,,,False,False
1974898259893098496,,,NGC7209,330.74755859375,46.092735290527344,0.97764874,14.669204,0.0275393633937647,,,,,,,,,,,,False,False
1974898397332050560,,,NGC7209,330.7691345214844,46.11277770996094,1.5633221000000002,17.29721,0.0483700095928924,,,,,,,,,,,,False,False
1975096859185027712,,,NGC7209,331.14117431640625,46.89983749389648,0.41960144,12.39538,0.0948431140891881,,,,,,,,,,,,False,True
1975097335919806208,,,NGC7209,331.1654357910156,46.940895080566406,2.259325,18.411695,0.0727273840081766,,,,,,,,,,,,False,False
1975097374576606208,,,NGC7209,331.1823425292969,46.94267272949219,2.0120564,18.498499,0.0595220435394907,,,,,,,,,,,,False,False
1975099333081810688,,,NGC7209,331.26641845703125,47.03051376342773,2.2788124,18.267698,0.0763322539295923,,,,,,,,,,,,False,False
1975101699605563648,,,NGC7209,331.52655029296875,47.03321075439453,1.8571262,17.447770000000002,0.0674738438863709,,,,,,,,,,,,False,False
1975102180642040064,,,NGC7209,331.5321655273437,47.09935760498047,2.217863,17.87164,0.0814580941430153,,,,,,,,,,,,False,False
1975107231524570240,,,NGC7209,331.4006042480469,47.17715835571289,1.8340969,17.785792999999998,0.0596631345762966,,,,,,,,,,,,False,False
1975108507136901120,,,NGC7209,331.62225341796875,47.28141784667969,1.2646847,16.175095000000002,0.0373544426362215,,,,,,,,,,,,False,False
1974910663759422464,,,NGC7209,330.189208984375,45.77786636352539,0.412364,10.089342,0.0734018094878839,208.02565,34.043327,0.16364966051061489,,,,,,,,,True,False
1975126438615187456,,,NGC7209,329.7979736328125,46.245887756347656,2.239273,17.18773,0.1046234922757266,,,,,,,,,,,,False,False
1974928286002965376,,,NGC7209,330.0401611328125,45.9742431640625,1.7830696,18.18149,0.0515784679788707,,,,,,,,,,,,False,False
1974928320364287104,,,NGC7209,330.05572509765625,45.99801635742188,2.6335373,18.553745000000003,0.0878473187917259,,,,,,,,,,,,False,False
1974930553750997888,,,NGC7209,329.889404296875,45.98583602905274,1.9141064,18.745497,0.052519657890352,,,,,,,,,,,,False,False
1974931966797255424,,,NGC7209,329.98931884765625,46.03958511352539,1.5023556,16.490282,0.0592075028015626,,,,,,,,,,,,False,False
1974932550912803968,,,NGC7209,330.0367736816406,46.08341979980469,1.2893734,16.046318,0.0440317957119049,,,,,,,,,,,,False,False
1974934337619534848,,,NGC7209,330.2381591796875,45.84353637695313,1.2892513,16.745161,0.0314557392475452,,,,,,,,,,,,False,False
1974935402771414272,,,NGC7209,330.2361145019531,45.88563537597656,1.4295653999999998,16.741433999999998,0.0455857953959494,,,,,,,,,,,,False,False
1974939869537375488,,,NGC7209,330.14801025390625,45.99155044555664,1.0840082,14.97037,0.0463031454589454,,,,,,,,,,,,False,False
1974941342705221760,,,NGC7209,330.4081420898437,46.07761764526367,2.0018196,18.830328,0.0555254833991004,,,,,,,,,,,,False,False
1974946672766063872,,,NGC7209,330.69451904296875,46.198204040527344,1.3731956,16.126465,0.0538041760784284,,,,,,,,,,,,False,False
1974947153802383488,,,NGC7209,330.6930847167969,46.26438522338867,0.9862013,14.617794,0.0360411893709541,,,,,,,,,,,,False,False
1974947046421950976,,,NGC7209,330.68914794921875,46.242431640625,2.451664,18.19791,0.0868839151182327,,,,,,,,,,,,False,False
1975146371565410688,,,NGC7209,330.01885986328125,46.26971817016602,1.7319126,17.102884,0.0656103502776325,,,,,,,,,,,,False,False
1975147917753807104,,,NGC7209,330.18463134765625,46.35353469848633,1.6558933,16.811045,0.0663058298038501,,,,,,,,,,,,False,False
1974950005657256576,,,NGC7209,330.6361389160156,46.25308609008789,1.8989944,18.029348,0.0598395310720006,,,,,,,,,,,,False,False
1974950074380141952,,,NGC7209,330.6784362792969,46.265869140625,0.8286761999999999,13.793423,0.0598171420226514,,,,,,,,,,,,False,False
1974950452337725824,,,NGC7209,330.6687316894531,46.31487274169922,1.0771236000000002,15.046137,0.0390434600628959,,,,,,,,,,,,False,False
1974950830294361856,,,NGC7209,330.53179931640625,46.2821159362793,1.4341183000000002,16.33379,0.0555630729236415,,,,,,,,,,,,False,False
1974951070812537856,,,NGC7209,330.625,46.29813003540039,0.79454994,13.622753,0.0808988887156575,,,,,,,,,,,,False,False
1975150975770299776,,,NGC7209,329.8893737792969,46.38712310791016,1.7873421000000005,17.09937,0.0703606124776779,,,,,,,,,,,,False,False
1974954433765633024,,,NGC7209,330.333251953125,46.1674690246582,2.4087143,18.468847,0.0789424949006936,,,,,,,,,,,,False,False
1974955498917551360,,,NGC7209,330.2841796875,46.19929122924805,2.2912464,18.173979,0.0788663343937815,,,,,,,,,,,,False,False
1975155511255947136,,,NGC7209,330.25927734375,46.5103874206543,1.1327915000000002,15.4448185,0.034801078798687,,,,,,,,,,,,False,False
1975156812624439552,,,NGC7209,330.509521484375,46.58331680297852,1.915348,17.502257999999998,0.0704089852061883,,,,,,,,,,,,False,False
1974957732299430912,,,NGC7209,330.1119689941406,46.21044158935547,1.8178825,17.240129999999997,0.06928340988233,,,,,,,,,,,,False,False
1974958870473574144,,,NGC7209,330.2878723144531,46.2642707824707,2.1367264,18.493244,0.0655240574987582,,,,,,,,,,,,False,False
1975157950797656576,,,NGC7209,330.4531555175781,46.61632537841797,0.9791174,14.7419195,0.0228318757572607,,,,,,,,,,,,False,False
1974960721596699136,,,NGC7209,330.36700439453125,46.22174835205078,1.9894142,17.633703,0.0725299611727657,,,,,,,,,,,,False,False
1974961619252025088,,,NGC7209,330.3899230957031,46.2701644897461,0.7755451,13.161121,0.4479292142658129,,,,,,,,,,,,False,False
1974964913492728320,,,NGC7209,330.3586730957031,46.30737686157226,2.2779408,18.028988,0.081290314732308,,,,,,,,,,,,False,False
1975164784083430144,,,NGC7209,329.93414306640625,46.550048828125,0.6817960999999999,12.281674,0.4827056314637729,,,,,,,,,,,,False,False
1975165200695109120,,,NGC7209,330.0055847167969,46.51899337768555,2.1097794,18.793024,0.0605158820467286,,,,,,,,,,,,False,False
1974967421749004416,,,NGC7209,330.4905090332031,46.443626403808594,2.0694923,17.73914,0.0753685120928204,,,,,,,,,,,,False,False
1974967666566113792,,,NGC7209,330.54608154296875,46.4561653137207,0.9364786,14.531838,0.0186143665600999,,,,,,,,,,,,False,False
1974967872724526720,,,NGC7209,330.49688720703125,46.47811889648438,0.19949722,10.691854,0.0066034463296534,146.2091,88.84786,0.6076766767595176,,,,,,,,,True,True
1974968108943843840,,,NGC7209,330.4366455078125,46.43831253051758,2.1251736,18.26839,0.0683779717081417,,,,,,,,,,,,False,False
1975168086919946240,,,NGC7209,329.9157409667969,46.59530258178711,1.1301317,14.5768,0.1129420709999999,,,,,,,,,,,,False,False
1974975397507610624,,,NGC7209,331.03839111328125,46.020729064941406,0.77503014,13.544351999999998,0.0898837068131186,,,,,,,,,,,,False,False
1974975431867345024,,,NGC7209,331.0183410644531,46.02905654907226,1.498682,16.429506,0.0605771145737148,,,,,,,,,,,,False,False
1974975569306145664,,,NGC7209,330.9714050292969,46.03546905517578,1.2288866000000005,15.603776000000002,0.0488359181969365,,,,,,,,,,,,False,False
1974975878543955840,,,NGC7209,331.1019592285156,46.02212142944336,0.64792347,13.10436,0.129404457436718,,,,,,,,,,,,False,False
1974975908599979904,,,NGC7209,331.1251220703125,46.0123405456543,2.1148834,18.707346,0.0617301314619513,,,,,,,,,,,,False,False
1974977596531007872,,,NGC7209,331.1668395996094,46.13142776489258,0.8203087,13.628697,0.1338421856901249,,,,,,,,,,,,False,False
1974977695305805952,,,NGC7209,331.1129150390625,46.117919921875,1.315342,15.937225,0.0514425955081732,,,,,,,,,,,,False,False
1974978073263500032,,,NGC7209,331.2852478027344,46.01637649536133,2.2096062,17.901423,0.0802602487562739,,,,,,,,,,,,False,False
1974978519940113920,,,NGC7209,331.33551025390625,46.04167938232422,2.4588776,18.345924,0.0839064942362714,,,,,,,,,,,,False,False
1974979589395852032,,,NGC7209,331.2704772949219,46.10882568359375,0.89428043,14.168771,0.0355553067356372,,,,,,,,,,,,False,False
1974980139151660928,,,NGC7209,331.34185791015625,46.16645431518555,1.4932728000000002,16.426037,0.0600396088003744,,,,,,,,,,,,False,False
1975177467128969728,,,NGC7209,330.0472717285156,46.80311584472656,1.7562293999999998,16.65931,0.0813802696819175,,,,,,,,,,,,False,False
1975177668995562368,,,NGC7209,330.144775390625,46.80708694458008,2.4127464,18.271587,0.0831715537195705,,,,,,,,,,,,False,False
1974981685340055680,,,NGC7209,331.3946838378906,46.179969787597656,1.523962,16.518276,0.0608578295659539,,,,,,,,,,,,False,False
1974981719699789184,,,NGC7209,331.4170227050781,46.2129898071289,0.98390484,14.2075615,0.1013480932042854,,,,,,,,,,,,False,False
1974981994577702016,,,NGC7209,331.4991455078125,46.222938537597656,0.34691143,11.372333,0.1245598677127057,211.43791,145.25685,0.6869952980522746,,,,,,,,,True,True
1975178085604134784,,,NGC7209,330.19580078125,46.78377914428711,1.2493458,15.126263,0.0850461373059671,,,,,,,,,,,,False,False
1975178119963872128,,,NGC7209,330.2178039550781,46.79619216918945,2.2492638,18.660585,0.068334413543403,,,,,,,,,,,,False,False
1974983265887837696,,,NGC7209,331.258056640625,46.17937469482422,1.0782928,13.989120000000002,0.2856613783478371,,,,,,,,,,,,False,False
1974983502108421504,,,NGC7209,331.20318603515625,46.15174102783203,1.9471912,18.02799,0.0625877747492633,,,,,,,,,,,,False,False
1974983506406006400,,,NGC7209,331.2035217285156,46.15292739868164,1.2205486,15.252285,0.066540207857813,,,,,,,,,,,,False,False
1974983884366767360,,,NGC7209,331.2059020996094,46.19655990600586,2.3077087000000005,18.34854,0.076263650627365,,,,,,,,,,,,False,False
1974985323171943552,,,NGC7209,331.4345703125,46.27869415283203,2.3695545,17.987202,0.0875243654573693,,,,,,,,,,,,False,False
1974985464911253120,,,NGC7209,331.4021301269531,46.27870559692383,0.9258957,13.716132,0.2759729879076306,,,,,,,,,,,,False,False
1974985636709940992,,,NGC7209,331.4381408691406,46.31228256225586,0.62536335,12.915055,0.2079979005046131,,,,,,,,,,,,False,False
1974985701125211136,,,NGC7209,331.33111572265625,46.256103515625,1.7604141,16.31164,0.0976456037464005,,,,,,,,,,,,False,False
1974985980298533376,,,NGC7209,331.3214111328125,46.27263259887695,2.5336018,18.303543,0.0886477342701061,,,,,,,,,,,,False,False
1974986014667055232,,,NGC7209,331.2972412109375,46.27641296386719,0.944767,14.062482,0.1085618389987233,,,,,,,,,,,,False,False
1974986152106004864,,,NGC7209,331.33642578125,46.30618286132813,0.4407797,12.191735,0.1693198621212701,,,,,,,,,,,,False,True
1974987968867459712,,,NGC7209,330.8701477050781,46.06235885620117,1.5380993,17.20032,0.0478035617775792,,,,,,,,,,,,False,False
1974988312464928512,,,NGC7209,330.8972473144531,46.10596084594727,1.1212835,15.308735999999998,0.0376971683280593,,,,,,,,,,,,False,False
1974988832165267072,,,NGC7209,330.9442443847656,46.13570022583008,0.3447466,11.555963,0.1151900504986641,291.45187,146.34314,0.5021176909930275,,,,,,,,,True,True
1974989759878372480,,,NGC7209,331.12701416015625,46.1845703125,1.258995,15.761898,0.0482375061502634,,,,,,,,,,,,False,False
1974989897317317632,,,NGC7209,331.0927734375,46.198219299316406,1.4919281,16.438772,0.0594984724958639,,,,,,,,,,,,False,False
1974990000396533888,,,NGC7209,331.1010131835937,46.19839096069336,1.7011241999999998,16.883991,0.0685703413094971,,,,,,,,,,,,False,False
1974991370482320896,,,NGC7209,330.8664245605469,46.13592147827149,2.2021465,17.962471,0.0784368725727708,,,,,,,,,,,,False,False
1974992573072631680,,,NGC7209,330.8008117675781,46.17083358764648,2.0820847,17.242447,0.0900359712720723,,,,,,,,,,,,False,False
1974992955333840128,,,NGC7209,330.9072265625,46.21322250366211,1.210557,15.703145,0.0414744096213803,,,,,,,,,,,,False,False
1974993195842642176,,,NGC7209,330.8651733398437,46.24017715454102,2.097559,17.884153,0.0739522299674426,,,,,,,,,,,,False,False
1974993328987159808,,,NGC7209,330.8981628417969,46.27508163452149,1.0385122,15.021029,0.0281646716235077,,,,,,,,,,,,False,False
1974993505080343040,,,NGC7209,330.9925842285156,46.20764923095703,2.0852528,18.166803,0.067957045625704,,,,,,,,,,,,False,False
1974993573809138432,,,NGC7209,330.99591064453125,46.23190689086914,0.76666355,13.44011,0.1585816640045263,,,,,,,,,,,,False,False
1974994737736401664,,,NGC7209,330.9266662597656,46.26213455200195,1.3753643,16.130737,0.0539737393659389,,,,,,,,,,,,False,False
1974994909535165440,,,NGC7209,330.9623107910156,46.29434204101562,1.7441273000000002,17.101105,0.0666804779373257,,,,,,,,,,,,False,False
1974995119997501440,,,NGC7209,331.0132751464844,46.3240852355957,0.6571064,13.090142,0.1656862732633895,,,,,,,,,,,,False,False
1974996597466525056,,,NGC7209,331.2339172363281,46.30691146850586,1.3874912,16.141448999999998,0.0553345409929902,,,,,,,,,,,,False,False
1974997112862353792,,,NGC7209,331.1675109863281,46.30656814575195,1.6109505,16.796337,0.0623305305290242,,,,,,,,,,,,False,False
1974997211637971200,,,NGC7209,331.1871337890625,46.28116989135742,2.2911263,18.115135,0.0801108021062074,,,,,,,,,,,,False,False
1974997215941577216,,,NGC7209,331.1967163085937,46.29503631591797,0.34031677,11.145163,0.1172283546421471,256.69525,56.058773,0.21838648358315943,,,,,,,,,True,True
1974997456459901824,,,NGC7209,331.2303771972656,46.33857727050781,1.249403,14.55319,0.1794632354029287,,,,,,,,,,,,False,False
1974998006215733120,,,NGC7209,331.3359680175781,46.33560180664063,1.4340476999999998,16.282042,0.0571155119402002,,,,,,,,,,,,False,False
1974998173714126464,,,NGC7209,331.2998352050781,46.33256149291992,2.170704,18.087933,0.0740444961114374,,,,,,,,,,,,False,False
1974998281084793344,,,NGC7209,331.3119201660156,46.35696411132813,2.4561558,18.686363,0.0771774720574426,,,,,,,,,,,,False,False
1974998830852995584,,,NGC7209,331.38134765625,46.40416717529297,2.4165611,18.773891,0.0739888000336817,,,,,,,,,,,,False,False
1974999002639281536,,,NGC7209,331.2795104980469,46.36249542236328,2.4356956000000003,18.648228,0.0769239318247991,,,,,,,,,,,,False,False
1974999445021610240,,,NGC7209,331.3401184082031,46.39234161376953,1.1988935,15.5131235,0.0465481598529141,,,,,,,,,,,,False,False
1974999483684459776,,,NGC7209,331.3176574707031,46.39765167236328,0.4577855999999999,10.722416,0.1577124711399374,72.306755,15.184321,0.2099986508867671,,,,,,,,,True,False
1974999552403937280,,,NGC7209,331.35552978515625,46.413841247558594,0.29309654,10.024002,0.027372743269232,54.93394,11.091914,0.20191368032221974,,,,,,,,,True,False
1974999724194113664,,,NGC7209,331.3253479003906,46.42454147338867,1.3037434,16.578823,0.0350581523102995,,,,,,,,,,,,False,False
1974999758562356608,,,NGC7209,331.3021545410156,46.42244338989258,1.4082909,16.209599,0.0559955905330058,,,,,,,,,,,,False,False
1974999930361160832,,,NGC7209,331.3513488769531,46.46324157714844,2.400011,18.210463,0.0838598473661167,,,,,,,,,,,,False,False
1975000067799839104,,,NGC7209,331.1074523925781,46.32423400878906,0.46471882,12.751868,0.0087370486377612,,,,,,,,,,,,False,True
1975000136519320192,,,NGC7209,331.147216796875,46.32912063598633,0.42909527,12.462644,0.0871266320975737,,,,,,,,,,,,False,True
1975000372734355712,,,NGC7209,331.1118469238281,46.34206008911133,1.5513039,16.021964999999998,0.0843312096898096,,,,,,,,,,,,False,False
1975000475816614016,,,NGC7209,331.1190795898437,46.35150527954102,2.200348,17.049139,0.1073164637416314,,,,,,,,,,,,False,False
1975000686275290368,,,NGC7209,331.21148681640625,46.38335418701172,0.34899807,11.529292,0.1209270238798591,279.6677,110.96154,0.3967620858611845,,,,,,,,,True,True
1975000754994766336,,,NGC7209,331.2018737792969,46.38122177124024,1.2463455,15.783297,0.0452134997763938,,,,,,,,,,,,False,False
1975001098591978752,,,NGC7209,331.08203125,46.35168075561523,0.32971954,12.05982,0.0493125818516528,,,,,,,,,,,,False,True
1975001236030932096,,,NGC7209,331.1168212890625,46.36832809448242,0.9024172,13.651229999999998,0.2913982100183389,,,,,,,,,,,,False,False
1975001304750403072,,,NGC7209,331.1122741699219,46.38724899291992,0.98207664,14.591295,0.0365860368706987,,,,,,,,,,,,False,False
1975001339110137856,,,NGC7209,331.0513000488281,46.36880874633789,0.98479176,14.706821,0.0278003433673469,,,,,,,,,,,,False,False
1975001442189348480,,,NGC7209,331.0575561523437,46.391578674316406,0.3587103,11.859863,0.1072087142491016,309.50626,163.57947,0.5285174845898108,,,,,,,,,True,True
1975001613978861696,,,NGC7209,331.1268920898437,46.38486099243164,0.25349903,10.768393,0.0398818289092048,,,,,,,,,,,,False,True
1975001682707522432,,,NGC7209,331.1273193359375,46.40323638916016,0.9596033000000002,14.620153,0.0230012966595019,,,,,,,,,,,,False,False
1975001785786902272,,,NGC7209,331.1770935058594,46.41520309448242,1.0615643999999995,15.134286,0.0296156567886936,,,,,,,,,,,,False,False
1975001785790477312,,,NGC7209,331.17315673828125,46.42725372314453,0.25550747,9.884804,0.0100818342481624,,,,,,,,,,,,False,False
1975001987642416512,,,NGC7209,331.1224060058594,46.43583297729492,1.283926,15.614002,0.0593636485434585,,,,,,,,,,,,False,False
1975001987645200896,,,NGC7209,331.124755859375,46.43452072143555,2.2537117,17.497118,0.094324987845624,,,,,,,,,,,,False,False
1975002129384263808,,,NGC7209,331.149169921875,46.46282958984375,0.9697113000000002,14.238959,0.0825181111927514,,,,,,,,,,,,False,False
1975002129384265344,,,NGC7209,331.15625,46.46088409423828,0.7417679,13.369604,0.1537915184548371,,,,,,,,,,,,False,False
1975002434318944000,,,NGC7209,331.2056579589844,46.41586303710938,0.64505196,13.158364,0.0690891849323995,,,,,,,,,,,,False,False
1975002576060889344,,,NGC7209,331.2422180175781,46.43223190307617,0.9456892,13.562169,0.4975725263565191,,,,,,,,,,,,False,False
1975002576064464512,,,NGC7209,331.24432373046875,46.42835998535156,0.42425728,10.392754,0.1029043385802063,109.272484,16.950584,0.1551221623185577,,,,,,,,,True,False
1975002816579057792,,,NGC7209,331.3038635253906,46.46199798583984,0.28574657,10.499595,0.0460833453797674,139.79733,59.639687,0.42661535095126646,,,,,,,,,True,True
1975002919658274560,,,NGC7209,331.3178405761719,46.46393585205078,1.5666962,16.707335999999998,0.0602308345369447,,,,,,,,,,,,False,False
1975002919658397568,,,NGC7209,331.3234558105469,46.4835090637207,1.7259665000000002,8.005933,0.1601169941166519,5.6028295,0.89522517,0.1597809053443443,,,,,,,,,True,False
1975002988377748736,,,NGC7209,331.2776184082031,46.4520378112793,0.98568344,14.617427,0.0358257644510535,,,,,,,,,,,,False,False
1975003057097219840,,,NGC7209,331.2674560546875,46.46419525146485,0.25660706,11.591015,0.022685404413044,39.140415,179.11574,4.57623507568839,,,,,,,,,True,True
1975003469417652352,,,NGC7209,331.2179260253906,46.4783935546875,2.2299347000000003,18.824865,0.0652664437639541,,,,,,,,,,,,False,False
1975003602549376384,,,NGC7209,331.1775817871094,46.4752082824707,0.34425354,12.055908,0.0676729030291997,,,,,,,,,,,,False,True
1975003636910077696,,,NGC7209,331.1786193847656,46.484825134277344,1.0780659,14.974768,0.0439895074227319,,,,,,,,,,,,False,False
1975003641212749824,,,NGC7209,331.18511962890625,46.48865127563477,1.1977196,14.956665,0.086177248746358,,,,,,,,,,,,False,False
1975003744291965312,,,NGC7209,331.2078552246094,46.49862289428711,1.2181082,15.585397,0.0474392965933631,,,,,,,,,,,,False,False
1975003950450545536,,,NGC7209,331.2902526855469,46.50841903686523,0.9112377,13.918399,0.1248507161109842,,,,,,,,,,,,False,False
1975003980512632064,,,NGC7209,331.3125915527344,46.51417922973633,2.2843094,17.415867000000002,0.0993031704037128,,,,,,,,,,,,False,False
1975004019170020736,,,NGC7209,331.2914123535156,46.52368927001953,1.3139771999999998,9.043015,0.2037186760168945,7.3658614,1.0919734,0.14824788856331184,,,,,,,,,True,False
1975004053521113344,,,NGC7209,331.3043212890625,46.53747940063477,2.094162,17.716479999999997,0.07746583067133,,,,,,,,,,,,False,False
1975004122249233792,,,NGC7209,331.26708984375,46.53159332275391,0.9175291,14.287476000000002,0.034543562522998,,,,,,,,,,,,False,False
1975004152305186176,,,NGC7209,331.23388671875,46.52109146118164,0.5357523,12.650608,0.1775419784975277,,,,,,,,,,,,False,True
1975004328407662848,,,NGC7209,331.2872619628906,46.56571960449219,1.6900253,16.206139,0.0941614469961,,,,,,,,,,,,False,False
1975004392822717440,,,NGC7209,331.5580139160156,46.1931037902832,1.813345,17.009817,0.0751015479616591,,,,,,,,,,,,False,False
1975004809436450944,,,NGC7209,331.58074951171875,46.25626754760742,0.35722637,10.364944,0.0709678986242953,,,,,,,,,,,,False,False
1975004908218900480,,,NGC7209,331.6063232421875,46.22999572753906,1.226306,15.658624,0.0460933745278678,,,,,,,,,,,,False,False
1975006046394998528,,,NGC7209,331.5943298339844,46.30363464355469,1.1209688,15.153707999999998,0.0457249263279745,,,,,,,,,,,,False,False
1975006046394999040,,,NGC7209,331.5989074707031,46.30481338500977,1.5839367,16.54936,0.0666310432096638,,,,,,,,,,,,False,False
1975006351331855360,,,NGC7209,331.5443725585937,46.32599639892578,2.240509,18.693285,0.06747902884671,,,,,,,,,,,,False,False
1975007416480865664,,,NGC7209,331.740966796875,46.37319564819336,1.6455765,16.785044,0.0660262932206974,,,,,,,,,,,,False,False
1975007970540334080,,,NGC7209,331.65484619140625,46.37790298461914,0.67823124,12.908493,0.315604378493804,,,,,,,,,,,,False,False
1975008034956235008,,,NGC7209,331.6415710449219,46.39537811279297,2.1919003,17.839857000000002,0.0806459309517298,,,,,,,,,,,,False,False
1975009722886980480,,,NGC7209,331.572021484375,46.38500595092773,0.5641946999999999,12.592337,0.2446990608549409,,,,,,,,,,,,False,False
1975009860325926912,,,NGC7209,331.4497375488281,46.34582901000977,1.1058788,14.855877,0.0638186497145202,,,,,,,,,,,,False,False
1975009860325928320,,,NGC7209,331.4557800292969,46.34481430053711,1.1191378,14.295743,0.1774780385065551,,,,,,,,,,,,False,False
1975009860325930880,,,NGC7209,331.4607238769531,46.34043502807617,0.6855898,12.955189,0.3107636042166532,,,,,,,,,,,,False,False
1975010203923301632,,,NGC7209,331.4297790527344,46.377174377441406,1.6411438000000005,16.761663000000002,0.0662494192571766,,,,,,,,,,,,False,False
1975010238283040640,,,NGC7209,331.4425354003906,46.38148498535156,0.5132694,10.682468,0.1834712431053182,107.88162,33.918896,0.3144084784785397,,,,,,,,,True,False
1975010375713912192,,,NGC7209,331.4703063964844,46.40530395507813,2.3111134,18.566292,0.0726079699606242,,,,,,,,,,,,False,False
1975010646296514048,,,NGC7209,331.5534362792969,46.43592834472656,1.998869,17.508879999999998,0.0761061194664642,,,,,,,,,,,,False,False
1975010891118060928,,,NGC7209,331.52734375,46.45301055908203,0.89520264,14.113398000000002,0.0471946592339436,,,,,,,,,,,,False,False
1975011612672734848,,,NGC7209,331.68017578125,46.4629898071289,0.26131344,11.264034,0.0471890803837789,178.70924,106.78256,0.597521202597023,,,,,,,,,True,True
1975011715751951104,,,NGC7209,331.7126159667969,46.47358703613281,1.68997,16.886646,0.0674552530407781,,,,,,,,,,,,False,False
1975012299867489920,,,NGC7209,331.6262512207031,46.48600387573242,0.8788004,13.863128,0.1055218558905205,,,,,,,,,,,,False,False
1975012574745391232,,,NGC7209,331.6174011230469,46.50725555419922,0.65615463,12.508225,0.4085284377231069,,,,,,,,,,,,False,False
1975012609105138816,,,NGC7209,331.6435546875,46.48149108886719,1.9693623,18.38129,0.058875779131959,,,,,,,,,,,,False,False
1975012609105140736,,,NGC7209,331.6510925292969,46.47969818115234,0.7497815999999999,12.569089,0.5366883833338674,,,,,,,,,,,,False,False
1975013708616965120,,,NGC7209,331.87213134765625,46.44130325317383,1.2572575,16.255684,0.0347585332341948,,,,,,,,,,,,False,False
1975014361451815040,,,NGC7209,331.78375244140625,46.46607971191406,0.71262074,13.128759,0.2872205567750677,,,,,,,,,,,,False,False
1975015147422697856,,,NGC7209,331.8241577148437,46.52876281738281,1.9163284,17.432752999999998,0.0720828735203715,,,,,,,,,,,,False,False
1975017591267210752,,,NGC7209,331.75848388671875,46.50230407714844,1.0291014,14.545509,0.0660271064473407,,,,,,,,,,,,False,False
1975019137458602752,,,NGC7209,331.72802734375,46.6037483215332,1.4663334,16.258825,0.0620745705632582,,,,,,,,,,,,False,False
1975019304951457920,,,NGC7209,331.79656982421875,46.61217498779297,2.211914,17.901851999999998,0.0803875500675908,,,,,,,,,,,,False,False
1975019442390482048,,,NGC7209,331.8206481933594,46.62670516967773,1.8464718,17.308273,0.0698576394153849,,,,,,,,,,,,False,False
1975020408768952448,,,NGC7209,331.94781494140625,46.65407943725586,2.0412693,17.525568,0.0786409638024098,,,,,,,,,,,,False,False
1975021611356856832,,,NGC7209,331.9388732910156,46.72171401977539,0.6204462,13.038571,0.1160706702154122,,,,,,,,,,,,False,False
1975022435990141952,,,NGC7209,331.4247131347656,46.44231796264648,1.5501766,15.924019,0.089721882133045,,,,,,,,,,,,False,False
1975022435990221952,,,NGC7209,331.4247131347656,46.45256042480469,0.37743855,11.082881,0.1447842592689471,154.05287,78.86581,0.5119398944011883,,,,,,,,,True,True
1975022607788840320,,,NGC7209,331.4895935058594,46.45336532592773,1.0702391000000002,15.021852,0.0383314198006588,,,,,,,,,,,,False,False
1975022642148579968,,,NGC7209,331.5191650390625,46.463134765625,0.9317732,13.91321,0.1533892330357573,,,,,,,,,,,,False,False
1975022740924653696,,,NGC7209,331.52459716796875,46.48887252807617,1.6162376,16.733734,0.0645452512263464,,,,,,,,,,,,False,False
1975022745227789952,,,NGC7209,331.5276184082031,46.48321914672852,1.1889935,15.531704,0.0436457877275514,,,,,,,,,,,,False,False
1975022745227791232,,,NGC7209,331.5243530273437,46.476524353027344,0.30654144,10.843707,0.0767367922713517,128.39656,77.2046,0.6012980410067061,,,,,,,,,True,True
1975023084521849344,,,NGC7209,331.3992919921875,46.44911575317383,1.9100895,16.578194,0.1014152784147583,,,,,,,,,,,,False,False
1975023088825165184,,,NGC7209,331.4043884277344,46.45475387573242,0.6917143,13.03244,0.2888190683898984,,,,,,,,,,,,False,False
1975023260623850752,,,NGC7209,331.4114990234375,46.47818374633789,0.73228645,13.13652,0.3374777426818227,,,,,,,,,,,,False,False
1975023325040073984,,,NGC7209,331.3676452636719,46.46288299560547,1.9503899,17.432245,0.0745593809442584,,,,,,,,,,,,False,False
1975023531197626752,,,NGC7209,331.39990234375,46.5059585571289,0.4098444,11.344832,0.1846995473278976,265.95004,121.32268,0.45618598139710753,,,,,,,,,True,True
1975023771721933696,,,NGC7209,331.4947814941406,46.52298355102539,2.6712208,18.027475,0.1035945637098046,,,,,,,,,,,,False,False
1975024046597395712,,,NGC7209,331.48406982421875,46.5385856628418,2.4938965,18.393549,0.0846217986138427,,,,,,,,,,,,False,False
1975024497566311168,,,NGC7209,331.5272521972656,46.51910018920898,2.6422482000000005,18.434591,0.0909642038006548,,,,,,,,,,,,False,False
1975024566294068480,,,NGC7209,331.5699462890625,46.53326416015625,1.4762783000000002,16.445852,0.0574478044761271,,,,,,,,,,,,False,False
1975024909891452800,,,NGC7209,331.6502685546875,46.56917572021485,1.2662277,15.767675,0.0493153894819217,,,,,,,,,,,,False,False
1975024909891452928,,,NGC7209,331.64825439453125,46.56796646118164,0.9492054,14.540876,0.024556734084852,,,,,,,,,,,,False,False
1975025150409613952,,,NGC7209,331.65435791015625,46.593017578125,1.2597418,15.831065,0.0459062964116946,,,,,,,,,,,,False,False
1975025494006988160,,,NGC7209,331.560791015625,46.58724212646485,1.1675053,15.490688,0.0407096735444302,,,,,,,,,,,,False,False
1975025562726464640,,,NGC7209,331.5237731933594,46.569786071777344,1.4134064,16.036156,0.0629067046202998,,,,,,,,,,,,False,False
1975025597086200320,,,NGC7209,331.4935913085937,46.56464385986328,1.0142565,14.789152,0.0339563282239898,,,,,,,,,,,,False,False
1975025695862669184,,,NGC7209,331.5566101074219,46.59331893920898,1.7612667000000002,16.938093,0.0725621172573452,,,,,,,,,,,,False,False
1975026348700473216,,,NGC7209,331.3534545898437,46.47828674316406,1.7990723000000002,17.297398,0.0664779143575316,,,,,,,,,,,,False,False
1975026353003558912,,,NGC7209,331.3523254394531,46.48109817504883,0.31298828,10.452884,0.0565678571886523,169.07353,48.649406,0.2877411147682313,,,,,,,,,True,True
1975026387360032640,,,NGC7209,331.37261962890625,46.49292373657226,1.0145826,14.784334,0.0344511650644594,,,,,,,,,,,,False,False
1975026524798983040,,,NGC7209,331.407958984375,46.52043533325195,1.0120001,14.633996,0.046774474728861,,,,,,,,,,,,False,False
1975026524798983168,,,NGC7209,331.4107360839844,46.521705627441406,0.53599834,12.571567,0.2085894500223758,,,,,,,,,,,,False,False
1975026662237928960,,,NGC7209,331.3613586425781,46.52712631225586,1.474514,16.418024,0.0580415145616559,,,,,,,,,,,,False,False
1975026692299693568,,,NGC7209,331.3437805175781,46.52280426025391,1.1730813999999998,15.547381,0.0396793317186243,,,,,,,,,,,,False,False
1975026696597666048,,,NGC7209,331.34161376953125,46.52178573608398,0.2697811,10.863475,0.0534382118559769,,,,,,,,,,,,False,True
1975026971475575680,,,NGC7209,331.42462158203125,46.55208206176758,0.25105286,11.378475,0.0323302503208757,20.655945,116.4809,5.639098090162421,,,,,,,,,True,True
1975027177634001664,,,NGC7209,331.4189758300781,46.56156921386719,0.30964184,10.639033,0.0659441140373691,130.92299,68.5647,0.5237025216121325,,,,,,,,,True,True
1975027246353474816,,,NGC7209,331.3968811035156,46.5650634765625,1.6800346000000002,16.83181,0.0680483666888318,,,,,,,,,,,,False,False
1975027276410571264,,,NGC7209,331.4104919433594,46.58292007446289,0.5736741999999999,12.928529,0.0964311860238231,,,,,,,,,,,,False,True
1975027658670330880,,,NGC7209,331.3507995605469,46.56581497192383,0.8794755999999999,14.128099,0.0298871082182872,,,,,,,,,,,,False,False
1975027830469014656,,,NGC7209,331.3265686035156,46.58572769165039,0.8879738000000001,14.378656,0.0037329469332845,,,,,,,,,,,,False,False
1975027830469015808,,,NGC7209,331.3306884765625,46.58242797851562,1.4537411,16.492937,0.053559380503222,,,,,,,,,,,,False,False
1975028242786029056,,,NGC7209,331.43438720703125,46.62494277954102,0.8930912,14.330360999999998,0.0119019421929808,,,,,,,,,,,,False,False
1975028685162194432,,,NGC7209,331.5301208496094,46.6177749633789,2.3183994,18.669338,0.0713048558419177,,,,,,,,,,,,False,False
1975029411017136256,,,NGC7209,331.55841064453125,46.67290115356445,0.8297386,13.919484,0.0211923366870459,,,,,,,,,,,,False,False
1975029479736610688,,,NGC7209,331.5448913574219,46.67584609985352,0.6806774,13.2248335,0.1086197010961407,,,,,,,,,,,,False,False
1975029651535301248,,,NGC7209,331.4501342773437,46.63401412963867,1.1604404,15.572063,0.0361686918203757,,,,,,,,,,,,False,False
1975029750316419072,,,NGC7209,331.4775695800781,46.66438674926758,2.3243732,17.481170000000002,0.0998557713018329,,,,,,,,,,,,False,False
1975030025188162176,,,NGC7209,331.4506530761719,46.685791015625,0.30417252,11.593245,0.0713206848015937,221.97871,157.66351,0.71026410595863,,,,,,,,,True,True
1975030166931360128,,,NGC7209,331.4862976074219,46.7133903503418,1.4301262,16.353579,0.0544957460008003,,,,,,,,,,,,False,False
1975032194156114304,,,NGC7209,331.640869140625,46.67148971557617,1.506979,16.543177,0.0582468292042105,,,,,,,,,,,,False,False
1975032537753504640,,,NGC7209,331.75439453125,46.70403289794922,1.3633394,10.655317,0.6473275707025217,8.878481,2.819181,0.3175296540027511,,,,,,,,,True,False
1975033499826325760,,,NGC7209,331.87774658203125,46.73297500610352,1.2054834,15.626224,0.0432750448461876,,,,,,,,,,,,False,False
1975033912143181184,,,NGC7209,331.903076171875,46.77649307250977,1.4549971000000002,15.486287,0.1038077163861176,,,,,,,,,,,,False,False
1975035698852487552,,,NGC7209,331.6869812011719,46.72554397583008,0.38497257,10.059268,0.0615510258399069,215.11777,31.781687,0.14774087236028896,,,,,,,,,True,False
1975036798361022336,,,NGC7209,331.6615905761719,46.77496337890625,0.9462061,14.585241,0.0192152548895061,,,,,,,,,,,,False,False
1975039822020489984,,,NGC7209,330.7598876953125,46.20868301391602,0.48970318,12.533887,0.151838228006868,,,,,,,,,,,,False,True
1975040711071474944,,,NGC7209,330.73419189453125,46.25429916381836,2.380148,18.69886,0.0735918641754821,,,,,,,,,,,,False,False
1975040848505318656,,,NGC7209,330.7600402832031,46.27530288696289,1.9308624,17.43404,0.0731030597994549,,,,,,,,,,,,False,False
1975041196408150784,,,NGC7209,330.8067321777344,46.28484344482422,1.0991201000000002,15.157443,0.0392675186137165,,,,,,,,,,,,False,False
1975041574365255936,,,NGC7209,330.7942199707031,46.33724594116211,0.47846222,12.619089,0.1003093339438933,,,,,,,,,,,,False,True
1975041643084734208,,,NGC7209,330.8354797363281,46.352806091308594,1.151453,15.462036,0.0383213050030917,,,,,,,,,,,,False,False
1975041879297868928,,,NGC7209,330.9386291503906,46.31648635864258,2.38303,18.290644,0.0812351296702676,,,,,,,,,,,,False,False
1975042055401612928,,,NGC7209,330.90008544921875,46.31795883178711,1.5452137,16.621534,0.0602774805644509,,,,,,,,,,,,False,False
1975042089761345408,,,NGC7209,330.8804931640625,46.33165740966797,1.1990767,15.493941,0.0474477666910033,,,,,,,,,,,,False,False
1975042154176197632,,,NGC7209,330.92828369140625,46.3401985168457,2.316391,18.12777,0.0812145075563033,,,,,,,,,,,,False,False
1975042776950155776,,,NGC7209,330.9813537597656,46.39307022094727,0.19306087,10.722857,0.0030538157523471,,,,,,,,,,,,False,True
1975043670309457024,,,NGC7209,330.92724609375,46.40774536132813,0.3158779,11.728647,0.0724732700859844,,,,,,,,,,,,False,True
1975044460583266048,,,NGC7209,330.733642578125,46.35754013061523,0.6093559000000001,12.941124,0.1606699389686361,,,,,,,,,,,,False,True
1975044662437194112,,,NGC7209,330.8265686035156,46.37186813354492,1.1965694,15.611919,0.0420454762171757,,,,,,,,,,,,False,False
1975044804180652032,,,NGC7209,330.772705078125,46.36692810058594,0.34872627,11.796503,0.1018344869214498,,,,,,,,,,,,False,True
1975044902959721728,,,NGC7209,330.796630859375,46.38872909545898,2.3838634,18.435076,0.0783859426032784,,,,,,,,,,,,False,False
1975044907259865728,,,NGC7209,330.7981262207031,46.38385391235352,1.0270424,14.911841,0.0304650089263229,,,,,,,,,,,,False,False
1975046724021031296,,,NGC7209,330.9164428710937,46.44226837158203,0.4769105999999999,12.368454,0.1835119938762729,,,,,,,,,,,,False,True
1975047346801269760,,,NGC7209,330.8133850097656,46.46030044555664,0.3138504,10.827881,0.0805019099671212,209.91965,90.32739,0.430295067660412,,,,,,,,,True,True
1975047583019282048,,,NGC7209,330.7840881347656,46.46852111816406,1.386694,16.337633,0.0495195137944241,,,,,,,,,,,,False,False
1975047965276715008,,,NGC7209,330.9159240722656,46.524169921875,0.7681799,13.591816,0.0401456201069482,,,,,,,,,,,,False,False
1975048098410558464,,,NGC7209,330.8813171386719,46.52371597290039,0.35809326,12.203764,0.0583743090086116,,,,,,,,,,,,False,True
1975048308874085888,,,NGC7209,330.8979797363281,46.56036758422852,0.50444984,12.596148,0.1506179303096846,,,,,,,,,,,,False,True
1975048892989708288,,,NGC7209,331.10235595703125,46.43185043334961,0.36727715,12.219923,0.0670575092803051,,,,,,,,,,,,False,True
1975048996069081856,,,NGC7209,331.10662841796875,46.46583557128906,1.4667244,16.4413,0.0564508893830311,,,,,,,,,,,,False,False
1975049374026192640,,,NGC7209,331.10943603515625,46.4986686706543,0.5466509,12.650542,0.1950186641345346,,,,,,,,,,,,False,True
1975049580184458624,,,NGC7209,331.0386047363281,46.45437622070313,1.2632723,15.870393,0.0451985189578798,,,,,,,,,,,,False,False
1975049683265521152,,,NGC7209,331.0478515625,46.49434661865234,0.59234333,12.814111,0.1981745335056791,,,,,,,,,,,,False,False
1975049786342872064,,,NGC7209,330.9853515625,46.47942733764648,1.0187979,14.863389000000002,0.0305249709503852,,,,,,,,,,,,False,False
1975049820696452480,,,NGC7209,330.9960632324219,46.48178863525391,2.2059383,18.580027,0.0675255759897064,,,,,,,,,,,,False,False
1975050233019637248,,,NGC7209,331.1106262207031,46.54284286499024,0.7104988,13.250449,0.1764170881289199,,,,,,,,,,,,False,False
1975050778470150144,,,NGC7209,331.19976806640625,46.53105545043945,0.2555809,10.497245,0.0313706053414147,158.81151,53.68809,0.33806170598088264,,,,,,,,,True,True
1975050782775471104,,,NGC7209,331.21392822265625,46.53543472290039,0.53061295,12.609752,0.1859841459985284,,,,,,,,,,,,False,True
1975050950270088064,,,NGC7209,331.1822814941406,46.54308700561523,1.9034195,17.383357999999998,0.0723262834994153,,,,,,,,,,,,False,False
1975050988933896192,,,NGC7209,331.21051025390625,46.54656600952149,1.7284012,17.071491,0.0660772147594183,,,,,,,,,,,,False,False
1975051023293626240,,,NGC7209,331.1742553710937,46.55371475219727,0.72606945,13.357413,0.1172052498690811,,,,,,,,,,,,False,False
1975051023293628288,,,NGC7209,331.1833801269531,46.55098342895508,0.7550831,13.589664,0.0106087229552359,,,,,,,,,,,,False,False
1975051092007299200,,,NGC7209,331.2271423339844,46.53878402709961,0.22838783,10.545856,0.0194957845907687,104.29447,68.55253,0.6572978413908235,,,,,,,,,True,True
1975051195092325120,,,NGC7209,331.23028564453125,46.55951309204102,0.32131958,10.927654,0.0918157891397399,242.39119,91.93203,0.37927133407777736,,,,,,,,,True,True
1975051366891015552,,,NGC7209,331.2193603515625,46.55812454223633,0.3910637,12.269396,0.0880219307227926,,,,,,,,,,,,False,True
1975051607403684352,,,NGC7209,331.2522888183594,46.59992980957031,2.3883686,18.362268,0.080034303466996,,,,,,,,,,,,False,False
1975051744848126848,,,NGC7209,331.1394348144531,46.5518569946289,0.9549284,14.631365,0.0198895343878831,,,,,,,,,,,,False,False
1975051813569299072,,,NGC7209,331.1809387207031,46.56709289550781,1.5994186,16.744484,0.0625597195090433,,,,,,,,,,,,False,False
1975051847927340288,,,NGC7209,331.16412353515625,46.56936264038086,0.29773617,11.246269,0.0807191361894045,15.62328,25.817736,1.652517013072799,,,,,,,,,True,True
1975051847927340416,,,NGC7209,331.1584777832031,46.56596755981445,0.4960575,12.524253,0.164806126556478,,,,,,,,,,,,False,True
1975051951008250112,,,NGC7209,331.1329345703125,46.56890106201172,1.59552,16.728082999999998,0.0626091385628273,,,,,,,,,,,,False,False
1975052088445501696,,,NGC7209,331.17242431640625,46.59493637084961,0.29312038,11.538488,0.0639506916985048,7.087513,155.61467,21.956174189733407,,,,,,,,,True,True
1975052328958187136,,,NGC7209,331.24267578125,46.606666564941406,1.6865845000000002,17.10118,0.0618393214901943,,,,,,,,,,,,False,False
1975052603836078848,,,NGC7209,331.2171936035156,46.63475036621094,0.29336166,11.104258,0.0770723546054128,54.27698,21.578892,0.3975698721631159,,,,,,,,,True,True
1975052805695766528,,,NGC7209,330.96826171875,46.50774383544922,1.7445164,16.999271,0.0693387098242421,,,,,,,,,,,,False,False
1975052947438791040,,,NGC7209,331.00177001953125,46.52367782592773,2.3573074,18.355791,0.0786101152981093,,,,,,,,,,,,False,False
1975053291036340224,,,NGC7209,331.0444030761719,46.54315567016602,0.24243927,11.117815,0.0348850035418053,,,,,,,,,,,,False,True
1975053458531156224,,,NGC7209,331.0924987792969,46.578895568847656,2.3070621,17.749874,0.0901532487224259,,,,,,,,,,,,False,False
1975053497194764160,,,NGC7209,331.0566711425781,46.56925582885742,1.2965698,15.897394,0.0497948825097984,,,,,,,,,,,,False,False
1975053802128654720,,,NGC7209,331.0640869140625,46.60223388671875,1.8413944,17.274051999999998,0.07029480029644,,,,,,,,,,,,False,False
1975053905207618048,,,NGC7209,330.93084716796875,46.5528793334961,2.0580597,17.515342999999998,0.0800770936251125,,,,,,,,,,,,False,False
1975054081310298752,,,NGC7209,330.97979736328125,46.59017562866211,1.2871857,15.968153,0.045978759824396,,,,,,,,,,,,False,False
1975054180087969536,,,NGC7209,330.9126281738281,46.564903259277344,2.1653538,18.52859,0.0663751219330563,,,,,,,,,,,,False,False
1975054218742851712,,,NGC7209,330.9275207519531,46.58151245117188,2.736412,18.840405,0.0864716927725592,,,,,,,,,,,,False,False
1975054596706374016,,,NGC7209,331.0279541015625,46.61421203613281,1.1005916999999998,15.2918415,0.033201149292064,,,,,,,,,,,,False,False
1975055004717963136,,,NGC7209,331.10113525390625,46.6005744934082,0.52305794,12.680165,0.144028393629866,,,,,,,,,,,,False,True
1975055112096574976,,,NGC7209,331.1455078125,46.614051818847656,1.7462654,17.067162,0.0677107886732284,,,,,,,,,,,,False,False
1975055627498668288,,,NGC7209,331.21075439453125,46.65861511230469,1.1625347,15.622735999999998,0.0349085558008103,,,,,,,,,,,,False,False
1975055898075059072,,,NGC7209,331.17889404296875,46.6825065612793,2.2387028,17.953564,0.0807650330690795,,,,,,,,,,,,False,False
1975055966794543872,,,NGC7209,331.17681884765625,46.68949508666992,2.3105068,18.659973,0.0710949367458557,,,,,,,,,,,,False,False
1975056005455783424,,,NGC7209,331.1967468261719,46.70288467407226,0.85883427,13.723537,0.1468637247950771,,,,,,,,,,,,False,False
1975056658285163648,,,NGC7209,331.13360595703125,46.70453643798828,2.1922646,18.172615,0.0735923792865131,,,,,,,,,,,,False,False
1975057070607663744,,,NGC7209,331.14532470703125,46.736122131347656,1.6344357,16.656727,0.0686966709068409,,,,,,,,,,,,False,False
1975230381127627520,,,NGC7209,329.9578552246094,46.98388671875,0.40903854,11.767827,0.1693152293622793,190.67093,187.66273,0.9842230800468641,,,,,,,,,True,True
1975419325327538432,,,NGC7209,332.22314453125,47.08702087402344,1.2855959,15.7866125,0.0520241658155771,,,,,,,,,,,,False,False
1975419875083534464,,,NGC7209,332.3001708984375,47.13756942749024,1.0242481,14.998793,0.0246626658201985,,,,,,,,,,,,False,False
1975420115601737344,,,NGC7209,332.3915405273437,47.09879684448242,1.1628246000000002,15.931889000000002,0.027195672629714,,,,,,,,,,,,False,False
1975427674744750976,,,NGC7209,332.5772399902344,47.02052307128906,0.49957561,12.474312,0.1864917902985663,,,,,,,,,,,,False,True
1975251340567716608,,,NGC7209,330.6226806640625,46.65814208984375,1.5884018,16.796057,0.0601359887826495,,,,,,,,,,,,False,False
1975253092904021504,,,NGC7209,330.69873046875,46.73572540283203,2.1634674,18.686176,0.0641482389947362,,,,,,,,,,,,False,False
1975253608310603776,,,NGC7209,330.7456970214844,46.77401733398438,1.6944313000000002,16.887506,0.067847725241952,,,,,,,,,,,,False,False
1975254054987186176,,,NGC7209,330.6197204589844,46.75822830200195,1.1128616000000002,15.121479,0.0453269461953846,,,,,,,,,,,,False,False
1975254737878465152,,,NGC7209,330.7273864746094,46.82900619506836,2.194971,17.987734,0.0774707982192074,,,,,,,,,,,,False,False
1975255532455766144,,,NGC7209,330.46392822265625,46.73800277709961,0.77526665,13.724365,-0.0060609104295195,,,,,,,,,,,,False,False
1975256082211724032,,,NGC7209,330.5250549316406,46.79375839233398,1.2093124,15.484459,0.0501259937538255,,,,,,,,,,,,False,False
1975256769406341120,,,NGC7209,330.4886779785156,46.78955841064453,1.0763426,15.112214000000002,0.0350626606583583,,,,,,,,,,,,False,False
1975258143796018816,,,NGC7209,330.64080810546875,46.86929702758789,1.3907813999999998,16.159245000000002,0.0552146613567236,,,,,,,,,,,,False,False
1975258384314186880,,,NGC7209,330.5680236816406,46.83640670776367,0.8740263,14.015649,0.0487009006283156,,,,,,,,,,,,False,False
1975259312016954240,,,NGC7209,330.64569091796875,46.93106079101562,2.51412,18.63674,0.0806772199246947,,,,,,,,,,,,False,False
1975259518185940992,,,NGC7209,330.7688903808594,46.79535675048828,0.3119545,10.421763,0.0543097764902537,132.84375,46.230003,0.34800284544812987,,,,,,,,,True,True
1975259655624729344,,,NGC7209,330.8193664550781,46.81716537475586,1.5463276,16.618559,0.0604781991597832,,,,,,,,,,,,False,False
1975260269796384128,,,NGC7209,330.83740234375,46.84908676147461,1.8920441000000003,16.649445,0.0960638257951887,,,,,,,,,,,,False,False
1975260823855805696,,,NGC7209,330.73956298828125,46.86402130126953,1.0580139,14.995409,0.0359662635084122,,,,,,,,,,,,False,False
1975262885440282496,,,NGC7209,330.90850830078125,46.95310974121094,0.88555527,13.912582,0.094467697677916,,,,,,,,,,,,False,False
1975264775215371776,,,NGC7209,330.7880249023437,46.97827529907226,2.4267693,18.194366,0.0856452483290046,,,,,,,,,,,,False,False
1975271269216209792,,,NGC7209,330.5792236328125,46.95890045166016,2.4889355,18.42526,0.0837022735611965,,,,,,,,,,,,False,False
1975274052354713216,,,NGC7209,330.3016357421875,46.96450424194336,1.9982834,17.466972,0.0771217396850188,,,,,,,,,,,,False,False
1975461789667145856,,,NGC7209,331.84991455078125,46.98522186279297,1.5496674,16.692814000000002,0.0588593444413595,,,,,,,,,,,,False,False
1975461828318530176,,,NGC7209,331.8194580078125,46.98066711425781,2.0662956,18.873146,0.0578237480168923,,,,,,,,,,,,False,False
1975276457526173696,,,NGC7209,330.4532470703125,47.10835647583008,2.142847,18.603918,0.064291461549306,,,,,,,,,,,,False,False
1975464577105203328,,,NGC7209,332.0206604003906,47.14203643798828,1.5478973,16.667992,0.0593183342544852,,,,,,,,,,,,False,False
1975277419609370368,,,NGC7209,330.6595764160156,47.02518844604492,1.2222509,15.770396,0.0413666959056438,,,,,,,,,,,,False,False
1975277861983693824,,,NGC7209,330.70465087890625,47.04564666748047,1.9133835,17.93892,0.0620343666636858,,,,,,,,,,,,False,False
1975277999422676864,,,NGC7209,330.7482604980469,47.07472229003906,2.178547,17.756298,0.0818634626977741,,,,,,,,,,,,False,False
1975467321584747648,,,NGC7209,331.73583984375,47.14100646972656,1.1353836000000002,15.558229,0.0314536734962288,,,,,,,,,,,,False,False
1975470693132251904,,,NGC7209,332.13189697265625,47.20464706420898,2.1549683,18.08412,0.0732473500135521,,,,,,,,,,,,False,False
1975283535642913792,,,NGC7209,330.6524658203125,47.23423767089844,1.4096355,16.512660999999998,0.0480597022162517,,,,,,,,,,,,False,False
1975472101888135552,,,NGC7209,332.0986022949219,47.276405334472656,0.46580887,12.432121,0.150216081140695,,,,,,,,,,,,False,True
1975473063960833024,,,NGC7209,332.24725341796875,47.30614471435547,1.8734264,17.488506,0.0677591834443942,,,,,,,,,,,,False,False
1975285769026062208,,,NGC7209,330.77398681640625,47.34069442749024,1.3601456,16.11975,0.0521638092278849,,,,,,,,,,,,False,False
1975286142679812352,,,NGC7209,331.0544128417969,47.01643371582031,1.6568831999999998,16.886251,0.0643783905330112,,,,,,,,,,,,False,False
1975485261667337216,,,NGC7209,331.6409912109375,47.37078094482422,1.3682021999999998,16.133915,0.0528612006177541,,,,,,,,,,,,False,False
1975297898014826368,,,NGC7209,331.5413513183594,47.38720321655274,1.2351084,12.784119,1.3407648910555228,,,,,,,,,,,,False,False
1975485811423525376,,,NGC7209,331.71044921875,47.42261123657226,1.5362167,16.619682,0.0593652659490286,,,,,,,,,,,,False,False
1975299272404101376,,,NGC7209,331.2954406738281,47.32250595092773,0.7913437,13.806428,-0.0032378228829457,,,,,,,,,,,,False,False
1975303120694998400,,,NGC7209,331.47589111328125,47.51641464233398,1.4810753,17.137125,0.0440571655512983,,,,,,,,,,,,False,False
1975306861599961216,,,NGC7209,331.0548095703125,47.350341796875,1.8636208,18.454008,0.0528955468663795,,,,,,,,,,,,False,False
1975313462979624576,,,NGC7209,331.18487548828125,47.44676208496094,2.2211952,18.416334,0.070780786056746,,,,,,,,,,,,False,False
1975323702179035520,,,NGC7209,330.40386962890625,47.14228820800781,0.8634348,14.050870000000002,0.0295124658508093,,,,,,,,,,,,False,False
1975323736538775680,,,NGC7209,330.42578125,47.148704528808594,1.2899323,16.261589999999998,0.0389211536327739,,,,,,,,,,,,False,False
1975329092360430464,,,NGC7209,330.2831115722656,47.27435684204102,1.6219386999999998,17.546902,0.0492244561947526,,,,,,,,,,,,False,False
1975347650916831232,,,NGC7209,330.4380798339844,47.42593383789063,1.3557948999999998,16.051294,0.0537558538958868,,,,,,,,,,,,False,False
1975360050475746816,,,NGC7209,330.9654235839844,47.56735610961914,1.8667145,18.110683,0.0569316914164033,,,,,,,,,,,,False,False
1975392692229422080,,,NGC7209,332.07696533203125,46.67130661010742,1.9975338,17.50422,0.0761283201822379,,,,,,,,,,,,False,False
1975393894820300928,,,NGC7209,332.20263671875,46.71966934204102,2.0664272,17.164146,0.0914914187651364,,,,,,,,,,,,False,False
1975394448876888576,,,NGC7209,332.271240234375,46.76332092285156,1.2035904,15.70155,0.0402256662486201,,,,,,,,,,,,False,False
1975396403081228032,,,NGC7209,332.0768127441406,46.73916625976562,2.1241798,18.113552,0.0709993984631129,,,,,,,,,,,,False,False
1975399701620046848,,,NGC7209,332.1683654785156,46.89146423339844,2.0891533,17.830317,0.0745851635877326,,,,,,,,,,,,False,False
1975401801861049088,,,NGC7209,332.35076904296875,46.90450286865234,0.70053864,11.835142,0.4864729526414553,,,,,,,,,,,,False,False
1975403313689745664,,,NGC7209,332.5453186035156,46.97624588012695,1.8265362,17.200224,0.0709671719711711,,,,,,,,,,,,False,False
1975403588567646336,,,NGC7209,332.4566955566406,46.94873809814453,1.7408943,16.980145999999998,0.0695369836804121,,,,,,,,,,,,False,False
1975405474052562176,,,NGC7209,332.3205261230469,46.95652389526367,1.837923,17.755959,0.0603817578715076,,,,,,,,,,,,False,False
1975407333779105536,,,NGC7209,332.4873962402344,47.02483749389648,1.7193775000000002,17.99309,0.0500621309676677,,,,,,,,,,,,False,False
1975408020973849856,,,NGC7209,332.4104309082031,47.051307678222656,1.0746937,15.194916,0.030557313810733,,,,,,,,,,,,False,False
1975216671591737856,,,NGC7209,329.7253723144531,46.6669921875,1.198225,15.790848,0.0364869258689095,,,,,,,,,,,,False,False
1975218797595280768,,,NGC7209,329.8681335449219,46.74316024780274,2.519432,18.385717,0.086055518449814,,,,,,,,,,,,False,False
1975220726040839424,,,NGC7209,329.7367553710937,46.765174865722656,1.5739365,16.676659,0.0617967486489074,,,,,,,,,,,,False,False
1975415369655750400,,,NGC7209,331.9076232910156,47.01507949829102,1.1140776,15.435788,0.0308877342268213,,,,,,,,,,,,False,False
1975416679627496576,,,NGC7209,331.9982604980469,47.02471542358398,2.0078487000000003,18.196482,0.0633554300780958,,,,,,,,,,,,False,False
1975225605124041088,,,NGC7209,330.0062561035156,46.87845230102539,1.6166458,15.643382999999998,0.1228010641703595,,,,,,,,,,,,False,False
1975228143441947776,,,NGC7209,330.1784973144531,46.99015045166016,2.2421417000000003,17.767515,0.0855767094996479,,,,,,,,,,,,False,False
